address1,address2,deposit_rent,dedicated_area(m^2),"Deposit(10,000won)",rent,year_of_construction,address3,type
부산광역시 강서구 강동동,1**,월세,15,50,7,1978,낙동북로43번길,detatched_multiFamily
부산광역시 강서구 강동동,1**,월세,23.14,500,15,1994,낙동북로43번길,detatched_multiFamily
부산광역시 강서구 강동동,1***,월세,24.13,3000,10,1971,제도로,detatched_multiFamily
부산광역시 강서구 강동동,2**,월세,26.79,1000,20,1996,낙동북로21번길,detatched_multiFamily
부산광역시 강서구 강동동,1**,월세,27,300,33,2014,낙동북로,detatched_multiFamily
부산광역시 강서구 강동동,2***,월세,30,2000,10,1936,상덕로97번가길,detatched_multiFamily
부산광역시 강서구 강동동,1***,전세,32.4,3000,0,1988,제도로1002번가길,detatched_multiFamily
부산광역시 강서구 강동동,6**,월세,32.72,250,20,1987,낙동북로135번길,detatched_multiFamily
부산광역시 강서구 강동동,7**,월세,32.76,1000,10,1990,제도로1041번다길,detatched_multiFamily
부산광역시 강서구 강동동,2*,월세,33,500,20,1995,낙동북로108번길,detatched_multiFamily
부산광역시 강서구 강동동,3***,월세,33,500,25,1997,,detatched_multiFamily
부산광역시 강서구 강동동,1**,월세,37,500,37,2014,낙동북로,detatched_multiFamily
부산광역시 강서구 강동동,2**,월세,42,500,20,1979,낙동북로21번길,detatched_multiFamily
부산광역시 강서구 강동동,1***,전세,42.98,2000,0,1931,제도로1002번가길,detatched_multiFamily
부산광역시 강서구 강동동,2***,월세,51,200,10,2020,제도로,detatched_multiFamily
부산광역시 강서구 강동동,2*,전세,52.28,8000,0,,낙동북로102번길,detatched_multiFamily
부산광역시 강서구 강동동,2***,월세,60,2000,15,1969,강동신덕3길,detatched_multiFamily
부산광역시 강서구 강동동,2*,월세,62.81,800,20,1970,낙동북로125번길,detatched_multiFamily
부산광역시 강서구 강동동,8**,월세,64.8,1000,30,2019,제도로1041번나길,detatched_multiFamily
부산광역시 강서구 강동동,2*,월세,80,200,20,1969,낙동북로102번길,detatched_multiFamily
부산광역시 강서구 강동동,2***,월세,87.69,200,15,1989,제도로,detatched_multiFamily
부산광역시 강서구 강동동,6**,월세,99.33,5000,40,1987,낙동북로135번길,detatched_multiFamily
부산광역시 강서구 강동동,2**,월세,102.81,500,20,1979,낙동북로21번길,detatched_multiFamily
부산광역시 강서구 강동동,3***,월세,188,1000,40,1994,제도로,detatched_multiFamily
부산광역시 강서구 구랑동,1***,월세,18.55,100,30,2020,미음산단로61번길,detatched_multiFamily
부산광역시 강서구 구랑동,1***,월세,18.55,100,30,,미음산단로61번길,detatched_multiFamily
부산광역시 강서구 구랑동,1***,월세,26,200,30,2016,미음산단로61번길,detatched_multiFamily
부산광역시 강서구 녹산동,1***,월세,42.6,500,48,2013,화전산단4로7번길,detatched_multiFamily
부산광역시 강서구 녹산동,1***,월세,50,300,38,2012,화전산단4로,detatched_multiFamily
부산광역시 강서구 녹산동,1***,월세,53,300,38,2013,화전산단4로,detatched_multiFamily
부산광역시 강서구 녹산동,7**,월세,56.19,200,20,,낙동남로,detatched_multiFamily
부산광역시 강서구 녹산동,5**,월세,64.33,2000,40,,낙동남로582번길,detatched_multiFamily
부산광역시 강서구 녹산동,7*,월세,66.12,500,30,2014,낙동남로683번길,detatched_multiFamily
부산광역시 강서구 녹산동,3**,월세,66.81,300,30,1995,낙동남로583번길,detatched_multiFamily
부산광역시 강서구 녹산동,5**,월세,84.59,1500,70,2010,낙동남로582번길,detatched_multiFamily
부산광역시 강서구 대저1동,1***,월세,15,50,16,1991,낙동북로166번길,detatched_multiFamily
부산광역시 강서구 대저1동,2***,월세,15,1000,20,1995,체육공원로6번길,detatched_multiFamily
부산광역시 강서구 대저1동,1***,월세,22,500,45,2018,낙동북로187번길,detatched_multiFamily
부산광역시 강서구 대저1동,1***,월세,25,1000,40,2018,낙동북로187번길,detatched_multiFamily
부산광역시 강서구 대저1동,1***,월세,26.4,10,10,1987,평강로397번길,detatched_multiFamily
부산광역시 강서구 대저1동,1***,월세,27,1900,26,2018,낙동북로166번길,detatched_multiFamily
부산광역시 강서구 대저1동,1***,월세,27,1500,30,2018,낙동북로166번길,detatched_multiFamily
부산광역시 강서구 대저1동,2***,월세,28.98,1000,40,,대저로277번길,detatched_multiFamily
부산광역시 강서구 대저1동,1***,월세,30,1000,20,1993,낙동북로212번길,detatched_multiFamily
부산광역시 강서구 대저1동,1***,월세,34.6,2000,35,2018,낙동북로166번길,detatched_multiFamily
부산광역시 강서구 대저1동,1***,월세,36.29,4000,35,2018,낙동북로187번길,detatched_multiFamily
부산광역시 강서구 대저1동,2***,월세,40,1000,35,,체육공원로26번길,detatched_multiFamily
부산광역시 강서구 대저1동,1***,전세,49.5,3000,0,1994,낙동북로,detatched_multiFamily
부산광역시 강서구 대저1동,5**,전세,51.45,5000,0,1995,대저중앙로309번길,detatched_multiFamily
부산광역시 강서구 대저1동,2***,전세,56.1,3000,0,1995,체육공원로6번길,detatched_multiFamily
부산광역시 강서구 대저1동,2***,월세,59.4,2000,15,1995,체육공원로6번길,detatched_multiFamily
부산광역시 강서구 대저1동,1***,월세,60.16,500,30,1965,낙동북로194번길,detatched_multiFamily
부산광역시 강서구 대저1동,1***,전세,71.48,8000,0,2021,대저중앙로172번길,detatched_multiFamily
부산광역시 강서구 대저1동,1***,전세,71.48,10000,0,2021,대저중앙로172번길,detatched_multiFamily
부산광역시 강서구 대저1동,4**,월세,72,2000,10,2000,,detatched_multiFamily
부산광역시 강서구 대저1동,2***,전세,84,10000,0,1996,체육공원로6번길,detatched_multiFamily
부산광역시 강서구 대저1동,2***,전세,84,10000,0,1996,체육공원로6번길,detatched_multiFamily
부산광역시 강서구 대저1동,3***,월세,88.48,1000,26,2000,경전철로188번길,detatched_multiFamily
부산광역시 강서구 대저1동,8**,월세,104.39,2000,30,1993,대저중앙로215번길,detatched_multiFamily
부산광역시 강서구 대저1동,1***,전세,150,3000,0,1987,대저중앙로172번길,detatched_multiFamily
부산광역시 강서구 대저2동,3***,월세,12.3,0,20,1960,금호순서길89번가길,detatched_multiFamily
부산광역시 강서구 대저2동,2***,월세,16.5,100,16,1979,공항앞길,detatched_multiFamily
부산광역시 강서구 대저2동,2***,월세,23,100,20,1980,공항앞길,detatched_multiFamily
부산광역시 강서구 대저2동,3***,월세,23.1,300,36,2016,공항앞길221번길,detatched_multiFamily
부산광역시 강서구 대저2동,2***,월세,23.1,100,13,1990,공항로811번다길,detatched_multiFamily
부산광역시 강서구 대저2동,2***,월세,25,500,40,2018,공항앞길187번길,detatched_multiFamily
부산광역시 강서구 대저2동,3***,월세,25,1000,35,2017,공항앞길163번길,detatched_multiFamily
부산광역시 강서구 대저2동,3***,월세,26.88,500,40,2016,공항앞길,detatched_multiFamily
부산광역시 강서구 대저2동,3***,월세,28,500,35,2016,공항앞길163번길,detatched_multiFamily
부산광역시 강서구 대저2동,3***,월세,30,0,45,2018,공항앞길163번길,detatched_multiFamily
부산광역시 강서구 대저2동,3***,월세,30,100,40,2019,공항앞길163번길,detatched_multiFamily
부산광역시 강서구 대저2동,3***,월세,30,2500,20,2013,,detatched_multiFamily
부산광역시 강서구 대저2동,2***,월세,32.4,2000,20,1991,공항앞길163번길,detatched_multiFamily
부산광역시 강서구 대저2동,2***,월세,32.85,1000,40,1991,공항앞길163번길,detatched_multiFamily
부산광역시 강서구 대저2동,3***,월세,33,100,40,2016,공항앞길221번길,detatched_multiFamily
부산광역시 강서구 대저2동,3***,월세,33,500,42,2019,공항앞길163번길,detatched_multiFamily
부산광역시 강서구 대저2동,3***,월세,33,100,40,2016,공항앞길221번길,detatched_multiFamily
부산광역시 강서구 대저2동,3***,월세,33,100,40,2016,공항앞길221번길,detatched_multiFamily
부산광역시 강서구 대저2동,4***,월세,33,100,15,1989,맥도강변길,detatched_multiFamily
부산광역시 강서구 대저2동,2***,월세,33.3,1000,20,1988,공항앞길13번길,detatched_multiFamily
부산광역시 강서구 대저2동,1***,월세,39.6,50,20,,대저동서로229번가길,detatched_multiFamily
부산광역시 강서구 대저2동,3***,월세,40,500,35,2013,공항앞길221번길,detatched_multiFamily
부산광역시 강서구 대저2동,2***,월세,42.98,300,20,1965,공항로811번가길,detatched_multiFamily
부산광역시 강서구 대저2동,2***,전세,45,3000,0,2018,공항앞길187번길,detatched_multiFamily
부산광역시 강서구 대저2동,3***,월세,50,2000,60,2016,공항앞길163번길,detatched_multiFamily
부산광역시 강서구 대저2동,2***,월세,52,200,20,1991,공항앞길187번길,detatched_multiFamily
부산광역시 강서구 대저2동,3***,월세,54.72,1000,55,2014,공항앞길221번길,detatched_multiFamily
부산광역시 강서구 대저2동,3***,전세,54.72,7000,0,2014,공항앞길221번길,detatched_multiFamily
부산광역시 강서구 대저2동,6***,월세,59.4,0,30,1996,맥도길83번길,detatched_multiFamily
부산광역시 강서구 대저2동,1***,월세,59.4,1000,40,2008,경전철로39번길,detatched_multiFamily
부산광역시 강서구 대저2동,6***,월세,66,3000,20,1995,공항로265번길,detatched_multiFamily
부산광역시 강서구 대저2동,2***,월세,66,2800,10,1979,공항앞길,detatched_multiFamily
부산광역시 강서구 대저2동,2***,전세,66,5500,0,1998,공항앞길177번길,detatched_multiFamily
부산광역시 강서구 대저2동,2***,월세,69.18,1000,50,1986,,detatched_multiFamily
부산광역시 강서구 대저2동,3***,월세,70,100,40,2019,공항앞길163번길,detatched_multiFamily
부산광역시 강서구 대저2동,3***,월세,70,100,40,2013,공항앞길221번길,detatched_multiFamily
부산광역시 강서구 대저2동,5***,월세,72.6,2500,30,1995,공항로393번가길,detatched_multiFamily
부산광역시 강서구 대저2동,3***,월세,76,1000,70,,금호순서길7번길,detatched_multiFamily
부산광역시 강서구 대저2동,2***,월세,79.2,6500,10,2001,공항로767번나길,detatched_multiFamily
부산광역시 강서구 대저2동,1***,월세,82.5,5000,25,,공항로811번길,detatched_multiFamily
부산광역시 강서구 대저2동,5**,월세,118.89,2000,30,1989,입소정관길,detatched_multiFamily
부산광역시 강서구 대저2동,2***,월세,119.34,3000,55,2000,공항앞길85번길,detatched_multiFamily
부산광역시 강서구 대저2동,2***,월세,147.27,11000,20,2018,공항앞길187번길,detatched_multiFamily
부산광역시 강서구 대저2동,3***,월세,198.25,300,38,2016,공항앞길221번길,detatched_multiFamily
부산광역시 강서구 대항동,3**,전세,101.34,4000,0,2022,가덕해안로,detatched_multiFamily
부산광역시 강서구 동선동,3**,월세,33,3500,15,2011,동선길,detatched_multiFamily
부산광역시 강서구 동선동,1***,월세,43.41,500,25,2014,동선1길,detatched_multiFamily
부산광역시 강서구 동선동,1***,월세,47.8,500,25,2014,동선1길,detatched_multiFamily
부산광역시 강서구 동선동,1***,월세,66,500,30,2014,동선1길,detatched_multiFamily
부산광역시 강서구 동선동,4**,월세,67.32,5000,30,2016,동선새바지길,detatched_multiFamily
부산광역시 강서구 동선동,1***,월세,73.2,1000,50,2012,동선1길,detatched_multiFamily
부산광역시 강서구 동선동,1***,전세,77.82,8000,0,2016,동선1길,detatched_multiFamily
부산광역시 강서구 동선동,2**,월세,79.2,500,30,,동선새바지길,detatched_multiFamily
부산광역시 강서구 동선동,1**,전세,79.26,6000,0,2021,동선새바지길,detatched_multiFamily
부산광역시 강서구 동선동,3**,월세,92.94,500,30,2014,동선길,detatched_multiFamily
부산광역시 강서구 동선동,1***,월세,151.57,1000,45,2014,동선1길,detatched_multiFamily
부산광역시 강서구 명지동,3***,월세,15,2000,10,1991,명지새동네길19번길,detatched_multiFamily
부산광역시 강서구 명지동,3***,월세,16.23,200,32,2013,명지오션시티8로22번길,detatched_multiFamily
부산광역시 강서구 명지동,3***,월세,16.5,500,25,2012,명지오션시티8로34번길,detatched_multiFamily
부산광역시 강서구 명지동,3***,월세,17.25,500,38,2017,명지국제12로11번길,detatched_multiFamily
부산광역시 강서구 명지동,3***,월세,18.05,300,45,2017,명지국제5로148번길,detatched_multiFamily
부산광역시 강서구 명지동,3***,전세,18.35,6000,0,2017,명지오션시티8로42번길,detatched_multiFamily
부산광역시 강서구 명지동,3***,월세,18.52,200,30,2012,명지오션시티7로,detatched_multiFamily
부산광역시 강서구 명지동,3***,월세,18.55,200,33,2012,명지오션시티8로30번길,detatched_multiFamily
부산광역시 강서구 명지동,3***,월세,20,1000,30,2017,명지국제12로11번길,detatched_multiFamily
부산광역시 강서구 명지동,3***,월세,20.55,500,38,2019,명지오션시티8로,detatched_multiFamily
부산광역시 강서구 명지동,3***,월세,21,2000,25,2013,,detatched_multiFamily
부산광역시 강서구 명지동,3***,월세,21,300,35,2009,명지오션시티8로42번길,detatched_multiFamily
부산광역시 강서구 명지동,3***,월세,21,1000,30,2013,명지오션시티8로34번길,detatched_multiFamily
부산광역시 강서구 명지동,3***,월세,22.4,500,50,2018,명지국제12로,detatched_multiFamily
부산광역시 강서구 명지동,3***,월세,22.5,300,45,2018,명지국제12로11번길,detatched_multiFamily
부산광역시 강서구 명지동,3***,월세,22.5,200,32,2014,명지오션시티8로,detatched_multiFamily
부산광역시 강서구 명지동,3***,월세,22.97,500,45,2019,명지국제6로232번길,detatched_multiFamily
부산광역시 강서구 명지동,3***,월세,23,500,40,,명지국제12로19번길,detatched_multiFamily
부산광역시 강서구 명지동,3***,월세,23,500,45,2018,명지국제13로가길,detatched_multiFamily
부산광역시 강서구 명지동,3***,전세,23,4000,0,2012,명지오션시티8로34번길,detatched_multiFamily
부산광역시 강서구 명지동,3***,월세,23.06,500,42,2022,명지국제12로,detatched_multiFamily
부산광역시 강서구 명지동,3***,월세,23.1,300,37,2014,명지오션시티8로42번길,detatched_multiFamily
부산광역시 강서구 명지동,3***,월세,23.14,500,40,,명지국제12로19번길,detatched_multiFamily
부산광역시 강서구 명지동,3***,월세,23.46,500,47,2021,명지국제13로가길,detatched_multiFamily
부산광역시 강서구 명지동,3***,전세,23.5,500,0,2018,명지국제12로11번길,detatched_multiFamily
부산광역시 강서구 명지동,3***,전세,23.52,9000,0,2021,명지국제4로208번길,detatched_multiFamily
부산광역시 강서구 명지동,3***,월세,24,300,35,2019,명지국제6로242번길,detatched_multiFamily
부산광역시 강서구 명지동,3***,전세,24,8000,0,2017,명지국제12로,detatched_multiFamily
부산광역시 강서구 명지동,3***,전세,24,5000,0,2012,명지오션시티8로22번길,detatched_multiFamily
부산광역시 강서구 명지동,3***,월세,24.2,200,30,2013,명지오션시티8로22번길,detatched_multiFamily
부산광역시 강서구 명지동,3***,월세,24.2,200,30,2013,명지오션시티8로30번길,detatched_multiFamily
부산광역시 강서구 명지동,3***,월세,24.26,100,37,2012,명지오션시티8로16번길,detatched_multiFamily
부산광역시 강서구 명지동,3***,월세,24.9,300,37,2012,명지오션시티8로42번길,detatched_multiFamily
부산광역시 강서구 명지동,3***,월세,25,2000,37,2012,명지오션시티8로,detatched_multiFamily
부산광역시 강서구 명지동,3***,월세,25,2000,21,2017,,detatched_multiFamily
부산광역시 강서구 명지동,3***,월세,25,300,31,2014,명지오션시티8로34번길,detatched_multiFamily
부산광역시 강서구 명지동,3***,월세,25,1500,29,2017,명지국제5로148번길,detatched_multiFamily
부산광역시 강서구 명지동,3***,월세,25.15,8000,10,2019,명지국제13로가길,detatched_multiFamily
부산광역시 강서구 명지동,3***,월세,25.15,500,48,2019,명지국제13로가길,detatched_multiFamily
부산광역시 강서구 명지동,3***,전세,25.15,8000,0,2019,명지국제13로가길,detatched_multiFamily
부산광역시 강서구 명지동,3***,월세,25.2,500,50,2021,명지국제4로가길,detatched_multiFamily
부산광역시 강서구 명지동,3***,월세,25.4,100,35,2015,명지새동네길20번길,detatched_multiFamily
부산광역시 강서구 명지동,3***,월세,25.55,400,50,2021,명지국제4로208번길,detatched_multiFamily
부산광역시 강서구 명지동,3***,전세,25.63,9000,0,2021,,detatched_multiFamily
부산광역시 강서구 명지동,3***,월세,26,500,40,2018,명지국제12로19번길,detatched_multiFamily
부산광역시 강서구 명지동,3***,월세,26,500,45,2017,명지국제12로29번길,detatched_multiFamily
부산광역시 강서구 명지동,3***,월세,26.02,500,45,2017,명지국제12로11번길,detatched_multiFamily
부산광역시 강서구 명지동,3***,전세,26.29,6500,0,2017,,detatched_multiFamily
부산광역시 강서구 명지동,3***,월세,26.4,500,40,2022,명지국제12로29번길,detatched_multiFamily
부산광역시 강서구 명지동,3***,월세,26.4,300,35,2007,명지오션시티10로,detatched_multiFamily
부산광역시 강서구 명지동,3***,월세,26.4,300,35,2007,명지오션시티10로,detatched_multiFamily
부산광역시 강서구 명지동,3***,전세,26.4,10000,0,2017,명지국제5로148번길,detatched_multiFamily
부산광역시 강서구 명지동,3***,월세,26.42,300,31,2012,명지오션시티7로,detatched_multiFamily
부산광역시 강서구 명지동,3***,월세,26.5,300,35,2017,명지오션시티8로,detatched_multiFamily
부산광역시 강서구 명지동,3***,전세,26.5,7000,0,2018,명지국제4로208번길,detatched_multiFamily
부산광역시 강서구 명지동,3***,월세,26.6,500,47,2021,명지국제13로가길,detatched_multiFamily
부산광역시 강서구 명지동,3***,월세,26.66,500,40,2020,명지국제5로148번길,detatched_multiFamily
부산광역시 강서구 명지동,3***,월세,26.74,500,50,2021,명지국제12로11번길,detatched_multiFamily
부산광역시 강서구 명지동,3***,월세,26.89,500,48,2020,명지국제6로220번길,detatched_multiFamily
부산광역시 강서구 명지동,3***,월세,27,500,40,,명지국제12로,detatched_multiFamily
부산광역시 강서구 명지동,3***,월세,27,300,27,2003,명지새동네길7번길,detatched_multiFamily
부산광역시 강서구 명지동,3***,월세,27,500,36,2012,명지오션시티8로42번길,detatched_multiFamily
부산광역시 강서구 명지동,3***,월세,27,500,50,,명지국제12로,detatched_multiFamily
부산광역시 강서구 명지동,3***,월세,27,500,50,2022,명지국제12로,detatched_multiFamily
부산광역시 강서구 명지동,3***,월세,27.28,1000,40,2018,명지국제13로가길,detatched_multiFamily
부산광역시 강서구 명지동,3***,월세,28.06,500,45,2021,명지국제12로19번길,detatched_multiFamily
부산광역시 강서구 명지동,3***,월세,28.06,500,45,2021,명지국제12로19번길,detatched_multiFamily
부산광역시 강서구 명지동,3***,월세,28.06,500,45,2021,명지국제12로19번길,detatched_multiFamily
부산광역시 강서구 명지동,3***,월세,28.23,500,45,,명지국제5로148번길,detatched_multiFamily
부산광역시 강서구 명지동,3***,월세,28.23,500,48,,명지국제5로148번길,detatched_multiFamily
부산광역시 강서구 명지동,3***,월세,28.27,500,45,2018,명지국제5로,detatched_multiFamily
부산광역시 강서구 명지동,3***,월세,28.3,1000,50,2018,명지국제13로38번길,detatched_multiFamily
부산광역시 강서구 명지동,3***,월세,28.3,1000,45,2018,,detatched_multiFamily
부산광역시 강서구 명지동,3***,월세,28.4,100,30,2014,명지오션시티8로22번길,detatched_multiFamily
부산광역시 강서구 명지동,3***,월세,28.5,500,50,2021,명지국제6로1번길,detatched_multiFamily
부산광역시 강서구 명지동,3***,월세,28.5,300,46,2018,명지국제12로11번길,detatched_multiFamily
부산광역시 강서구 명지동,3***,월세,28.5,300,45,2017,명지국제12로19번길,detatched_multiFamily
부산광역시 강서구 명지동,3***,월세,28.5,2000,40,,명지국제5로148번길,detatched_multiFamily
부산광역시 강서구 명지동,3***,월세,28.5,500,45,2018,명지국제12로11번길,detatched_multiFamily
부산광역시 강서구 명지동,3***,월세,28.5,300,46,2018,명지국제12로11번길,detatched_multiFamily
부산광역시 강서구 명지동,3***,월세,28.5,500,45,2018,명지국제6로220번길,detatched_multiFamily
부산광역시 강서구 명지동,3***,월세,28.5,1000,40,2018,명지국제6로242번길,detatched_multiFamily
부산광역시 강서구 명지동,3***,월세,28.5,400,45,2017,명지국제6로318번길,detatched_multiFamily
부산광역시 강서구 명지동,3***,월세,28.5,500,45,2018,명지국제6로318번길,detatched_multiFamily
부산광역시 강서구 명지동,3***,월세,28.5,500,50,2021,명지국제12로11번길,detatched_multiFamily
부산광역시 강서구 명지동,3***,월세,28.5,500,45,,명지국제6로318번길,detatched_multiFamily
부산광역시 강서구 명지동,3***,월세,28.5,500,45,2018,명지국제6로220번길,detatched_multiFamily
부산광역시 강서구 명지동,3***,월세,28.5,500,42,2017,명지국제12로,detatched_multiFamily
부산광역시 강서구 명지동,3***,월세,28.5,500,50,2022,명지국제6로242번길,detatched_multiFamily
부산광역시 강서구 명지동,3***,월세,28.5,300,45,2018,명지국제12로,detatched_multiFamily
부산광역시 강서구 명지동,3***,월세,28.5,500,50,2022,명지국제12로,detatched_multiFamily
부산광역시 강서구 명지동,3***,월세,28.5,500,48,2018,명지국제12로,detatched_multiFamily
부산광역시 강서구 명지동,3***,월세,28.5,500,50,2022,명지국제12로,detatched_multiFamily
부산광역시 강서구 명지동,3***,월세,28.5,500,50,2021,명지국제12로11번길,detatched_multiFamily
부산광역시 강서구 명지동,3***,월세,28.5,300,48,2018,명지국제11로71번길,detatched_multiFamily
부산광역시 강서구 명지동,3***,월세,28.5,300,40,2017,명지국제12로,detatched_multiFamily
부산광역시 강서구 명지동,3***,월세,28.5,400,38,2017,명지국제6로318번길,detatched_multiFamily
부산광역시 강서구 명지동,3***,월세,28.5,500,38,2012,명지오션시티8로42번길,detatched_multiFamily
부산광역시 강서구 명지동,3***,월세,28.51,300,43,2018,명지국제12로,detatched_multiFamily
부산광역시 강서구 명지동,3***,월세,28.74,500,40,2019,명지국제12로,detatched_multiFamily
부산광역시 강서구 명지동,3***,전세,28.76,8500,0,2017,명지국제12로,detatched_multiFamily
부산광역시 강서구 명지동,3***,전세,28.76,8500,0,2017,,detatched_multiFamily
부산광역시 강서구 명지동,3***,월세,28.81,2000,30,2018,명지국제12로11번길,detatched_multiFamily
부산광역시 강서구 명지동,3***,월세,28.81,3000,30,,명지국제12로11번길,detatched_multiFamily
부산광역시 강서구 명지동,3***,월세,28.81,3000,30,2018,명지국제12로11번길,detatched_multiFamily
부산광역시 강서구 명지동,3***,월세,28.95,500,40,2018,명지국제5로148번길,detatched_multiFamily
부산광역시 강서구 명지동,3***,월세,29,500,48,2018,명지국제6로232번길,detatched_multiFamily
부산광역시 강서구 명지동,3***,월세,29,500,48,2018,,detatched_multiFamily
부산광역시 강서구 명지동,3***,전세,29,8000,0,2017,명지국제6로242번길,detatched_multiFamily
부산광역시 강서구 명지동,3***,월세,29.21,100,45,2018,명지국제12로,detatched_multiFamily
부산광역시 강서구 명지동,3***,월세,29.28,500,48,2020,명지국제11로71번길,detatched_multiFamily
부산광역시 강서구 명지동,3***,월세,29.41,6000,10,,명지국제6로232번길,detatched_multiFamily
부산광역시 강서구 명지동,3***,월세,29.5,500,53,2019,명지국제6로242번길,detatched_multiFamily
부산광역시 강서구 명지동,3***,월세,29.5,300,48,2018,명지국제5로148번길,detatched_multiFamily
부산광역시 강서구 명지동,3***,월세,29.5,300,50,2017,명지국제12로11번길,detatched_multiFamily
부산광역시 강서구 명지동,3***,월세,29.5,500,43,2018,명지국제13로38번길,detatched_multiFamily
부산광역시 강서구 명지동,3***,월세,29.5,3000,33,2017,명지국제12로11번길,detatched_multiFamily
부산광역시 강서구 명지동,3***,월세,29.5,3000,33,,명지국제12로11번길,detatched_multiFamily
부산광역시 강서구 명지동,3***,월세,29.53,3000,20,2018,명지국제6로318번길,detatched_multiFamily
부산광역시 강서구 명지동,3***,월세,29.54,1000,54,2019,,detatched_multiFamily
부산광역시 강서구 명지동,3***,월세,29.58,300,45,2018,명지국제12로19번길,detatched_multiFamily
부산광역시 강서구 명지동,3***,월세,29.63,500,50,2022,명지국제4로208번길,detatched_multiFamily
부산광역시 강서구 명지동,3***,월세,29.63,1000,50,2022,명지국제4로208번길,detatched_multiFamily
부산광역시 강서구 명지동,3***,월세,29.63,500,50,2022,명지국제4로208번길,detatched_multiFamily
부산광역시 강서구 명지동,3***,월세,29.7,500,45,2017,명지국제12로11번길,detatched_multiFamily
부산광역시 강서구 명지동,3***,월세,29.7,500,43,2017,명지국제5로136번길,detatched_multiFamily
부산광역시 강서구 명지동,3***,월세,29.75,500,45,2018,명지국제12로19번길,detatched_multiFamily
부산광역시 강서구 명지동,3***,월세,29.75,500,45,2017,명지국제6로318번길,detatched_multiFamily
부산광역시 강서구 명지동,3***,월세,29.81,500,45,2020,명지국제11로71번길,detatched_multiFamily
부산광역시 강서구 명지동,3***,월세,29.82,3000,45,2019,명지국제6로232번길,detatched_multiFamily
부산광역시 강서구 명지동,3***,전세,29.83,8000,0,,명지국제6로232번길,detatched_multiFamily
부산광역시 강서구 명지동,3***,월세,29.86,500,50,2019,명지국제12로,detatched_multiFamily
부산광역시 강서구 명지동,3***,월세,29.88,500,60,2019,명지국제12로,detatched_multiFamily
부산광역시 강서구 명지동,3***,월세,29.88,500,60,2019,명지국제12로,detatched_multiFamily
부산광역시 강서구 명지동,3***,전세,29.92,9000,0,2018,명지국제6로318번길,detatched_multiFamily
부산광역시 강서구 명지동,3***,월세,29.97,500,48,2019,명지국제4로208번길,detatched_multiFamily
부산광역시 강서구 명지동,3***,월세,30,500,33,2016,명지오션시티8로6번길,detatched_multiFamily
부산광역시 강서구 명지동,3***,월세,30,300,45,2017,명지국제6로220번길,detatched_multiFamily
부산광역시 강서구 명지동,3***,월세,30,3000,35,2021,명지국제6로1번가길,detatched_multiFamily
부산광역시 강서구 명지동,3***,월세,30,500,46,2017,명지국제6로220번길,detatched_multiFamily
부산광역시 강서구 명지동,3***,월세,30,1000,50,2021,명지국제4로208번길,detatched_multiFamily
부산광역시 강서구 명지동,3***,월세,30,300,41,2019,명지국제4로가길,detatched_multiFamily
부산광역시 강서구 명지동,3***,월세,30,500,30,2018,,detatched_multiFamily
부산광역시 강서구 명지동,3***,월세,30,500,50,2022,명지국제12로,detatched_multiFamily
부산광역시 강서구 명지동,3***,월세,30,500,30,2018,명지국제5로,detatched_multiFamily
부산광역시 강서구 명지동,3***,월세,30.21,300,45,2018,명지국제5로136번길,detatched_multiFamily
부산광역시 강서구 명지동,3***,전세,30.29,8000,0,2018,명지국제6로220번길,detatched_multiFamily
부산광역시 강서구 명지동,3***,전세,30.29,9000,0,2018,명지국제6로220번길,detatched_multiFamily
부산광역시 강서구 명지동,3***,월세,30.5,500,48,2019,명지국제12로,detatched_multiFamily
부산광역시 강서구 명지동,3***,월세,30.56,300,37,2018,명지국제4로208번길,detatched_multiFamily
부산광역시 강서구 명지동,3***,월세,30.9,2000,35,2017,명지국제12로11번길,detatched_multiFamily
부산광역시 강서구 명지동,3***,월세,30.93,500,47,2017,명지국제5로136번길,detatched_multiFamily
부산광역시 강서구 명지동,3***,월세,31.12,3500,50,2019,명지국제6로242번길,detatched_multiFamily
부산광역시 강서구 명지동,3***,월세,31.2,200,46,2018,명지국제12로,detatched_multiFamily
부산광역시 강서구 명지동,3***,월세,31.38,500,45,2018,명지국제4로208번길,detatched_multiFamily
부산광역시 강서구 명지동,3***,월세,31.42,8000,15,,명지국제5로148번길,detatched_multiFamily
부산광역시 강서구 명지동,3***,월세,31.5,1000,35,,명지국제12로11번길,detatched_multiFamily
부산광역시 강서구 명지동,3***,월세,31.5,1000,35,,명지국제12로11번길,detatched_multiFamily
부산광역시 강서구 명지동,3***,월세,31.5,300,40,2018,명지국제11로71번길,detatched_multiFamily
부산광역시 강서구 명지동,3***,월세,31.6,500,30,2010,명지오션시티8로,detatched_multiFamily
부산광역시 강서구 명지동,3***,월세,32.09,300,53,2018,명지국제6로1번가길,detatched_multiFamily
부산광역시 강서구 명지동,3***,월세,32.12,500,48,2020,명지국제4로208번길,detatched_multiFamily
부산광역시 강서구 명지동,3***,전세,32.18,8000,0,2017,명지국제12로,detatched_multiFamily
부산광역시 강서구 명지동,3***,월세,32.2,500,50,2021,명지국제4로가길,detatched_multiFamily
부산광역시 강서구 명지동,3***,월세,32.29,500,47,2020,명지국제5로148번길,detatched_multiFamily
부산광역시 강서구 명지동,3***,월세,32.48,1000,50,2021,명지국제6로302번길,detatched_multiFamily
부산광역시 강서구 명지동,3***,월세,32.5,500,28,,명지국제12로,detatched_multiFamily
부산광역시 강서구 명지동,3***,월세,32.5,500,28,2022,명지국제12로,detatched_multiFamily
부산광역시 강서구 명지동,3***,월세,32.5,1000,42,2017,명지국제4로208번길,detatched_multiFamily
부산광역시 강서구 명지동,3***,월세,32.5,500,48,2018,명지국제12로,detatched_multiFamily
부산광역시 강서구 명지동,3***,월세,32.5,500,28,2022,명지국제12로,detatched_multiFamily
부산광역시 강서구 명지동,3***,월세,32.5,300,45,2016,명지국제6로232번길,detatched_multiFamily
부산광역시 강서구 명지동,3***,월세,32.5,300,38,2012,명지오션시티8로6번길,detatched_multiFamily
부산광역시 강서구 명지동,3***,월세,32.5,500,47,2018,명지국제12로19번길,detatched_multiFamily
부산광역시 강서구 명지동,3***,월세,32.5,1000,40,2018,명지국제12로,detatched_multiFamily
부산광역시 강서구 명지동,3***,월세,32.57,500,40,2017,명지국제5로148번길,detatched_multiFamily
부산광역시 강서구 명지동,3***,월세,32.8,300,45,2017,명지국제12로,detatched_multiFamily
부산광역시 강서구 명지동,3***,월세,32.9,500,35,2019,명지국제4로가길,detatched_multiFamily
부산광역시 강서구 명지동,3***,월세,33,1000,65,2022,명지국제12로29번길,detatched_multiFamily
부산광역시 강서구 명지동,3***,월세,33,500,42,2018,명지오션시티8로30번길,detatched_multiFamily
부산광역시 강서구 명지동,3***,월세,33,500,41,2017,명지국제12로,detatched_multiFamily
부산광역시 강서구 명지동,3***,월세,33,2000,35,2018,명지국제12로11번길,detatched_multiFamily
부산광역시 강서구 명지동,3***,월세,33,500,50,2021,명지국제12로11번길,detatched_multiFamily
부산광역시 강서구 명지동,3***,월세,33,500,40,2017,명지국제6로242번길,detatched_multiFamily
부산광역시 강서구 명지동,3***,전세,33.05,4000,0,2014,,detatched_multiFamily
부산광역시 강서구 명지동,3***,월세,33.21,200,46,2018,명지국제12로,detatched_multiFamily
부산광역시 강서구 명지동,3***,월세,33.55,300,46,2018,명지국제12로11번길,detatched_multiFamily
부산광역시 강서구 명지동,3***,월세,33.72,500,45,2018,명지국제12로11번길,detatched_multiFamily
부산광역시 강서구 명지동,3***,월세,34,1000,45,,명지국제5로136번길,detatched_multiFamily
부산광역시 강서구 명지동,3***,월세,34.2,500,45,2017,명지국제6로302번길,detatched_multiFamily
부산광역시 강서구 명지동,3***,전세,34.28,7000,0,,명지국제12로,detatched_multiFamily
부산광역시 강서구 명지동,3***,월세,34.5,2000,37,2016,명지국제6로242번길,detatched_multiFamily
부산광역시 강서구 명지동,3***,전세,34.78,8000,0,2012,명지오션시티8로6번길,detatched_multiFamily
부산광역시 강서구 명지동,3***,월세,34.89,9000,6,,명지국제6로302번길,detatched_multiFamily
부산광역시 강서구 명지동,3***,월세,34.97,500,42,2018,명지국제6로318번길,detatched_multiFamily
부산광역시 강서구 명지동,3***,월세,35,7000,15,2017,명지국제12로47번길,detatched_multiFamily
부산광역시 강서구 명지동,3***,월세,35,300,56,2018,명지국제6로242번길,detatched_multiFamily
부산광역시 강서구 명지동,3***,월세,35,500,50,2018,명지국제13로38번길,detatched_multiFamily
부산광역시 강서구 명지동,3***,월세,35,500,45,2017,명지국제12로,detatched_multiFamily
부산광역시 강서구 명지동,3***,월세,35,500,40,2017,명지국제12로,detatched_multiFamily
부산광역시 강서구 명지동,3***,월세,35,1000,40,2017,,detatched_multiFamily
부산광역시 강서구 명지동,3***,월세,35,200,50,2017,명지국제12로29번길,detatched_multiFamily
부산광역시 강서구 명지동,3***,월세,35,500,48,,명지국제12로,detatched_multiFamily
부산광역시 강서구 명지동,3***,월세,35,500,42,,명지국제12로19번길,detatched_multiFamily
부산광역시 강서구 명지동,3***,월세,35,500,48,,명지국제12로,detatched_multiFamily
부산광역시 강서구 명지동,3***,월세,35,300,39,2017,명지국제6로220번길,detatched_multiFamily
부산광역시 강서구 명지동,3***,월세,35,300,49,2021,명지국제12로,detatched_multiFamily
부산광역시 강서구 명지동,3***,월세,35,1000,40,2017,명지국제12로11번길,detatched_multiFamily
부산광역시 강서구 명지동,3***,월세,35,500,49,2020,명지국제4로208번길,detatched_multiFamily
부산광역시 강서구 명지동,3***,전세,35,9000,0,2017,명지국제12로11번길,detatched_multiFamily
부산광역시 강서구 명지동,3***,전세,35,9000,0,2017,명지국제12로11번길,detatched_multiFamily
부산광역시 강서구 명지동,3***,월세,35.12,1000,42,2017,명지국제4로208번길,detatched_multiFamily
부산광역시 강서구 명지동,3***,월세,35.26,1000,40,2016,명지국제6로318번길,detatched_multiFamily
부산광역시 강서구 명지동,3***,월세,35.32,300,40,2019,명지국제13로가길,detatched_multiFamily
부산광역시 강서구 명지동,3***,월세,35.32,300,40,2019,명지국제13로가길,detatched_multiFamily
부산광역시 강서구 명지동,3***,월세,35.34,200,36,2010,명지오션시티8로30번길,detatched_multiFamily
부산광역시 강서구 명지동,3***,월세,35.37,300,50,2018,,detatched_multiFamily
부산광역시 강서구 명지동,3***,월세,35.39,500,45,2017,명지국제6로318번길,detatched_multiFamily
부산광역시 강서구 명지동,3***,월세,35.5,1000,45,2016,명지오션시티7로,detatched_multiFamily
부산광역시 강서구 명지동,3***,월세,35.5,100,45,2012,명지오션시티8로12번길,detatched_multiFamily
부산광역시 강서구 명지동,3***,월세,35.52,500,43,2021,명지국제13로가길,detatched_multiFamily
부산광역시 강서구 명지동,3***,월세,35.79,1000,45,2019,명지국제6로1번가길,detatched_multiFamily
부산광역시 강서구 명지동,3***,월세,36.12,500,47,2018,명지국제5로148번길,detatched_multiFamily
부산광역시 강서구 명지동,3***,월세,36.18,300,48,,명지국제12로,detatched_multiFamily
부산광역시 강서구 명지동,3***,전세,36.18,8000,0,,명지국제12로,detatched_multiFamily
부산광역시 강서구 명지동,3***,월세,36.3,500,45,2017,명지국제12로11번길,detatched_multiFamily
부산광역시 강서구 명지동,3***,월세,36.67,9500,10,2018,,detatched_multiFamily
부산광역시 강서구 명지동,3***,월세,37,300,40,2011,명지오션시티8로42번길,detatched_multiFamily
부산광역시 강서구 명지동,3***,월세,37.12,500,42,2017,명지국제5로136번길,detatched_multiFamily
부산광역시 강서구 명지동,3***,월세,37.6,300,50,2018,명지국제12로19번길,detatched_multiFamily
부산광역시 강서구 명지동,3***,월세,37.8,1000,38,,명지국제12로19번길,detatched_multiFamily
부산광역시 강서구 명지동,3***,월세,37.86,1000,65,2019,명지국제12로,detatched_multiFamily
부산광역시 강서구 명지동,3***,월세,37.86,1000,50,2019,명지국제12로,detatched_multiFamily
부산광역시 강서구 명지동,3***,월세,37.95,300,53,2018,명지국제6로1번가길,detatched_multiFamily
부산광역시 강서구 명지동,3***,월세,37.99,500,55,2021,명지국제4로가길,detatched_multiFamily
부산광역시 강서구 명지동,3***,월세,38.55,4000,45,2018,명지국제12로,detatched_multiFamily
부산광역시 강서구 명지동,3***,월세,38.7,500,55,2021,명지국제4로가길,detatched_multiFamily
부산광역시 강서구 명지동,3***,월세,39.2,1000,40,2017,명지국제6로220번길,detatched_multiFamily
부산광역시 강서구 명지동,3***,월세,39.5,500,45,2012,명지오션시티8로22번길,detatched_multiFamily
부산광역시 강서구 명지동,3***,월세,39.6,500,50,2018,명지국제12로11번길,detatched_multiFamily
부산광역시 강서구 명지동,3***,월세,39.6,2000,38,2017,명지국제6로242번길,detatched_multiFamily
부산광역시 강서구 명지동,3***,월세,39.6,1000,40,,명지국제5로148번길,detatched_multiFamily
부산광역시 강서구 명지동,3***,전세,39.6,7500,0,2016,명지오션시티7로,detatched_multiFamily
부산광역시 강서구 명지동,3***,전세,39.6,7500,0,2016,,detatched_multiFamily
부산광역시 강서구 명지동,3***,월세,40,500,30,1989,명지새동네길2번길,detatched_multiFamily
부산광역시 강서구 명지동,3***,월세,40,1000,40,2012,명지오션시티8로42번길,detatched_multiFamily
부산광역시 강서구 명지동,3***,전세,40,7500,0,,명지국제12로,detatched_multiFamily
부산광역시 강서구 명지동,3***,월세,40.21,2000,40,2017,명지국제5로136번길,detatched_multiFamily
부산광역시 강서구 명지동,3***,월세,40.42,500,48,2018,,detatched_multiFamily
부산광역시 강서구 명지동,3***,월세,40.42,500,48,2018,명지국제6로232번길,detatched_multiFamily
부산광역시 강서구 명지동,3***,전세,41.57,5000,0,1990,명지새동네길2번길,detatched_multiFamily
부산광역시 강서구 명지동,3***,월세,42.6,500,50,2012,명지오션시티8로30번길,detatched_multiFamily
부산광역시 강서구 명지동,3***,월세,43,3000,28,2014,명지오션시티8로42번길,detatched_multiFamily
부산광역시 강서구 명지동,3***,월세,45,3000,30,2013,명지오션시티8로34번길,detatched_multiFamily
부산광역시 강서구 명지동,3***,월세,45,1000,45,2012,명지오션시티8로42번길,detatched_multiFamily
부산광역시 강서구 명지동,3***,월세,45.2,3000,30,2012,명지오션시티8로42번길,detatched_multiFamily
부산광역시 강서구 명지동,3***,전세,46,6000,0,,명지오션시티8로30번길,detatched_multiFamily
부산광역시 강서구 명지동,3***,전세,47,6500,0,2012,명지오션시티8로42번길,detatched_multiFamily
부산광역시 강서구 명지동,3***,월세,48.55,4000,45,2018,명지국제12로,detatched_multiFamily
부산광역시 강서구 명지동,3***,월세,49,300,37,2012,명지오션시티8로6번길,detatched_multiFamily
부산광역시 강서구 명지동,3***,월세,49,500,48,2019,명지국제4로208번길,detatched_multiFamily
부산광역시 강서구 명지동,3***,월세,49.2,10000,10,2021,명지오션시티7로,detatched_multiFamily
부산광역시 강서구 명지동,3***,월세,49.24,1000,60,2021,명지오션시티7로,detatched_multiFamily
부산광역시 강서구 명지동,3***,월세,49.5,300,40,2018,명지국제12로,detatched_multiFamily
부산광역시 강서구 명지동,3***,월세,49.5,5000,10,2012,명지오션시티7로,detatched_multiFamily
부산광역시 강서구 명지동,3***,월세,49.58,2000,75,2022,명지국제6로1번가길,detatched_multiFamily
부산광역시 강서구 명지동,3***,전세,49.58,2000,0,1992,명지새동네길20번길,detatched_multiFamily
부산광역시 강서구 명지동,3***,전세,49.89,8000,0,2018,명지오션시티8로30번길,detatched_multiFamily
부산광역시 강서구 명지동,3***,월세,50,1000,55,2017,명지국제6로242번길,detatched_multiFamily
부산광역시 강서구 명지동,3***,월세,50,5000,20,2015,,detatched_multiFamily
부산광역시 강서구 명지동,3***,월세,50,1000,60,2021,명지국제13로가길,detatched_multiFamily
부산광역시 강서구 명지동,3***,월세,51.42,1000,55,,명지국제5로148번길,detatched_multiFamily
부산광역시 강서구 명지동,3***,월세,51.6,1000,65,2021,명지국제5로148번길,detatched_multiFamily
부산광역시 강서구 명지동,3***,월세,52,300,55,2011,명지오션시티8로42번길,detatched_multiFamily
부산광역시 강서구 명지동,3***,월세,52,300,40,2010,명지오션시티8로30번길,detatched_multiFamily
부산광역시 강서구 명지동,3***,월세,53.28,2000,20,1992,명지새동네길8번길,detatched_multiFamily
부산광역시 강서구 명지동,3***,월세,55,3000,50,2017,명지국제12로11번길,detatched_multiFamily
부산광역시 강서구 명지동,3***,월세,55,3000,50,2017,명지국제12로11번길,detatched_multiFamily
부산광역시 강서구 명지동,3***,월세,55.1,3000,30,2012,명지오션시티8로42번길,detatched_multiFamily
부산광역시 강서구 명지동,3***,월세,56.47,1000,70,2017,명지국제5로136번길,detatched_multiFamily
부산광역시 강서구 명지동,3***,월세,56.64,500,70,2018,명지국제6로1번가길,detatched_multiFamily
부산광역시 강서구 명지동,3***,전세,57.24,13000,0,2017,,detatched_multiFamily
부산광역시 강서구 명지동,3***,월세,58.5,1000,75,2017,명지국제6로318번길,detatched_multiFamily
부산광역시 강서구 명지동,3***,전세,59.4,18000,0,2022,명지국제13로가길,detatched_multiFamily
부산광역시 강서구 명지동,1***,월세,59.5,2500,30,2015,영강길17번나길,detatched_multiFamily
부산광역시 강서구 명지동,3***,월세,59.84,2000,58,2021,명지국제6로318번길,detatched_multiFamily
부산광역시 강서구 명지동,3***,월세,60,1500,55,2017,명지국제6로232번길,detatched_multiFamily
부산광역시 강서구 명지동,3***,월세,61.05,5000,50,2017,명지국제12로29번길,detatched_multiFamily
부산광역시 강서구 명지동,3***,월세,61.95,2000,70,2021,명지국제12로11번길,detatched_multiFamily
부산광역시 강서구 명지동,3***,월세,62.7,3000,45,,명지국제5로,detatched_multiFamily
부산광역시 강서구 명지동,3***,전세,63,15000,0,2018,명지국제12로11번길,detatched_multiFamily
부산광역시 강서구 명지동,3***,월세,66,500,64,2020,명지국제12로,detatched_multiFamily
부산광역시 강서구 명지동,3***,전세,66.72,18000,0,2019,명지국제6로318번길,detatched_multiFamily
부산광역시 강서구 명지동,3***,전세,66.72,18000,0,2019,명지국제6로318번길,detatched_multiFamily
부산광역시 강서구 명지동,3***,전세,67.1,17000,0,2019,명지국제6로318번길,detatched_multiFamily
부산광역시 강서구 명지동,3***,전세,67.1,17000,0,2019,명지국제6로318번길,detatched_multiFamily
부산광역시 강서구 명지동,3***,전세,67.68,7000,0,,명지오션시티8로6번길,detatched_multiFamily
부산광역시 강서구 명지동,3***,전세,69.26,7000,0,2010,명지새동네길13번길,detatched_multiFamily
부산광역시 강서구 명지동,3***,전세,70,13000,0,2010,명지오션시티10로,detatched_multiFamily
부산광역시 강서구 명지동,3***,전세,70.89,9500,0,2014,명지오션시티8로16번길,detatched_multiFamily
부산광역시 강서구 명지동,3***,월세,72,6000,30,2012,명지오션시티8로42번길,detatched_multiFamily
부산광역시 강서구 명지동,3***,월세,73.13,6500,10,1992,명지새동네길19번길,detatched_multiFamily
부산광역시 강서구 명지동,3***,월세,75.9,2000,60,2021,명지국제12로,detatched_multiFamily
부산광역시 강서구 명지동,3***,전세,76,12000,0,2009,명지오션시티8로16번길,detatched_multiFamily
부산광역시 강서구 명지동,3***,월세,76.38,2000,45,1989,명지새동네길8번길,detatched_multiFamily
부산광역시 강서구 명지동,3***,월세,78.11,2000,60,2021,명지국제12로,detatched_multiFamily
부산광역시 강서구 명지동,3***,전세,78.65,8000,0,,명지새동네길14번길,detatched_multiFamily
부산광역시 강서구 명지동,3***,전세,78.76,13650,0,,명지새동네길2번길,detatched_multiFamily
부산광역시 강서구 명지동,3***,전세,79.83,16800,0,2018,명지국제6로232번길,detatched_multiFamily
부산광역시 강서구 명지동,3***,월세,80,7000,30,2012,명지오션시티8로6번길,detatched_multiFamily
부산광역시 강서구 명지동,3***,월세,80.2,10000,70,2017,명지국제12로11번길,detatched_multiFamily
부산광역시 강서구 명지동,1**,월세,82.17,3000,65,1986,영강길,detatched_multiFamily
부산광역시 강서구 명지동,1**,월세,82.17,1500,65,1986,영강길,detatched_multiFamily
부산광역시 강서구 명지동,3***,전세,82.5,10000,0,2012,명지오션시티8로34번길,detatched_multiFamily
부산광역시 강서구 명지동,3***,전세,84,14000,0,2006,명지오션시티8로,detatched_multiFamily
부산광역시 강서구 명지동,3***,월세,84.2,7000,80,2018,명지국제6로220번길,detatched_multiFamily
부산광역시 강서구 명지동,3***,월세,84.73,20000,5,2021,명지국제6로1번길,detatched_multiFamily
부산광역시 강서구 명지동,3***,전세,84.76,20000,0,,명지국제6로220번길,detatched_multiFamily
부산광역시 강서구 명지동,3***,월세,84.86,300,32,2012,명지오션시티8로,detatched_multiFamily
부산광역시 강서구 명지동,3***,월세,85,1000,65,2017,명지국제6로242번길,detatched_multiFamily
부산광역시 강서구 명지동,3***,전세,85.27,3000,0,1991,명지새동네길2번길,detatched_multiFamily
부산광역시 강서구 명지동,3***,전세,85.95,14000,0,2018,명지국제12로,detatched_multiFamily
부산광역시 강서구 명지동,3***,월세,89.49,2000,70,2018,,detatched_multiFamily
부산광역시 강서구 명지동,3***,전세,90.35,13000,0,2011,명지오션시티8로42번길,detatched_multiFamily
부산광역시 강서구 명지동,1***,월세,92.43,7000,30,1998,영강길91번길,detatched_multiFamily
부산광역시 강서구 명지동,1***,전세,92.43,7000,0,1998,영강길91번길,detatched_multiFamily
부산광역시 강서구 명지동,3***,전세,93.57,15500,0,2015,명지오션시티8로12번길,detatched_multiFamily
부산광역시 강서구 명지동,3***,월세,94.42,300,30,2011,명지오션시티8로,detatched_multiFamily
부산광역시 강서구 명지동,3***,전세,94.42,4000,0,2011,명지오션시티8로,detatched_multiFamily
부산광역시 강서구 명지동,3***,월세,94.78,1500,40,2016,명지오션시티7로,detatched_multiFamily
부산광역시 강서구 명지동,3***,월세,94.82,300,31,2011,명지오션시티8로42번길,detatched_multiFamily
부산광역시 강서구 명지동,3***,전세,95.08,10000,0,2010,명지오션시티8로34번길,detatched_multiFamily
부산광역시 강서구 명지동,3***,전세,95.68,15000,0,2012,명지오션시티8로34번길,detatched_multiFamily
부산광역시 강서구 명지동,3***,월세,95.71,500,46,2015,명지오션시티8로6번길,detatched_multiFamily
부산광역시 강서구 명지동,3***,월세,96.55,3000,23,2012,명지오션시티7로,detatched_multiFamily
부산광역시 강서구 명지동,3***,전세,96.55,15000,0,2018,명지오션시티8로42번길,detatched_multiFamily
부산광역시 강서구 명지동,3***,전세,96.9,13000,0,2012,명지오션시티8로34번길,detatched_multiFamily
부산광역시 강서구 명지동,3***,월세,97.48,1000,60,2017,명지오션시티7로,detatched_multiFamily
부산광역시 강서구 명지동,3***,월세,97.9,1000,30,2012,명지오션시티8로6번길,detatched_multiFamily
부산광역시 강서구 명지동,3***,월세,98.07,500,40,2015,명지오션시티8로22번길,detatched_multiFamily
부산광역시 강서구 명지동,3***,전세,98.08,40000,0,2022,명지국제5로148번길,detatched_multiFamily
부산광역시 강서구 명지동,3***,월세,98.56,5000,50,2014,명지오션시티8로,detatched_multiFamily
부산광역시 강서구 명지동,3***,전세,99,35000,0,2017,명지오션시티8로42번길,detatched_multiFamily
부산광역시 강서구 명지동,3***,전세,99.45,10000,0,2013,명지오션시티8로6번길,detatched_multiFamily
부산광역시 강서구 명지동,3***,월세,99.58,300,41,2012,명지오션시티8로42번길,detatched_multiFamily
부산광역시 강서구 명지동,3***,전세,100.85,20000,0,,명지국제12로19번길,detatched_multiFamily
부산광역시 강서구 명지동,3***,월세,101.68,2000,65,2010,명지오션시티8로30번길,detatched_multiFamily
부산광역시 강서구 명지동,3***,월세,107.63,30000,12,2021,명지국제13로가길,detatched_multiFamily
부산광역시 강서구 명지동,3***,전세,107.63,33000,0,2021,명지국제13로가길,detatched_multiFamily
부산광역시 강서구 명지동,3***,월세,108.83,5000,100,2021,명지국제4로가길,detatched_multiFamily
부산광역시 강서구 명지동,3***,전세,110,18000,0,2017,명지국제12로,detatched_multiFamily
부산광역시 강서구 명지동,3***,월세,113.79,300,40,2018,명지국제12로,detatched_multiFamily
부산광역시 강서구 명지동,3***,월세,114.04,6000,105,2018,명지국제13로38번길,detatched_multiFamily
부산광역시 강서구 명지동,3***,전세,115.5,20000,0,2017,,detatched_multiFamily
부산광역시 강서구 명지동,3***,월세,122.1,1000,110,2020,명지국제12로,detatched_multiFamily
부산광역시 강서구 명지동,3***,전세,125.03,20000,0,2022,명지국제4로208번길,detatched_multiFamily
부산광역시 강서구 명지동,3***,월세,126.3,3000,98,2018,명지국제13로가길,detatched_multiFamily
부산광역시 강서구 명지동,3***,전세,127.42,23000,0,2019,명지국제13로가길,detatched_multiFamily
부산광역시 강서구 명지동,3***,월세,127.45,2000,100,2020,명지국제12로11번길,detatched_multiFamily
부산광역시 강서구 명지동,3***,월세,137.46,500,43,2018,명지국제12로,detatched_multiFamily
부산광역시 강서구 명지동,3***,월세,144.4,2000,70,2017,명지국제5로148번길,detatched_multiFamily
부산광역시 강서구 명지동,3***,월세,144.93,3000,180,2017,명지국제5로136번길,detatched_multiFamily
부산광역시 강서구 명지동,3***,월세,163.68,3000,100,2021,명지국제12로11번길,detatched_multiFamily
부산광역시 강서구 범방동,1***,월세,20,200,32,2018,범방3로72번길,detatched_multiFamily
부산광역시 강서구 범방동,1***,월세,20,2000,15,2018,범방3로64번길,detatched_multiFamily
부산광역시 강서구 범방동,1***,전세,20,3000,0,2018,범방3로64번길,detatched_multiFamily
부산광역시 강서구 범방동,1***,월세,21,200,30,2018,범방3로60번길,detatched_multiFamily
부산광역시 강서구 범방동,1***,월세,21,200,28,2017,범방3로60번길,detatched_multiFamily
부산광역시 강서구 범방동,1***,월세,21,200,30,2018,범방3로60번길,detatched_multiFamily
부산광역시 강서구 범방동,1***,월세,21,2000,15,,범방3로63번길,detatched_multiFamily
부산광역시 강서구 범방동,1***,월세,21.28,3500,5,,범방3로77번길,detatched_multiFamily
부산광역시 강서구 범방동,1***,월세,23,100,31,,범방3로67번길,detatched_multiFamily
부산광역시 강서구 범방동,1***,월세,23,200,33,2018,범방3로63번길,detatched_multiFamily
부산광역시 강서구 범방동,1***,월세,24,200,39,2017,범방3로64번길,detatched_multiFamily
부산광역시 강서구 범방동,1***,월세,24,200,30,2017,범방3로68번길,detatched_multiFamily
부산광역시 강서구 범방동,1***,월세,24,200,35,2017,범방3로64번길,detatched_multiFamily
부산광역시 강서구 범방동,1***,전세,24,3000,0,2017,범방3로63번길,detatched_multiFamily
부산광역시 강서구 범방동,1***,월세,25,300,25,2017,범방3로67번길,detatched_multiFamily
부산광역시 강서구 범방동,1***,월세,26,4000,10,2017,범방3로68번길,detatched_multiFamily
부산광역시 강서구 범방동,1***,월세,30,130,34,2018,범방3로72번길,detatched_multiFamily
부산광역시 강서구 범방동,1***,월세,30,200,35,2017,범방3로64번길,detatched_multiFamily
부산광역시 강서구 범방동,1***,월세,30,200,40,2017,범방3로78번길,detatched_multiFamily
부산광역시 강서구 범방동,1***,월세,30,200,37,2018,범방3로77번길,detatched_multiFamily
부산광역시 강서구 범방동,1***,월세,30,200,30,2018,범방3로60번길,detatched_multiFamily
부산광역시 강서구 범방동,1***,월세,30,200,32,2017,범방3로64번길,detatched_multiFamily
부산광역시 강서구 범방동,1***,월세,30,200,33,2018,범방3로72번길,detatched_multiFamily
부산광역시 강서구 범방동,1***,월세,30,200,29,2021,범방3로,detatched_multiFamily
부산광역시 강서구 범방동,1***,전세,30,3000,0,2018,범방3로64번길,detatched_multiFamily
부산광역시 강서구 범방동,1***,월세,33,200,30,,범방3로,detatched_multiFamily
부산광역시 강서구 범방동,1***,월세,33,200,33,2018,범방3로68번길,detatched_multiFamily
부산광역시 강서구 범방동,1***,월세,33,4000,10,2016,범방3로64번길,detatched_multiFamily
부산광역시 강서구 범방동,1***,월세,35,500,30,2017,범방3로64번길,detatched_multiFamily
부산광역시 강서구 범방동,1***,월세,35,200,28,,,detatched_multiFamily
부산광역시 강서구 범방동,1***,월세,35,200,35,2017,범방3로64번길,detatched_multiFamily
부산광역시 강서구 범방동,1***,월세,35,200,30,2018,범방3로68번길,detatched_multiFamily
부산광역시 강서구 범방동,1***,월세,36,3500,5,2018,범방3로77번길,detatched_multiFamily
부산광역시 강서구 범방동,1***,월세,36,300,30,2018,범방3로78번길,detatched_multiFamily
부산광역시 강서구 범방동,1***,월세,36,300,38,2020,범방3로72번길,detatched_multiFamily
부산광역시 강서구 범방동,1***,월세,36.3,100,34,2017,범방3로71번길,detatched_multiFamily
부산광역시 강서구 범방동,1***,월세,36.6,300,38,2018,범방3로64번길,detatched_multiFamily
부산광역시 강서구 범방동,1***,월세,38,200,30,,,detatched_multiFamily
부산광역시 강서구 범방동,1***,월세,40,300,30,2017,범방3로59번길,detatched_multiFamily
부산광역시 강서구 범방동,1***,월세,40,200,40,2017,범방3로78번길,detatched_multiFamily
부산광역시 강서구 범방동,1***,월세,40,300,40,2017,범방3로60번길,detatched_multiFamily
부산광역시 강서구 범방동,1***,월세,40,400,42,2019,범방3로71번길,detatched_multiFamily
부산광역시 강서구 범방동,1***,월세,40,2000,25,2016,범방3로64번길,detatched_multiFamily
부산광역시 강서구 범방동,1***,월세,40,200,39,2018,범방3로67번길,detatched_multiFamily
부산광역시 강서구 범방동,1***,월세,40,200,40,2021,범방5로,detatched_multiFamily
부산광역시 강서구 범방동,1***,월세,40,200,30,2019,범방3로77번길,detatched_multiFamily
부산광역시 강서구 범방동,1***,월세,40,200,40,2018,범방3로67번길,detatched_multiFamily
부산광역시 강서구 범방동,1***,월세,40,300,50,2021,범방3로78번길,detatched_multiFamily
부산광역시 강서구 범방동,1***,전세,45,7000,0,2017,범방3로63번길,detatched_multiFamily
부산광역시 강서구 범방동,1***,월세,47,300,40,2018,범방3로68번길,detatched_multiFamily
부산광역시 강서구 범방동,1***,월세,47,300,40,2018,범방3로68번길,detatched_multiFamily
부산광역시 강서구 범방동,1***,월세,49,1000,30,2018,범방3로78번길,detatched_multiFamily
부산광역시 강서구 범방동,1***,월세,55,500,55,2017,범방3로59번길,detatched_multiFamily
부산광역시 강서구 범방동,1***,월세,60,7000,5,2017,범방3로64번길,detatched_multiFamily
부산광역시 강서구 범방동,1***,월세,70,1000,53,2017,범방3로67번길,detatched_multiFamily
부산광역시 강서구 범방동,1***,전세,76.24,10000,0,2015,범방3로77번길,detatched_multiFamily
부산광역시 강서구 범방동,1***,월세,89,100,40,1994,수가로748번길,detatched_multiFamily
부산광역시 강서구 범방동,1***,월세,99,6000,48,2018,범방3로68번길,detatched_multiFamily
부산광역시 강서구 범방동,1***,월세,125,1000,70,,범방3로68번길,detatched_multiFamily
부산광역시 강서구 봉림동,1***,전세,167.37,8000,0,2011,봉림길94번가길,detatched_multiFamily
부산광역시 강서구 성북동,1***,월세,51.84,300,25,2014,가덕해안로,detatched_multiFamily
부산광역시 강서구 성북동,1***,월세,51.84,2000,30,2014,가덕해안로,detatched_multiFamily
부산광역시 강서구 성북동,3**,월세,52.59,200,20,1994,동선길,detatched_multiFamily
부산광역시 강서구 성북동,5*,월세,75.24,0,100,,선창길,detatched_multiFamily
부산광역시 강서구 성북동,1***,월세,80,300,20,2008,가덕해안로,detatched_multiFamily
부산광역시 강서구 송정동,1***,월세,110.96,7000,20,2017,가락대로373번길,detatched_multiFamily
부산광역시 강서구 식만동,3*,전세,52,3500,0,,식만로259번길,detatched_multiFamily
부산광역시 강서구 신호동,2**,월세,10.74,100,25,2008,신호산단5로,detatched_multiFamily
부산광역시 강서구 신호동,2**,월세,17.38,100,29,2017,신호산단1로,detatched_multiFamily
부산광역시 강서구 신호동,2**,월세,17.5,100,25,2018,신호산단4로64번길,detatched_multiFamily
부산광역시 강서구 신호동,2**,월세,18.11,100,25,2020,신호산단5로,detatched_multiFamily
부산광역시 강서구 신호동,2**,월세,18.35,100,27,2016,신호산단4로64번길,detatched_multiFamily
부산광역시 강서구 신호동,2**,월세,18.5,200,33,2015,신호산단2로75번길,detatched_multiFamily
부산광역시 강서구 신호동,2**,전세,18.62,10000,0,2020,신호산단1로144번길,detatched_multiFamily
부산광역시 강서구 신호동,2**,월세,20,100,29,2008,신호산단4로,detatched_multiFamily
부산광역시 강서구 신호동,2**,월세,20,100,25,2011,신호산단4로76번길,detatched_multiFamily
부산광역시 강서구 신호동,2**,월세,20,100,29,2017,신호산단5로,detatched_multiFamily
부산광역시 강서구 신호동,2**,월세,20,2000,25,2018,신호산단4로64번가길,detatched_multiFamily
부산광역시 강서구 신호동,2**,월세,20,100,25,2010,신호산단4로76번길,detatched_multiFamily
부산광역시 강서구 신호동,2**,월세,20,100,25,2011,신호산단4로76번길,detatched_multiFamily
부산광역시 강서구 신호동,2**,월세,20,200,25,2009,신호산단5로,detatched_multiFamily
부산광역시 강서구 신호동,2**,월세,20,200,30,2016,신호산단4로64번길,detatched_multiFamily
부산광역시 강서구 신호동,2**,월세,20,100,35,2017,신호산단4로64번길,detatched_multiFamily
부산광역시 강서구 신호동,2**,전세,20,3000,0,2018,신호산단4로64번길,detatched_multiFamily
부산광역시 강서구 신호동,2**,월세,21,200,25,2016,신호산단1로144번길,detatched_multiFamily
부산광역시 강서구 신호동,2**,월세,21,200,28,2012,신호산단4로64번길,detatched_multiFamily
부산광역시 강서구 신호동,2**,전세,21.76,2500,0,2009,신호산단5로,detatched_multiFamily
부산광역시 강서구 신호동,2**,전세,21.76,2500,0,2009,신호산단5로,detatched_multiFamily
부산광역시 강서구 신호동,2**,월세,22.17,500,25,2017,신호산단5로,detatched_multiFamily
부산광역시 강서구 신호동,2**,월세,22.9,100,23,2009,신호산단4로76번길,detatched_multiFamily
부산광역시 강서구 신호동,2**,월세,23,100,26,2017,신호산단5로,detatched_multiFamily
부산광역시 강서구 신호동,2**,월세,23,100,39,2011,신호산단5로,detatched_multiFamily
부산광역시 강서구 신호동,2**,전세,23,3000,0,2014,신호산단4로76번길,detatched_multiFamily
부산광역시 강서구 신호동,2**,월세,23.14,200,28,,신호산단4로64번길,detatched_multiFamily
부산광역시 강서구 신호동,2**,월세,23.14,100,27,2012,신호산단4로64번길,detatched_multiFamily
부산광역시 강서구 신호동,2**,월세,23.14,200,30,2018,신호산단4로64번가길,detatched_multiFamily
부산광역시 강서구 신호동,2**,월세,23.14,100,28,2013,신호산단5로,detatched_multiFamily
부산광역시 강서구 신호동,2**,전세,23.14,2500,0,2012,신호산단4로64번길,detatched_multiFamily
부산광역시 강서구 신호동,2**,월세,24.3,100,27,,신호산단2로75번길,detatched_multiFamily
부산광역시 강서구 신호동,2**,전세,24.75,4000,0,2015,신호산단4로76번길,detatched_multiFamily
부산광역시 강서구 신호동,2**,월세,25,200,35,2014,신호산단4로76번길,detatched_multiFamily
부산광역시 강서구 신호동,2**,월세,25,200,30,2017,,detatched_multiFamily
부산광역시 강서구 신호동,2**,월세,25,200,30,2016,신호산단5로,detatched_multiFamily
부산광역시 강서구 신호동,2**,월세,25.2,100,25,2010,신호산단4로76번길,detatched_multiFamily
부산광역시 강서구 신호동,2**,월세,25.5,100,25,2012,신호산단4로64번길,detatched_multiFamily
부산광역시 강서구 신호동,2**,월세,26,200,30,2015,신호산단4로64번가길,detatched_multiFamily
부산광역시 강서구 신호동,2**,월세,26.5,300,32,2016,신호산단4로64번가길,detatched_multiFamily
부산광역시 강서구 신호동,2**,전세,26.54,7000,0,2020,신호산단1로144번길,detatched_multiFamily
부산광역시 강서구 신호동,2**,월세,27,100,28,2011,신호산단2로49번길,detatched_multiFamily
부산광역시 강서구 신호동,2**,월세,27,100,25,2015,신호산단4로64번가길,detatched_multiFamily
부산광역시 강서구 신호동,2**,월세,27.11,200,30,2012,신호산단4로64번길,detatched_multiFamily
부산광역시 강서구 신호동,2**,월세,27.58,300,30,2016,신호산단5로,detatched_multiFamily
부산광역시 강서구 신호동,2**,월세,27.58,300,29,2016,신호산단5로,detatched_multiFamily
부산광역시 강서구 신호동,2**,전세,27.9,3500,0,2016,신호산단1로,detatched_multiFamily
부산광역시 강서구 신호동,2**,월세,28.5,200,29,2012,신호산단4로76번길,detatched_multiFamily
부산광역시 강서구 신호동,2**,전세,28.5,6500,0,2018,신호산단4로64번가길,detatched_multiFamily
부산광역시 강서구 신호동,3**,월세,29.3,1700,20,2019,신호산단1로18번가길,detatched_multiFamily
부산광역시 강서구 신호동,2**,월세,29.5,200,29,,신호산단4로64번가길,detatched_multiFamily
부산광역시 강서구 신호동,2**,월세,29.5,1000,30,2022,신호산단1로140번길,detatched_multiFamily
부산광역시 강서구 신호동,3**,전세,29.64,1700,0,2019,신호산단1로18번가길,detatched_multiFamily
부산광역시 강서구 신호동,2**,월세,30,200,35,2015,신호산단4로64번가길,detatched_multiFamily
부산광역시 강서구 신호동,2**,월세,30,200,35,2017,신호산단2로75번길,detatched_multiFamily
부산광역시 강서구 신호동,2**,월세,30,200,35,2014,신호산단2로75번길,detatched_multiFamily
부산광역시 강서구 신호동,2**,월세,30,200,35,2013,신호산단4로64번길,detatched_multiFamily
부산광역시 강서구 신호동,2**,월세,30,2000,20,2013,신호산단5로,detatched_multiFamily
부산광역시 강서구 신호동,2**,월세,30,300,20,2008,신호산단4로64번길,detatched_multiFamily
부산광역시 강서구 신호동,2**,월세,30,500,45,2021,신호산단5로,detatched_multiFamily
부산광역시 강서구 신호동,2**,월세,30,2000,15,2018,신호산단5로,detatched_multiFamily
부산광역시 강서구 신호동,2**,전세,30,4000,0,2018,신호산단4로64번길,detatched_multiFamily
부산광역시 강서구 신호동,2**,전세,30,5500,0,2016,,detatched_multiFamily
부산광역시 강서구 신호동,2**,전세,30,3800,0,2016,신호산단5로,detatched_multiFamily
부산광역시 강서구 신호동,2**,전세,30,5000,0,2015,신호산단4로76번길,detatched_multiFamily
부산광역시 강서구 신호동,2**,월세,30.3,200,33,2021,신호산단4로64번가길,detatched_multiFamily
부산광역시 강서구 신호동,2**,월세,30.3,200,23,2012,,detatched_multiFamily
부산광역시 강서구 신호동,2**,월세,30.3,1000,30,2021,신호산단2로49번길,detatched_multiFamily
부산광역시 강서구 신호동,2**,월세,30.3,200,25,2020,신호산단5로,detatched_multiFamily
부산광역시 강서구 신호동,2**,월세,30.3,200,25,2020,,detatched_multiFamily
부산광역시 강서구 신호동,2**,월세,30.3,500,30,2018,신호산단4로64번길,detatched_multiFamily
부산광역시 강서구 신호동,2**,전세,30.3,4000,0,2015,신호산단5로,detatched_multiFamily
부산광역시 강서구 신호동,2**,전세,30.3,3500,0,2018,신호산단4로64번길,detatched_multiFamily
부산광역시 강서구 신호동,2**,전세,30.3,3500,0,2012,신호산단4로64번길,detatched_multiFamily
부산광역시 강서구 신호동,2**,전세,30.3,3500,0,2012,신호산단4로76번길,detatched_multiFamily
부산광역시 강서구 신호동,2**,전세,30.3,3000,0,2010,신호산단4로76번길,detatched_multiFamily
부산광역시 강서구 신호동,2**,전세,30.3,3000,0,2010,신호산단4로76번길,detatched_multiFamily
부산광역시 강서구 신호동,2**,전세,30.3,4000,0,2016,신호산단4로64번길,detatched_multiFamily
부산광역시 강서구 신호동,2**,전세,30.3,4500,0,2021,신호산단4로64번가길,detatched_multiFamily
부산광역시 강서구 신호동,2**,전세,30.3,3000,0,2013,신호산단4로64번길,detatched_multiFamily
부산광역시 강서구 신호동,2**,전세,30.3,4000,0,2016,신호산단4로64번길,detatched_multiFamily
부산광역시 강서구 신호동,2**,전세,31.7,6500,0,2019,신호산단4로64번가길,detatched_multiFamily
부산광역시 강서구 신호동,2**,월세,33,1000,30,2013,신호산단5로,detatched_multiFamily
부산광역시 강서구 신호동,2**,월세,33,200,30,2011,신호산단2로75번길,detatched_multiFamily
부산광역시 강서구 신호동,2**,월세,33,300,38,2015,신호산단4로64번길,detatched_multiFamily
부산광역시 강서구 신호동,2**,월세,33,300,45,2002,신호산단4로64번길,detatched_multiFamily
부산광역시 강서구 신호동,2**,월세,33,200,43,2017,신호산단1로,detatched_multiFamily
부산광역시 강서구 신호동,2**,월세,33,300,30,2017,신호산단1로,detatched_multiFamily
부산광역시 강서구 신호동,2**,월세,33,200,32,2014,신호산단4로76번길,detatched_multiFamily
부산광역시 강서구 신호동,2**,월세,33,300,33,2017,신호산단1로144번길,detatched_multiFamily
부산광역시 강서구 신호동,3**,월세,33,300,34,2014,신호산단1로18번길,detatched_multiFamily
부산광역시 강서구 신호동,2**,월세,33,200,28,2014,신호산단5로,detatched_multiFamily
부산광역시 강서구 신호동,2**,전세,33,7000,0,2020,신호산단1로144번길,detatched_multiFamily
부산광역시 강서구 신호동,2**,전세,33,6000,0,2003,신호산단4로64번길,detatched_multiFamily
부산광역시 강서구 신호동,2**,전세,33,5000,0,2013,신호산단4로64번길,detatched_multiFamily
부산광역시 강서구 신호동,2**,전세,33,4000,0,2018,신호산단4로64번가길,detatched_multiFamily
부산광역시 강서구 신호동,2**,전세,33,4500,0,2012,신호산단4로64번길,detatched_multiFamily
부산광역시 강서구 신호동,2**,월세,33.05,200,37,2013,신호산단5로,detatched_multiFamily
부산광역시 강서구 신호동,2**,월세,33.05,5500,5,2017,신호산단1로144번길,detatched_multiFamily
부산광역시 강서구 신호동,2**,월세,33.06,100,40,2011,신호산단2로75번길,detatched_multiFamily
부산광역시 강서구 신호동,2**,월세,33.4,100,34,2011,신호산단5로,detatched_multiFamily
부산광역시 강서구 신호동,2**,월세,34.03,200,30,2018,신호산단5로,detatched_multiFamily
부산광역시 강서구 신호동,2**,월세,35,200,39,2015,신호산단2로,detatched_multiFamily
부산광역시 강서구 신호동,2**,월세,35,200,40,2015,신호산단2로,detatched_multiFamily
부산광역시 강서구 신호동,2**,전세,35,5000,0,2012,신호산단5로,detatched_multiFamily
부산광역시 강서구 신호동,2**,전세,35,5000,0,2012,신호산단5로,detatched_multiFamily
부산광역시 강서구 신호동,2**,월세,35.84,200,38,2016,신호산단1로144번길,detatched_multiFamily
부산광역시 강서구 신호동,2**,월세,36,100,23,2011,신호산단5로,detatched_multiFamily
부산광역시 강서구 신호동,2**,월세,36,200,30,2013,신호산단5로,detatched_multiFamily
부산광역시 강서구 신호동,2**,월세,36,200,40,2015,신호산단2로49번길,detatched_multiFamily
부산광역시 강서구 신호동,2**,월세,36.3,100,35,2017,신호산단4로64번길,detatched_multiFamily
부산광역시 강서구 신호동,2**,월세,36.3,200,35,2014,신호산단5로,detatched_multiFamily
부산광역시 강서구 신호동,2**,월세,36.36,500,5,2013,신호산단5로,detatched_multiFamily
부산광역시 강서구 신호동,2**,월세,36.98,200,33,2019,신호산단5로,detatched_multiFamily
부산광역시 강서구 신호동,2**,월세,37.09,200,29,2020,신호산단5로,detatched_multiFamily
부산광역시 강서구 신호동,2**,월세,37.5,100,37,2013,신호산단5로,detatched_multiFamily
부산광역시 강서구 신호동,2**,월세,37.81,200,40,2012,신호산단5로,detatched_multiFamily
부산광역시 강서구 신호동,2**,월세,38.09,100,30,2015,신호산단2로75번길,detatched_multiFamily
부산광역시 강서구 신호동,2**,월세,39.08,600,35,2016,신호산단5로,detatched_multiFamily
부산광역시 강서구 신호동,2**,전세,39.33,7500,0,2012,신호산단4로64번가길,detatched_multiFamily
부산광역시 강서구 신호동,2**,월세,40,1000,33,2012,신호산단5로,detatched_multiFamily
부산광역시 강서구 신호동,2**,월세,40,3000,25,2012,신호산단4로76번길,detatched_multiFamily
부산광역시 강서구 신호동,2**,전세,40,6500,0,,신호산단1로140번길,detatched_multiFamily
부산광역시 강서구 신호동,2**,전세,40,6500,0,2014,신호산단1로140번길,detatched_multiFamily
부산광역시 강서구 신호동,2**,전세,40,5000,0,2018,신호산단4로64번가길,detatched_multiFamily
부산광역시 강서구 신호동,2**,전세,40,5000,0,2018,신호산단4로64번가길,detatched_multiFamily
부산광역시 강서구 신호동,2**,전세,40,4000,0,2015,신호산단5로,detatched_multiFamily
부산광역시 강서구 신호동,2**,월세,40.2,200,39,2018,신호산단5로,detatched_multiFamily
부산광역시 강서구 신호동,2**,전세,40.5,4500,0,2018,신호산단5로,detatched_multiFamily
부산광역시 강서구 신호동,2**,전세,40.5,4500,0,2018,신호산단5로,detatched_multiFamily
부산광역시 강서구 신호동,2**,전세,42.97,6000,0,2016,신호산단4로64번가길,detatched_multiFamily
부산광역시 강서구 신호동,2**,전세,42.97,6000,0,,신호산단4로64번가길,detatched_multiFamily
부산광역시 강서구 신호동,2**,월세,43.25,200,29,2012,,detatched_multiFamily
부산광역시 강서구 신호동,2**,전세,43.25,5000,0,2012,신호산단4로64번가길,detatched_multiFamily
부산광역시 강서구 신호동,2**,월세,44,4000,15,2013,신호산단4로76번길,detatched_multiFamily
부산광역시 강서구 신호동,2**,월세,44,100,28,2014,신호산단4로64번길,detatched_multiFamily
부산광역시 강서구 신호동,2**,전세,44,6500,0,2012,신호산단4로64번길,detatched_multiFamily
부산광역시 강서구 신호동,2**,전세,44,6500,0,2012,신호산단4로64번길,detatched_multiFamily
부산광역시 강서구 신호동,2**,전세,44,6000,0,2014,신호산단5로,detatched_multiFamily
부산광역시 강서구 신호동,2**,전세,44,5500,0,2013,신호산단4로64번길,detatched_multiFamily
부산광역시 강서구 신호동,2**,전세,44,7000,0,,신호산단4로64번가길,detatched_multiFamily
부산광역시 강서구 신호동,2**,월세,44.56,5000,15,2021,,detatched_multiFamily
부산광역시 강서구 신호동,2**,월세,44.6,200,40,2014,신호산단2로75번길,detatched_multiFamily
부산광역시 강서구 신호동,2**,월세,44.6,200,40,2014,신호산단2로75번길,detatched_multiFamily
부산광역시 강서구 신호동,2**,월세,45,1500,30,2012,,detatched_multiFamily
부산광역시 강서구 신호동,2**,월세,45,300,45,2016,신호산단2로,detatched_multiFamily
부산광역시 강서구 신호동,2**,전세,45.2,4500,0,2011,신호산단5로,detatched_multiFamily
부산광역시 강서구 신호동,2**,전세,45.2,4500,0,2011,신호산단5로,detatched_multiFamily
부산광역시 강서구 신호동,2**,월세,45.4,200,30,2016,신호산단5로,detatched_multiFamily
부산광역시 강서구 신호동,3**,전세,45.47,7000,0,2019,신호산단1로18번가길,detatched_multiFamily
부산광역시 강서구 신호동,2**,월세,45.5,300,34,2011,신호산단4로64번길,detatched_multiFamily
부산광역시 강서구 신호동,2**,월세,45.6,2000,21,2017,신호산단5로,detatched_multiFamily
부산광역시 강서구 신호동,2**,전세,45.6,6000,0,2018,신호산단4로64번가길,detatched_multiFamily
부산광역시 강서구 신호동,2**,전세,45.6,6000,0,2018,신호산단4로64번가길,detatched_multiFamily
부산광역시 강서구 신호동,2**,전세,46,5500,0,2016,신호산단4로64번길,detatched_multiFamily
부산광역시 강서구 신호동,2**,월세,46.2,500,36,2016,신호산단5로,detatched_multiFamily
부산광역시 강서구 신호동,2**,전세,46.2,4000,0,2013,신호산단4로76번길,detatched_multiFamily
부산광역시 강서구 신호동,2**,전세,46.2,6000,0,2016,신호산단5로,detatched_multiFamily
부산광역시 강서구 신호동,2**,전세,46.2,6000,0,2016,신호산단5로,detatched_multiFamily
부산광역시 강서구 신호동,2**,전세,46.2,6000,0,2016,신호산단5로,detatched_multiFamily
부산광역시 강서구 신호동,2**,월세,46.3,300,42,2019,신호산단2로,detatched_multiFamily
부산광역시 강서구 신호동,2**,전세,46.3,6000,0,2021,신호산단4로64번가길,detatched_multiFamily
부산광역시 강서구 신호동,2**,월세,46.4,200,35,2014,신호산단4로76번길,detatched_multiFamily
부산광역시 강서구 신호동,2**,월세,46.5,500,40,,신호산단4로64번가길,detatched_multiFamily
부산광역시 강서구 신호동,2**,월세,46.5,3000,15,2015,신호산단4로64번가길,detatched_multiFamily
부산광역시 강서구 신호동,2**,월세,46.5,1000,33,2018,신호산단5로,detatched_multiFamily
부산광역시 강서구 신호동,2**,월세,46.5,3000,20,2015,,detatched_multiFamily
부산광역시 강서구 신호동,2**,월세,46.5,200,38,2014,신호산단4로,detatched_multiFamily
부산광역시 강서구 신호동,2**,전세,46.5,5000,0,2013,신호산단2로75번길,detatched_multiFamily
부산광역시 강서구 신호동,2**,전세,46.5,5000,0,2011,,detatched_multiFamily
부산광역시 강서구 신호동,2**,전세,46.5,5000,0,2018,신호산단5로,detatched_multiFamily
부산광역시 강서구 신호동,2**,월세,46.88,300,40,2016,신호산단5로,detatched_multiFamily
부산광역시 강서구 신호동,2**,월세,48.9,500,45,2011,신호산단1로144번길,detatched_multiFamily
부산광역시 강서구 신호동,2**,전세,49,5500,0,2013,신호산단4로,detatched_multiFamily
부산광역시 강서구 신호동,2**,전세,49,7500,0,2013,신호산단4로,detatched_multiFamily
부산광역시 강서구 신호동,2**,월세,49.4,300,40,2020,신호산단5로,detatched_multiFamily
부산광역시 강서구 신호동,2**,월세,49.58,200,38,2017,신호산단2로75번길,detatched_multiFamily
부산광역시 강서구 신호동,2**,전세,49.6,5000,0,2015,,detatched_multiFamily
부산광역시 강서구 신호동,2**,전세,49.8,7000,0,2018,신호산단1로140번길,detatched_multiFamily
부산광역시 강서구 신호동,2**,월세,50,1000,45,2004,신호산단4로64번길,detatched_multiFamily
부산광역시 강서구 신호동,2**,월세,50,1000,37,2003,신호산단4로64번길,detatched_multiFamily
부산광역시 강서구 신호동,2**,월세,50,2000,30,2012,신호산단5로,detatched_multiFamily
부산광역시 강서구 신호동,2**,월세,50,400,50,2021,신호산단5로,detatched_multiFamily
부산광역시 강서구 신호동,2**,전세,50,10000,0,2004,신호산단2로49번길,detatched_multiFamily
부산광역시 강서구 신호동,3**,전세,50,6500,0,2008,신호산단1로18번가길,detatched_multiFamily
부산광역시 강서구 신호동,2**,전세,50.4,6000,0,2012,신호산단5로,detatched_multiFamily
부산광역시 강서구 신호동,2**,전세,52,14000,0,2012,신호산단1로,detatched_multiFamily
부산광역시 강서구 신호동,2**,전세,52,7000,0,2012,신호산단4로76번길,detatched_multiFamily
부산광역시 강서구 신호동,2**,전세,52.5,7000,0,2011,,detatched_multiFamily
부산광역시 강서구 신호동,2**,월세,54.52,3000,12,2017,신호산단5로,detatched_multiFamily
부산광역시 강서구 신호동,2**,월세,55,500,50,2017,신호산단5로,detatched_multiFamily
부산광역시 강서구 신호동,2**,전세,55,6500,0,2012,신호산단2로75번길,detatched_multiFamily
부산광역시 강서구 신호동,2**,전세,55,7000,0,2012,신호산단2로75번길,detatched_multiFamily
부산광역시 강서구 신호동,2**,전세,55,2000,0,2016,신호산단5로,detatched_multiFamily
부산광역시 강서구 신호동,2**,전세,55,7000,0,2003,신호산단4로64번길,detatched_multiFamily
부산광역시 강서구 신호동,2**,전세,55,7000,0,2003,,detatched_multiFamily
부산광역시 강서구 신호동,2**,월세,55.8,3000,20,2018,신호산단4로64번가길,detatched_multiFamily
부산광역시 강서구 신호동,2**,월세,55.8,2000,20,2018,신호산단4로64번가길,detatched_multiFamily
부산광역시 강서구 신호동,2**,전세,56,7000,0,2012,신호산단4로76번길,detatched_multiFamily
부산광역시 강서구 신호동,2**,월세,58.9,300,45,2016,신호산단2로,detatched_multiFamily
부산광역시 강서구 신호동,2**,전세,59,9000,0,2013,신호산단4로,detatched_multiFamily
부산광역시 강서구 신호동,2**,전세,59,7000,0,,신호산단4로64번길,detatched_multiFamily
부산광역시 강서구 신호동,2**,전세,59.4,7000,0,2015,신호산단5로,detatched_multiFamily
부산광역시 강서구 신호동,2**,월세,60,6000,10,2014,신호산단5로,detatched_multiFamily
부산광역시 강서구 신호동,2**,전세,60,8000,0,2011,,detatched_multiFamily
부산광역시 강서구 신호동,2**,전세,60,6500,0,2011,,detatched_multiFamily
부산광역시 강서구 신호동,2**,전세,60,6500,0,2011,,detatched_multiFamily
부산광역시 강서구 신호동,2**,전세,60,9000,0,2012,신호산단1로,detatched_multiFamily
부산광역시 강서구 신호동,2**,월세,61.68,1000,34,2003,신호산단4로64번길,detatched_multiFamily
부산광역시 강서구 신호동,2**,월세,62.09,2000,40,2004,신호산단1로,detatched_multiFamily
부산광역시 강서구 신호동,2**,월세,62.23,500,50,2012,신호산단4로64번길,detatched_multiFamily
부산광역시 강서구 신호동,2**,월세,62.3,2000,25,2004,신호산단4로64번길,detatched_multiFamily
부산광역시 강서구 신호동,2**,월세,65,1500,37,2013,신호산단4로64번길,detatched_multiFamily
부산광역시 강서구 신호동,2**,월세,65,1000,30,2005,신호산단5로,detatched_multiFamily
부산광역시 강서구 신호동,2**,월세,65,1000,43,2013,신호산단5로,detatched_multiFamily
부산광역시 강서구 신호동,2**,월세,65,5000,11,2003,신호산단4로64번길,detatched_multiFamily
부산광역시 강서구 신호동,2**,월세,65.59,2000,45,2009,신호산단5로,detatched_multiFamily
부산광역시 강서구 신호동,2**,월세,65.9,7000,10,2012,신호산단4로64번길,detatched_multiFamily
부산광역시 강서구 신호동,2**,전세,65.9,8000,0,2011,신호산단4로64번길,detatched_multiFamily
부산광역시 강서구 신호동,2**,전세,65.9,6000,0,2012,신호산단4로64번길,detatched_multiFamily
부산광역시 강서구 신호동,2**,전세,65.9,6000,0,2012,신호산단4로64번길,detatched_multiFamily
부산광역시 강서구 신호동,2**,전세,65.9,8000,0,2011,신호산단4로64번길,detatched_multiFamily
부산광역시 강서구 신호동,2**,전세,65.9,7500,0,2011,,detatched_multiFamily
부산광역시 강서구 신호동,2**,월세,66,1000,38,2012,신호산단5로,detatched_multiFamily
부산광역시 강서구 신호동,2**,전세,66,7000,0,2014,신호산단5로,detatched_multiFamily
부산광역시 강서구 신호동,2**,전세,66.22,6500,0,2011,,detatched_multiFamily
부산광역시 강서구 신호동,2**,전세,67.22,7000,0,,신호산단4로64번길,detatched_multiFamily
부산광역시 강서구 신호동,2**,월세,70,500,42,2013,,detatched_multiFamily
부산광역시 강서구 신호동,2**,전세,70,13000,0,2018,신호산단4로64번길,detatched_multiFamily
부산광역시 강서구 신호동,2**,전세,70,8000,0,2003,신호산단4로64번길,detatched_multiFamily
부산광역시 강서구 신호동,2**,월세,76,9000,5,2014,신호산단4로64번가길,detatched_multiFamily
부산광역시 강서구 신호동,2**,전세,76.94,14000,0,,신호산단4로64번가길,detatched_multiFamily
부산광역시 강서구 신호동,2**,월세,77.52,2000,45,2003,신호산단4로64번길,detatched_multiFamily
부산광역시 강서구 신호동,2**,전세,80,14000,0,2016,신호산단4로64번가길,detatched_multiFamily
부산광역시 강서구 신호동,2**,전세,81.85,8000,0,2017,,detatched_multiFamily
부산광역시 강서구 신호동,2**,전세,82,12000,0,2018,신호산단4로64번가길,detatched_multiFamily
부산광역시 강서구 신호동,2**,월세,84,5000,20,2003,신호산단2로49번길,detatched_multiFamily
부산광역시 강서구 신호동,2**,월세,84.9,500,35,2008,신호산단4로64번길,detatched_multiFamily
부산광역시 강서구 신호동,2**,월세,85,5000,30,2017,신호산단5로,detatched_multiFamily
부산광역시 강서구 신호동,2**,전세,85,10000,0,2015,신호산단2로49번길,detatched_multiFamily
부산광역시 강서구 신호동,2**,월세,88.92,1000,60,2014,신호산단4로64번길,detatched_multiFamily
부산광역시 강서구 신호동,2**,월세,90,5000,30,2014,신호산단4로64번길,detatched_multiFamily
부산광역시 강서구 신호동,2**,전세,95.55,15000,0,,신호산단4로64번가길,detatched_multiFamily
부산광역시 강서구 신호동,2**,전세,96.9,14000,0,2017,신호산단1로,detatched_multiFamily
부산광역시 강서구 신호동,2**,월세,97.35,3000,75,2021,신호산단5로,detatched_multiFamily
부산광역시 강서구 신호동,2**,월세,97.42,1000,60,2016,신호산단4로76번길,detatched_multiFamily
부산광역시 강서구 신호동,2**,월세,98.28,7000,25,2013,신호산단5로,detatched_multiFamily
부산광역시 강서구 신호동,2**,월세,98.28,7000,25,,신호산단5로,detatched_multiFamily
부산광역시 강서구 신호동,2**,월세,108.6,7000,27,2016,신호산단2로49번길,detatched_multiFamily
부산광역시 강서구 신호동,2**,전세,110.94,9000,0,2011,신호산단5로,detatched_multiFamily
부산광역시 강서구 신호동,2**,전세,110.94,9000,0,2011,신호산단5로,detatched_multiFamily
부산광역시 강서구 신호동,2**,월세,114.64,10000,20,2015,신호산단2로,detatched_multiFamily
부산광역시 강서구 신호동,2**,전세,117.88,10000,0,2012,신호산단2로75번길,detatched_multiFamily
부산광역시 강서구 신호동,2**,전세,117.88,10000,0,2012,신호산단2로75번길,detatched_multiFamily
부산광역시 강서구 신호동,2**,월세,118.52,2000,64,2018,신호산단4로64번가길,detatched_multiFamily
부산광역시 강서구 죽동동,5**,월세,80,4000,50,1995,죽동길424번길,detatched_multiFamily
부산광역시 강서구 죽동동,5**,월세,80,2000,50,1995,죽동길424번길,detatched_multiFamily
부산광역시 강서구 지사동,1***,월세,15.68,100,29,2015,과학산단2로20번길,detatched_multiFamily
부산광역시 강서구 지사동,1***,월세,17.68,100,29,2015,과학산단로334번다길,detatched_multiFamily
부산광역시 강서구 지사동,1***,월세,20,50,50,,과학산단로334번나길,detatched_multiFamily
부산광역시 강서구 지사동,1***,월세,20,300,28,2017,과학산단로334번나길,detatched_multiFamily
부산광역시 강서구 지사동,1***,월세,21.96,2000,20,2012,과학산단로334번나길,detatched_multiFamily
부산광역시 강서구 지사동,1***,월세,26.68,1000,25,2011,과학산단로334번나길,detatched_multiFamily
부산광역시 강서구 지사동,1***,월세,29,200,35,2016,과학산단로334번가길,detatched_multiFamily
부산광역시 강서구 지사동,1***,월세,30,300,36,2016,과학산단2로20번길,detatched_multiFamily
부산광역시 강서구 지사동,1***,월세,30,200,40,2016,과학산단로334번가길,detatched_multiFamily
부산광역시 강서구 지사동,1***,월세,35,200,35,2013,과학산단로334번다길,detatched_multiFamily
부산광역시 강서구 지사동,1***,월세,35,100,40,2015,과학산단로334번다길,detatched_multiFamily
부산광역시 강서구 지사동,1***,월세,35,300,40,2015,과학산단로334번가길,detatched_multiFamily
부산광역시 강서구 지사동,1***,월세,35,100,40,2013,과학산단로334번나길,detatched_multiFamily
부산광역시 강서구 지사동,1***,월세,37.94,300,40,2015,과학산단로334번다길,detatched_multiFamily
부산광역시 강서구 지사동,1***,월세,38,500,62,2015,과학산단로334번다길,detatched_multiFamily
부산광역시 강서구 지사동,1***,월세,45.52,300,40,2015,과학산단로334번가길,detatched_multiFamily
부산광역시 강서구 지사동,1***,월세,45.52,300,40,2015,과학산단로334번가길,detatched_multiFamily
부산광역시 강서구 지사동,1***,월세,46.43,300,42,2007,과학산단2로20번길,detatched_multiFamily
부산광역시 강서구 지사동,1***,월세,50,200,40,2013,과학산단로334번가길,detatched_multiFamily
부산광역시 강서구 지사동,1***,월세,51,300,40,2015,과학산단로334번가길,detatched_multiFamily
부산광역시 강서구 지사동,1***,월세,68,1000,90,2008,과학산단로334번가길,detatched_multiFamily
부산광역시 강서구 지사동,1***,월세,70,2000,43,2016,과학산단2로20번길,detatched_multiFamily
부산광역시 강서구 지사동,1***,월세,85,2000,53,2013,과학산단로334번다길,detatched_multiFamily
부산광역시 강서구 천성동,4**,월세,25,2500,10,1981,가덕해안로,detatched_multiFamily
부산광역시 강서구 천성동,9**,월세,80.2,10000,20,1994,가덕해안로,detatched_multiFamily
부산광역시 강서구 천성동,1***,월세,98.9,1000,70,2012,천성로,detatched_multiFamily
부산광역시 강서구 천성동,1***,월세,128.25,3000,140,2021,가덕해안로,detatched_multiFamily
부산광역시 강서구 천성동,1***,월세,146,500,25,2004,가덕해안로773번길,detatched_multiFamily
부산광역시 강서구 천성동,1***,월세,155.15,5000,55,,,detatched_multiFamily
부산광역시 강서구 화전동,5**,월세,17.5,100,24,2015,화전산단4로20번길,detatched_multiFamily
부산광역시 강서구 화전동,5**,월세,18.7,100,30,2019,화전산단5로118번길,detatched_multiFamily
부산광역시 강서구 화전동,5**,월세,19.8,2000,6,2011,화전산단4로6번길,detatched_multiFamily
부산광역시 강서구 화전동,5**,월세,19.8,100,20,2016,화전산단5로118번길,detatched_multiFamily
부산광역시 강서구 화전동,5**,월세,20,200,20,2011,화전산단4로6번길,detatched_multiFamily
부산광역시 강서구 화전동,5**,전세,21,3000,0,2014,화전산단5로118번길,detatched_multiFamily
부산광역시 강서구 화전동,5**,전세,21,3000,0,2014,화전산단5로118번길,detatched_multiFamily
부산광역시 강서구 화전동,5**,월세,26,100,25,2018,화전산단5로118번길,detatched_multiFamily
부산광역시 강서구 화전동,5**,전세,26.4,3000,0,2015,화전산단5로118번길,detatched_multiFamily
부산광역시 강서구 화전동,5**,월세,27.5,200,38,2018,화전산단5로118번길,detatched_multiFamily
부산광역시 강서구 화전동,5**,월세,27.5,100,30,2016,화전산단5로118번길,detatched_multiFamily
부산광역시 강서구 화전동,5**,월세,28.5,200,29,2012,화전산단4로30번길,detatched_multiFamily
부산광역시 강서구 화전동,5**,전세,28.55,4000,0,2015,화전산단4로6번길,detatched_multiFamily
부산광역시 강서구 화전동,5**,월세,29.5,200,28,2019,화전산단5로118번길,detatched_multiFamily
부산광역시 강서구 화전동,5**,월세,29.5,200,30,2019,화전산단5로118번길,detatched_multiFamily
부산광역시 강서구 화전동,5**,전세,31.8,3000,0,2015,화전산단4로20번길,detatched_multiFamily
부산광역시 강서구 화전동,5**,월세,33,100,23,2016,화전산단5로118번길,detatched_multiFamily
부산광역시 강서구 화전동,5**,월세,34.2,200,34,2012,화전산단4로30번길,detatched_multiFamily
부산광역시 강서구 화전동,5**,전세,34.3,3500,0,2015,화전산단4로6번길,detatched_multiFamily
부산광역시 강서구 화전동,5**,전세,34.3,4000,0,2015,화전산단4로6번길,detatched_multiFamily
부산광역시 강서구 화전동,5**,전세,34.3,4000,0,2015,화전산단4로6번길,detatched_multiFamily
부산광역시 강서구 화전동,5**,월세,35,100,25,2016,화전산단5로118번길,detatched_multiFamily
부산광역시 강서구 화전동,5**,월세,35.2,1000,20,2015,화전산단5로132번길,detatched_multiFamily
부산광역시 강서구 화전동,5**,월세,36.3,100,35,2014,화전산단4로6번길,detatched_multiFamily
부산광역시 강서구 화전동,5**,월세,36.8,500,39,2010,화전산단4로6번길,detatched_multiFamily
부산광역시 강서구 화전동,5**,전세,38.6,4000,0,2012,화전산단5로132번길,detatched_multiFamily
부산광역시 강서구 화전동,5**,월세,38.8,300,40,2012,화전산단4로6번길,detatched_multiFamily
부산광역시 강서구 화전동,5**,월세,39.6,300,45,2013,화전산단4로6번길,detatched_multiFamily
부산광역시 강서구 화전동,5**,월세,47.5,200,38,2012,화전산단4로20번길,detatched_multiFamily
부산광역시 강서구 화전동,5**,월세,55.2,1000,33,2010,화전산단4로6번길,detatched_multiFamily
부산광역시 강서구 화전동,5**,월세,55.2,300,45,2010,화전산단4로6번길,detatched_multiFamily
부산광역시 강서구 화전동,5**,월세,111.56,500,60,2011,화전산단4로20번길,detatched_multiFamily
부산광역시 금정구 구서동,1***,전세,12.5,2500,0,1987,금샘로420번길,detatched_multiFamily
부산광역시 금정구 구서동,2**,월세,15,500,30,2012,중앙대로1873번길,detatched_multiFamily
부산광역시 금정구 구서동,1**,월세,15,500,15,1979,금단로,detatched_multiFamily
부산광역시 금정구 구서동,2**,전세,15,4000,0,2016,중앙대로1959번길,detatched_multiFamily
부산광역시 금정구 구서동,2**,전세,15,4000,0,2016,중앙대로1959번길,detatched_multiFamily
부산광역시 금정구 구서동,1***,월세,15.99,500,40,,두실로,detatched_multiFamily
부산광역시 금정구 구서동,4**,전세,16.24,5000,0,2015,체육공원로19번길,detatched_multiFamily
부산광역시 금정구 구서동,1**,월세,16.42,400,25,2015,두실로23번길,detatched_multiFamily
부산광역시 금정구 구서동,8*,월세,16.46,500,28,,금강로446번길,detatched_multiFamily
부산광역시 금정구 구서동,1***,월세,16.77,200,30,2014,두실로45번길,detatched_multiFamily
부산광역시 금정구 구서동,1***,전세,17.2,3000,0,2014,두실로45번길,detatched_multiFamily
부산광역시 금정구 구서동,1***,전세,18,4500,0,2015,두실로,detatched_multiFamily
부산광역시 금정구 구서동,4**,월세,19.6,300,37,2015,체육공원로19번길,detatched_multiFamily
부산광역시 금정구 구서동,1***,월세,19.61,210,32,2014,두실로37번길,detatched_multiFamily
부산광역시 금정구 구서동,4**,전세,19.8,5000,0,2015,체육공원로19번길,detatched_multiFamily
부산광역시 금정구 구서동,4**,전세,19.8,5000,0,2015,체육공원로19번길,detatched_multiFamily
부산광역시 금정구 구서동,4**,전세,19.8,5000,0,2015,체육공원로19번길,detatched_multiFamily
부산광역시 금정구 구서동,1**,월세,20,500,35,,,detatched_multiFamily
부산광역시 금정구 구서동,8*,전세,20,5000,0,2017,금강로446번길,detatched_multiFamily
부산광역시 금정구 구서동,1***,전세,20.58,6000,0,2014,두실로,detatched_multiFamily
부산광역시 금정구 구서동,1***,전세,20.58,4500,0,2014,두실로,detatched_multiFamily
부산광역시 금정구 구서동,1***,전세,20.58,4000,0,2014,두실로,detatched_multiFamily
부산광역시 금정구 구서동,1**,전세,21.35,4500,0,2010,구서중앙로,detatched_multiFamily
부산광역시 금정구 구서동,4**,전세,21.91,6000,0,2013,체육공원로19번길,detatched_multiFamily
부산광역시 금정구 구서동,1***,월세,22,500,30,2015,두실로45번길,detatched_multiFamily
부산광역시 금정구 구서동,1***,월세,22,500,30,2015,두실로,detatched_multiFamily
부산광역시 금정구 구서동,2**,월세,22,500,30,2016,중앙대로1959번길,detatched_multiFamily
부산광역시 금정구 구서동,1**,월세,23.1,200,12,1987,안뜰로15번길,detatched_multiFamily
부산광역시 금정구 구서동,4**,전세,23.1,5000,0,2015,,detatched_multiFamily
부산광역시 금정구 구서동,1**,월세,23.14,100,13,1987,두실로15번길,detatched_multiFamily
부산광역시 금정구 구서동,7**,월세,26,300,20,1987,구서중앙로,detatched_multiFamily
부산광역시 금정구 구서동,1**,전세,26.44,3000,0,1988,구서중앙로15번길,detatched_multiFamily
부산광역시 금정구 구서동,4**,월세,27,500,40,2013,금정로231번길,detatched_multiFamily
부산광역시 금정구 구서동,4**,전세,27.36,6000,0,2013,,detatched_multiFamily
부산광역시 금정구 구서동,6**,전세,28.5,6500,0,,금강로,detatched_multiFamily
부산광역시 금정구 구서동,4**,월세,29.64,10000,6,2013,체육공원로19번길,detatched_multiFamily
부산광역시 금정구 구서동,4**,전세,29.64,10000,0,2013,체육공원로19번길,detatched_multiFamily
부산광역시 금정구 구서동,1**,월세,29.75,500,20,1987,안뜰로15번길,detatched_multiFamily
부산광역시 금정구 구서동,1**,월세,30,500,29,2010,구서중앙로,detatched_multiFamily
부산광역시 금정구 구서동,1**,월세,30,500,28,2010,구서중앙로,detatched_multiFamily
부산광역시 금정구 구서동,1**,전세,31.3,4500,0,1987,두실로23번길,detatched_multiFamily
부산광역시 금정구 구서동,2**,월세,32,1000,20,1990,중앙대로1873번길,detatched_multiFamily
부산광역시 금정구 구서동,4**,월세,32.4,3000,20,1978,금강로380번길,detatched_multiFamily
부산광역시 금정구 구서동,1***,월세,33,1000,25,1988,두실로,detatched_multiFamily
부산광역시 금정구 구서동,7**,월세,33,1000,25,1990,중앙대로1841번안길,detatched_multiFamily
부산광역시 금정구 구서동,1**,월세,33,500,20,1984,금단로,detatched_multiFamily
부산광역시 금정구 구서동,1**,월세,33,1000,20,1987,두실로23번길,detatched_multiFamily
부산광역시 금정구 구서동,7**,월세,33,1000,40,1990,중앙대로1841번안길,detatched_multiFamily
부산광역시 금정구 구서동,8*,월세,33,100,25,1985,금강로446번길,detatched_multiFamily
부산광역시 금정구 구서동,4**,전세,33,7000,0,2015,체육공원로19번길,detatched_multiFamily
부산광역시 금정구 구서동,1***,월세,33.05,200,20,1987,중앙대로1959번길,detatched_multiFamily
부산광역시 금정구 구서동,4**,전세,33.09,7000,0,2015,체육공원로19번길,detatched_multiFamily
부산광역시 금정구 구서동,1**,월세,34,500,20,1988,안뜰로19번길,detatched_multiFamily
부산광역시 금정구 구서동,1**,월세,34.15,2000,17,1983,두실로15번길,detatched_multiFamily
부산광역시 금정구 구서동,7**,월세,34.97,2000,30,1985,금강로541번길,detatched_multiFamily
부산광역시 금정구 구서동,7**,월세,34.97,4000,20,1985,금강로541번길,detatched_multiFamily
부산광역시 금정구 구서동,1**,월세,35,4000,40,2020,두실로15번길,detatched_multiFamily
부산광역시 금정구 구서동,4**,전세,35,9000,0,2013,체육공원로19번길,detatched_multiFamily
부산광역시 금정구 구서동,4**,전세,35,6000,0,2013,체육공원로19번길,detatched_multiFamily
부산광역시 금정구 구서동,1**,전세,35,3000,0,1988,구서중앙로15번길,detatched_multiFamily
부산광역시 금정구 구서동,7**,전세,35.54,4500,0,1985,구서중앙로40번길,detatched_multiFamily
부산광역시 금정구 구서동,7**,전세,35.78,8500,0,1984,구서중앙로40번길,detatched_multiFamily
부산광역시 금정구 구서동,1**,월세,36,1000,20,1992,안뜰로20번길,detatched_multiFamily
부산광역시 금정구 구서동,1**,월세,36.51,500,15,1987,안뜰로8번길,detatched_multiFamily
부산광역시 금정구 구서동,6**,월세,36.7,1000,40,1986,두실로37번길,detatched_multiFamily
부산광역시 금정구 구서동,8**,전세,36.7,2800,0,1979,중앙대로1959번길,detatched_multiFamily
부산광역시 금정구 구서동,6**,월세,36.99,1500,15,1988,금강로565번길,detatched_multiFamily
부산광역시 금정구 구서동,2**,전세,37,4000,0,1988,두실로15번길,detatched_multiFamily
부산광역시 금정구 구서동,1***,월세,37.09,2000,20,1985,두실로37번안길,detatched_multiFamily
부산광역시 금정구 구서동,1***,월세,38,500,25,1990,금샘로386번길,detatched_multiFamily
부산광역시 금정구 구서동,2**,월세,38,1500,20,1988,두실로15번길,detatched_multiFamily
부산광역시 금정구 구서동,8*,월세,39.24,1000,40,1983,수림로50번길,detatched_multiFamily
부산광역시 금정구 구서동,6**,월세,39.67,500,25,1988,두실로37번길,detatched_multiFamily
부산광역시 금정구 구서동,4**,월세,40,3000,10,1977,수림로50번길,detatched_multiFamily
부산광역시 금정구 구서동,1***,월세,40.23,1000,25,1986,두실로37번안길,detatched_multiFamily
부산광역시 금정구 구서동,1***,월세,40.23,1000,25,1986,두실로37번안길,detatched_multiFamily
부산광역시 금정구 구서동,1**,월세,40.86,2500,30,1988,두실로23번길,detatched_multiFamily
부산광역시 금정구 구서동,4**,월세,41.36,1000,35,1982,수림로50번길,detatched_multiFamily
부산광역시 금정구 구서동,2**,월세,41.86,500,27,1990,중앙대로1873번길,detatched_multiFamily
부산광역시 금정구 구서동,8*,월세,42,1000,35,1984,금정로233번길,detatched_multiFamily
부산광역시 금정구 구서동,4**,월세,42.36,5000,15,1980,금강로380번길,detatched_multiFamily
부산광역시 금정구 구서동,7**,전세,43,7500,0,1987,구서중앙로,detatched_multiFamily
부산광역시 금정구 구서동,1**,전세,43.03,7000,0,1990,구서중앙로,detatched_multiFamily
부산광역시 금정구 구서동,4**,전세,44.46,9000,0,1983,금정로207번길,detatched_multiFamily
부산광역시 금정구 구서동,4**,월세,44.94,1000,25,1985,,detatched_multiFamily
부산광역시 금정구 구서동,1***,월세,45,1000,25,1988,두실로,detatched_multiFamily
부산광역시 금정구 구서동,7**,월세,45,500,20,1986,금강로,detatched_multiFamily
부산광역시 금정구 구서동,1**,전세,45,7350,0,1993,,detatched_multiFamily
부산광역시 금정구 구서동,4**,월세,46,500,50,,금정로219번길,detatched_multiFamily
부산광역시 금정구 구서동,1**,월세,46.2,500,25,1988,두실로15번길,detatched_multiFamily
부산광역시 금정구 구서동,1**,월세,46.28,500,25,1988,두실로15번길,detatched_multiFamily
부산광역시 금정구 구서동,7**,월세,47,3000,20,1988,금강로541번길,detatched_multiFamily
부산광역시 금정구 구서동,1**,월세,47.25,1000,40,1984,중앙대로1945번길,detatched_multiFamily
부산광역시 금정구 구서동,2**,월세,48.47,500,35,2012,중앙대로1873번길,detatched_multiFamily
부산광역시 금정구 구서동,1***,월세,48.69,5000,15,1993,두실로37번안길,detatched_multiFamily
부산광역시 금정구 구서동,4**,월세,48.96,1300,29,1979,수림로66번길,detatched_multiFamily
부산광역시 금정구 구서동,1**,전세,49.5,3000,0,1982,중앙대로1930번길,detatched_multiFamily
부산광역시 금정구 구서동,6**,월세,49.56,1000,25,1984,두실로37번길,detatched_multiFamily
부산광역시 금정구 구서동,4**,월세,49.92,3500,30,1978,수림로66번길,detatched_multiFamily
부산광역시 금정구 구서동,7**,전세,50,9000,0,1990,중앙대로1841번안길,detatched_multiFamily
부산광역시 금정구 구서동,1**,전세,50,9000,0,1993,안뜰로8번길,detatched_multiFamily
부산광역시 금정구 구서동,1***,월세,51,5000,20,,,detatched_multiFamily
부산광역시 금정구 구서동,1***,월세,51,5000,20,1991,두실로45번길,detatched_multiFamily
부산광역시 금정구 구서동,1***,월세,51,3000,10,1991,두실로45번길,detatched_multiFamily
부산광역시 금정구 구서동,1***,월세,51.03,5000,15,1993,두실로37번안길,detatched_multiFamily
부산광역시 금정구 구서동,4**,전세,51.41,14000,0,2015,체육공원로19번길,detatched_multiFamily
부산광역시 금정구 구서동,4**,전세,51.41,14000,0,2015,체육공원로19번길,detatched_multiFamily
부산광역시 금정구 구서동,4**,전세,51.41,14000,0,2015,,detatched_multiFamily
부산광역시 금정구 구서동,1**,월세,52,3000,22,1988,금강로,detatched_multiFamily
부산광역시 금정구 구서동,7**,월세,52.8,2000,25,1988,중앙대로1841번안길,detatched_multiFamily
부산광역시 금정구 구서동,4**,월세,52.8,1000,30,1978,금정로219번길,detatched_multiFamily
부산광역시 금정구 구서동,2**,월세,52.86,500,35,1979,금강로,detatched_multiFamily
부산광역시 금정구 구서동,4**,월세,52.89,500,35,1994,금강로445번길,detatched_multiFamily
부산광역시 금정구 구서동,4**,전세,54.12,11000,0,1980,금강로380번길,detatched_multiFamily
부산광역시 금정구 구서동,4**,월세,55.07,500,40,2013,금정로231번길,detatched_multiFamily
부산광역시 금정구 구서동,1***,월세,55.2,3000,20,1989,두실로45번길,detatched_multiFamily
부산광역시 금정구 구서동,6**,월세,55.55,3000,35,1984,금강로,detatched_multiFamily
부산광역시 금정구 구서동,2**,전세,58.53,11000,0,1983,중앙대로1893번길,detatched_multiFamily
부산광역시 금정구 구서동,4**,월세,59.64,500,47,2014,금정로231번길,detatched_multiFamily
부산광역시 금정구 구서동,4**,월세,59.64,500,37,2014,금정로231번길,detatched_multiFamily
부산광역시 금정구 구서동,1**,월세,60,4000,20,1987,중앙대로1901번길,detatched_multiFamily
부산광역시 금정구 구서동,4**,월세,60,7000,27,1987,금정로231번길,detatched_multiFamily
부산광역시 금정구 구서동,1***,월세,60.84,617,9,1988,두실로,detatched_multiFamily
부산광역시 금정구 구서동,6**,전세,61.92,7000,0,1984,두실로37번길,detatched_multiFamily
부산광역시 금정구 구서동,6**,월세,62.28,1000,40,1991,금강로,detatched_multiFamily
부산광역시 금정구 구서동,1**,월세,63.9,500,25,1983,두실로23번길,detatched_multiFamily
부산광역시 금정구 구서동,7**,월세,64.97,2000,50,1985,금강로541번길,detatched_multiFamily
부산광역시 금정구 구서동,7**,월세,64.97,3000,45,1985,금강로541번길,detatched_multiFamily
부산광역시 금정구 구서동,7**,월세,64.97,5000,30,1985,금강로541번길,detatched_multiFamily
부산광역시 금정구 구서동,8*,월세,66,1000,30,1985,금강로446번길,detatched_multiFamily
부산광역시 금정구 구서동,2**,전세,66.03,9000,0,1986,금강로445번길,detatched_multiFamily
부산광역시 금정구 구서동,7**,월세,66.8,3500,30,1988,금강로541번길,detatched_multiFamily
부산광역시 금정구 구서동,7**,월세,66.8,3500,20,1988,금강로541번길,detatched_multiFamily
부산광역시 금정구 구서동,2**,전세,68.22,5500,0,2018,중앙대로1873번길,detatched_multiFamily
부산광역시 금정구 구서동,1**,월세,68.33,2000,35,1985,중앙대로1901번길,detatched_multiFamily
부산광역시 금정구 구서동,2**,월세,68.34,3000,20,1986,,detatched_multiFamily
부산광역시 금정구 구서동,7**,전세,68.65,8000,0,1986,구서중앙로40번길,detatched_multiFamily
부산광역시 금정구 구서동,1**,전세,70.2,14000,0,1980,안뜰로8번길,detatched_multiFamily
부산광역시 금정구 구서동,1***,월세,70.53,5000,30,1993,두실로45번길,detatched_multiFamily
부산광역시 금정구 구서동,1**,월세,71.19,2000,28,1986,안뜰로8번길,detatched_multiFamily
부산광역시 금정구 구서동,1***,월세,73.7,2500,50,1997,금샘로,detatched_multiFamily
부산광역시 금정구 구서동,4**,월세,78.26,1000,20,1987,금정로231번길,detatched_multiFamily
부산광역시 금정구 구서동,4**,월세,78.26,500,30,1987,금정로231번길,detatched_multiFamily
부산광역시 금정구 구서동,1***,월세,78.44,100,31,2014,두실로37번길,detatched_multiFamily
부산광역시 금정구 구서동,1**,전세,78.45,10500,0,1993,,detatched_multiFamily
부산광역시 금정구 구서동,1**,전세,78.45,10500,0,1993,안뜰로8번길,detatched_multiFamily
부산광역시 금정구 구서동,1***,월세,82,1000,40,1996,금샘로,detatched_multiFamily
부산광역시 금정구 구서동,4**,월세,82.79,3500,25,1993,체육공원로19번길,detatched_multiFamily
부산광역시 금정구 구서동,4**,월세,83,5000,30,1992,금정로219번길,detatched_multiFamily
부산광역시 금정구 구서동,1***,월세,85,4000,20,1993,두실로37번안길,detatched_multiFamily
부산광역시 금정구 구서동,3**,전세,87.96,15000,0,1987,금단로,detatched_multiFamily
부산광역시 금정구 구서동,4**,월세,88.85,5000,20,1986,금강로380번길,detatched_multiFamily
부산광역시 금정구 구서동,4**,월세,88.85,7000,10,1986,금강로380번길,detatched_multiFamily
부산광역시 금정구 구서동,7**,월세,90.72,1000,60,1995,금강로,detatched_multiFamily
부산광역시 금정구 구서동,1***,전세,93.66,4500,0,1991,두실로,detatched_multiFamily
부산광역시 금정구 구서동,1***,전세,93.98,9500,0,1991,두실로,detatched_multiFamily
부산광역시 금정구 구서동,6**,월세,97.3,3000,50,1995,금강로,detatched_multiFamily
부산광역시 금정구 구서동,4**,월세,98.63,5000,30,1994,수림로66번길,detatched_multiFamily
부산광역시 금정구 구서동,8*,월세,98.76,400,30,2017,금강로446번길,detatched_multiFamily
부산광역시 금정구 구서동,8*,전세,98.76,5000,0,2017,금강로446번길,detatched_multiFamily
부산광역시 금정구 구서동,1**,월세,99.17,4000,5,2010,구서중앙로,detatched_multiFamily
부산광역시 금정구 구서동,1***,전세,109.51,10000,0,1993,두실로45번길,detatched_multiFamily
부산광역시 금정구 구서동,4**,월세,112.07,1000,65,1991,수림로50번길,detatched_multiFamily
부산광역시 금정구 구서동,7**,전세,115.7,8000,0,1986,구서중앙로40번길,detatched_multiFamily
부산광역시 금정구 구서동,1**,월세,124.27,9000,40,1985,구서중앙로,detatched_multiFamily
부산광역시 금정구 구서동,8**,전세,129.61,10000,0,2013,금강로,detatched_multiFamily
부산광역시 금정구 구서동,1**,월세,136.3,5000,55,1989,구서중앙로15번길,detatched_multiFamily
부산광역시 금정구 구서동,4**,월세,151.2,2000,40,1985,수림로50번길,detatched_multiFamily
부산광역시 금정구 구서동,1**,월세,155.85,4000,70,1995,중앙대로1959번길,detatched_multiFamily
부산광역시 금정구 구서동,4**,전세,156.82,4000,0,2015,체육공원로19번길,detatched_multiFamily
부산광역시 금정구 구서동,4**,전세,156.82,7000,0,2015,체육공원로19번길,detatched_multiFamily
부산광역시 금정구 구서동,4**,전세,162.78,10000,0,1984,금정로219번길,detatched_multiFamily
부산광역시 금정구 구서동,6**,월세,198,1000,19,1987,두실로37번길,detatched_multiFamily
부산광역시 금정구 구서동,7**,월세,199.8,500,45,1995,금강로,detatched_multiFamily
부산광역시 금정구 구서동,7**,월세,199.8,1000,35,1995,금강로,detatched_multiFamily
부산광역시 금정구 금사동,7*,월세,10,0,25,,,detatched_multiFamily
부산광역시 금정구 금사동,5**,월세,10,10,10,1974,금사로85번길,detatched_multiFamily
부산광역시 금정구 금사동,3**,월세,16.5,100,10,1986,금사로87번길,detatched_multiFamily
부산광역시 금정구 금사동,5*,월세,26.4,0,10,1985,금사로87번길,detatched_multiFamily
부산광역시 금정구 금사동,5*,월세,26.4,500,45,1986,금사로,detatched_multiFamily
부산광역시 금정구 금사동,2*,전세,33,2000,0,1977,사천로7번길,detatched_multiFamily
부산광역시 금정구 금사동,2*,전세,33.06,1700,0,1977,사천로7번길,detatched_multiFamily
부산광역시 금정구 금사동,3*,월세,36,1000,25,1978,사천로7번길,detatched_multiFamily
부산광역시 금정구 금사동,3**,월세,40,2500,10,1988,금사로107번길,detatched_multiFamily
부산광역시 금정구 금사동,5**,월세,42.9,3000,20,1984,금사로85번길,detatched_multiFamily
부산광역시 금정구 금사동,1**,전세,43,2200,0,1983,금사로,detatched_multiFamily
부산광역시 금정구 금사동,2*,전세,48.72,3500,0,1977,서금로,detatched_multiFamily
부산광역시 금정구 금사동,3**,월세,49.5,2000,15,1976,금사로97번길,detatched_multiFamily
부산광역시 금정구 금사동,2*,전세,54.09,6000,0,,금사로107번길,detatched_multiFamily
부산광역시 금정구 금사동,5**,월세,54.18,2000,23,1980,금사로67번길,detatched_multiFamily
부산광역시 금정구 금사동,3**,월세,66,1000,15,1996,금사로97번길,detatched_multiFamily
부산광역시 금정구 금사동,3**,월세,66,1000,25,1985,금사로85번길,detatched_multiFamily
부산광역시 금정구 금사동,5**,전세,66.69,9000,0,2016,서금로,detatched_multiFamily
부산광역시 금정구 금사동,5**,전세,70,6000,0,1984,금사로67번길,detatched_multiFamily
부산광역시 금정구 금사동,3**,전세,71.5,7500,0,1988,금사로97번길,detatched_multiFamily
부산광역시 금정구 금사동,3*,월세,77.82,5000,35,1983,금사로,detatched_multiFamily
부산광역시 금정구 금사동,1**,전세,82,3900,0,1989,금사로,detatched_multiFamily
부산광역시 금정구 금사동,3**,전세,82.5,3000,0,2001,금사로87번길,detatched_multiFamily
부산광역시 금정구 금사동,1**,월세,92.82,1600,10,1992,금사로67번길,detatched_multiFamily
부산광역시 금정구 금사동,3*,월세,99,5000,35,1983,금사로,detatched_multiFamily
부산광역시 금정구 금사동,2*,전세,101,8000,0,1978,사천로7번길,detatched_multiFamily
부산광역시 금정구 금사동,2*,전세,132,2000,0,1983,서금로,detatched_multiFamily
부산광역시 금정구 금사동,3*,월세,234,5000,35,1983,금사로,detatched_multiFamily
부산광역시 금정구 금성동,3**,월세,66,3000,20,,산성로,detatched_multiFamily
부산광역시 금정구 금성동,3**,월세,70.53,1000,10,1995,땅곡길,detatched_multiFamily
부산광역시 금정구 금성동,9**,월세,103.55,1000,50,1985,공해1길,detatched_multiFamily
부산광역시 금정구 남산동,9**,월세,12,1400,13,1988,청룡로53번길,detatched_multiFamily
부산광역시 금정구 남산동,1*,월세,12,1000,10,1987,팔송로24번길,detatched_multiFamily
부산광역시 금정구 남산동,3**,월세,13,2000,15,1990,팔송로39번길,detatched_multiFamily
부산광역시 금정구 남산동,1**,월세,13.23,300,38,,학산로13번길,detatched_multiFamily
부산광역시 금정구 남산동,1**,월세,14,300,29,2017,중앙대로2035번길,detatched_multiFamily
부산광역시 금정구 남산동,9**,월세,14.02,2000,14,2015,남산로37번길,detatched_multiFamily
부산광역시 금정구 남산동,9**,월세,14.84,300,28,2015,금강로611번길,detatched_multiFamily
부산광역시 금정구 남산동,3**,월세,15,100,30,2014,팔송로39번길,detatched_multiFamily
부산광역시 금정구 남산동,3**,월세,15,500,27,2018,팔송로39번길,detatched_multiFamily
부산광역시 금정구 남산동,9**,월세,15,300,28,2017,남산로51번길,detatched_multiFamily
부산광역시 금정구 남산동,1***,월세,15,300,35,2015,,detatched_multiFamily
부산광역시 금정구 남산동,1*,월세,15,1000,20,1987,팔송로24번길,detatched_multiFamily
부산광역시 금정구 남산동,9**,월세,15,1000,29,2017,남산로37번길,detatched_multiFamily
부산광역시 금정구 남산동,1***,월세,15,2000,9,,,detatched_multiFamily
부산광역시 금정구 남산동,1*,전세,15,4000,0,2017,,detatched_multiFamily
부산광역시 금정구 남산동,9**,전세,15,4000,0,2016,,detatched_multiFamily
부산광역시 금정구 남산동,1**,전세,15,5000,0,2017,,detatched_multiFamily
부산광역시 금정구 남산동,1***,월세,15.24,300,22,2014,두실로,detatched_multiFamily
부산광역시 금정구 남산동,1**,월세,15.28,300,35,2017,중앙대로2007번길,detatched_multiFamily
부산광역시 금정구 남산동,7*,월세,15.6,200,35,2015,중앙대로2001번길,detatched_multiFamily
부산광역시 금정구 남산동,1**,월세,15.94,2000,25,2017,학산로13번길,detatched_multiFamily
부산광역시 금정구 남산동,*,월세,16,500,35,2017,금단로101번길,detatched_multiFamily
부산광역시 금정구 남산동,9**,월세,16,200,30,2014,금강로633번길,detatched_multiFamily
부산광역시 금정구 남산동,9**,월세,16,200,30,2014,금강로633번길,detatched_multiFamily
부산광역시 금정구 남산동,9**,월세,16,200,25,2016,팔송로59번길,detatched_multiFamily
부산광역시 금정구 남산동,9**,월세,16,100,35,2014,금강로633번길,detatched_multiFamily
부산광역시 금정구 남산동,9**,월세,16,300,25,2016,팔송로59번길,detatched_multiFamily
부산광역시 금정구 남산동,9**,월세,16,300,26,2015,팔송로39번길,detatched_multiFamily
부산광역시 금정구 남산동,*,전세,16,4500,0,2017,금단로101번길,detatched_multiFamily
부산광역시 금정구 남산동,*,전세,16,4000,0,2017,,detatched_multiFamily
부산광역시 금정구 남산동,9**,전세,16,4500,0,2014,,detatched_multiFamily
부산광역시 금정구 남산동,9**,월세,16.52,500,20,1989,팔송로53번길,detatched_multiFamily
부산광역시 금정구 남산동,9**,월세,16.52,200,20,2015,팔송로45번길,detatched_multiFamily
부산광역시 금정구 남산동,1*,전세,16.54,4000,0,2017,범어천로,detatched_multiFamily
부산광역시 금정구 남산동,9**,월세,17,300,35,2015,남산로37번길,detatched_multiFamily
부산광역시 금정구 남산동,9**,전세,17,4500,0,2014,금강로633번길,detatched_multiFamily
부산광역시 금정구 남산동,9**,전세,17.06,4000,0,2016,팔송로59번길,detatched_multiFamily
부산광역시 금정구 남산동,9**,월세,17.25,100,30,2018,팔송로45번길,detatched_multiFamily
부산광역시 금정구 남산동,9**,월세,17.25,150,27,2018,팔송로45번길,detatched_multiFamily
부산광역시 금정구 남산동,9*,전세,17.58,4800,0,,범어천로,detatched_multiFamily
부산광역시 금정구 남산동,1**,월세,17.59,2000,23,2017,학산로7번길,detatched_multiFamily
부산광역시 금정구 남산동,3*,월세,17.6,100,32,2017,중앙대로,detatched_multiFamily
부산광역시 금정구 남산동,1**,월세,18,500,37,2017,학산로13번길,detatched_multiFamily
부산광역시 금정구 남산동,9**,전세,18,4500,0,2014,,detatched_multiFamily
부산광역시 금정구 남산동,9**,전세,18,4000,0,2014,,detatched_multiFamily
부산광역시 금정구 남산동,9**,전세,18.02,4500,0,2015,금샘로,detatched_multiFamily
부산광역시 금정구 남산동,1***,전세,18.1,4500,0,2015,두실로,detatched_multiFamily
부산광역시 금정구 남산동,4*,월세,18.22,2500,30,,범어천로46번길,detatched_multiFamily
부산광역시 금정구 남산동,4*,월세,18.31,500,30,,범어천로46번길,detatched_multiFamily
부산광역시 금정구 남산동,1**,월세,18.48,300,25,2017,학산로7번길,detatched_multiFamily
부산광역시 금정구 남산동,9**,전세,18.51,5000,0,2015,,detatched_multiFamily
부산광역시 금정구 남산동,1**,월세,18.8,1000,20,2014,금강로,detatched_multiFamily
부산광역시 금정구 남산동,4**,월세,18.96,500,29,2018,금강로,detatched_multiFamily
부산광역시 금정구 남산동,3**,월세,19,500,40,2017,팔송로39번길,detatched_multiFamily
부산광역시 금정구 남산동,3**,월세,19,200,23,,팔송로39번길,detatched_multiFamily
부산광역시 금정구 남산동,1***,전세,19.09,4500,0,2014,,detatched_multiFamily
부산광역시 금정구 남산동,2**,월세,19.33,300,35,2016,중앙대로,detatched_multiFamily
부산광역시 금정구 남산동,9**,전세,19.51,4000,0,2016,금강로681번길,detatched_multiFamily
부산광역시 금정구 남산동,9**,전세,19.72,3500,0,2018,,detatched_multiFamily
부산광역시 금정구 남산동,9**,전세,19.72,4000,0,2018,남산로37번길,detatched_multiFamily
부산광역시 금정구 남산동,1**,월세,19.73,300,30,2012,범어천로21번길,detatched_multiFamily
부산광역시 금정구 남산동,9**,월세,19.8,200,30,2014,팔송로53번길,detatched_multiFamily
부산광역시 금정구 남산동,3**,전세,19.81,5000,0,2019,남산로,detatched_multiFamily
부산광역시 금정구 남산동,1**,월세,19.91,500,41,,금강로,detatched_multiFamily
부산광역시 금정구 남산동,1**,월세,19.99,1000,25,2017,학산로13번길,detatched_multiFamily
부산광역시 금정구 남산동,1**,월세,19.99,200,29,2017,학산로13번길,detatched_multiFamily
부산광역시 금정구 남산동,1***,월세,20,300,30,2015,두실로,detatched_multiFamily
부산광역시 금정구 남산동,9**,월세,20,300,33,2016,금강로647번길,detatched_multiFamily
부산광역시 금정구 남산동,1**,월세,20,200,25,2015,중앙대로2035번길,detatched_multiFamily
부산광역시 금정구 남산동,9**,월세,20,200,28,2011,팔송로45번길,detatched_multiFamily
부산광역시 금정구 남산동,1**,월세,20,100,32,2015,중앙대로2035번길,detatched_multiFamily
부산광역시 금정구 남산동,9**,월세,20,300,28,2017,팔송로53번길,detatched_multiFamily
부산광역시 금정구 남산동,9**,월세,20,100,26,2014,금강로647번길,detatched_multiFamily
부산광역시 금정구 남산동,1**,월세,20,300,28,2014,금강로,detatched_multiFamily
부산광역시 금정구 남산동,9**,월세,20,300,30,2011,팔송로45번길,detatched_multiFamily
부산광역시 금정구 남산동,1***,월세,20,100,32,2015,두실로,detatched_multiFamily
부산광역시 금정구 남산동,9**,월세,20,1000,29,2014,남산로37번길,detatched_multiFamily
부산광역시 금정구 남산동,9**,전세,20,4000,0,2016,금강로647번길,detatched_multiFamily
부산광역시 금정구 남산동,1**,전세,20,3500,0,2011,중앙대로2035번길,detatched_multiFamily
부산광역시 금정구 남산동,1**,전세,20,3500,0,2011,중앙대로2035번길,detatched_multiFamily
부산광역시 금정구 남산동,1**,전세,20,3500,0,2011,중앙대로2035번길,detatched_multiFamily
부산광역시 금정구 남산동,1**,전세,20.25,5500,0,2015,중앙대로2001번길,detatched_multiFamily
부산광역시 금정구 남산동,6**,전세,20.49,4000,0,,,detatched_multiFamily
부산광역시 금정구 남산동,1***,월세,21,100,35,2015,두실로,detatched_multiFamily
부산광역시 금정구 남산동,9**,월세,21.3,200,30,2017,팔송로53번길,detatched_multiFamily
부산광역시 금정구 남산동,9**,월세,21.42,100,25,2017,금강로633번길,detatched_multiFamily
부산광역시 금정구 남산동,9**,전세,21.89,3300,0,2015,팔송로53번길,detatched_multiFamily
부산광역시 금정구 남산동,9**,월세,22,500,29,2014,금강로693번길,detatched_multiFamily
부산광역시 금정구 남산동,9**,월세,22,1500,29,2014,팔송로59번길,detatched_multiFamily
부산광역시 금정구 남산동,7*,월세,22.44,2000,10,2015,중앙대로2001번길,detatched_multiFamily
부산광역시 금정구 남산동,4*,전세,22.57,7500,0,,,detatched_multiFamily
부산광역시 금정구 남산동,9**,월세,22.94,200,30,2014,팔송로53번길,detatched_multiFamily
부산광역시 금정구 남산동,1*,월세,23,300,33,2014,팔송로12번길,detatched_multiFamily
부산광역시 금정구 남산동,3**,전세,23,6000,0,,금강로681번길,detatched_multiFamily
부산광역시 금정구 남산동,8*,월세,23.03,200,30,2011,범어천로28번길,detatched_multiFamily
부산광역시 금정구 남산동,3**,월세,23.1,100,35,2014,팔송로39번길,detatched_multiFamily
부산광역시 금정구 남산동,9**,전세,23.1,6000,0,2012,팔송로53번길,detatched_multiFamily
부산광역시 금정구 남산동,1**,전세,23.1,6000,0,2015,금강로,detatched_multiFamily
부산광역시 금정구 남산동,9**,월세,23.21,4000,25,2017,남산로51번길,detatched_multiFamily
부산광역시 금정구 남산동,1***,월세,23.34,2500,40,2018,두실로,detatched_multiFamily
부산광역시 금정구 남산동,4*,월세,23.62,300,50,,범어천로46번길,detatched_multiFamily
부산광역시 금정구 남산동,9**,전세,23.7,6500,0,2015,금강로611번길,detatched_multiFamily
부산광역시 금정구 남산동,1**,월세,24,100,35,2012,범어천로31번길,detatched_multiFamily
부산광역시 금정구 남산동,1***,월세,24,500,35,2014,두실로,detatched_multiFamily
부산광역시 금정구 남산동,9**,월세,24,200,20,1988,팔송로53번길,detatched_multiFamily
부산광역시 금정구 남산동,9**,월세,24.08,3000,7,2011,청룡로45번길,detatched_multiFamily
부산광역시 금정구 남산동,9**,전세,24.08,4500,0,2011,청룡로45번길,detatched_multiFamily
부산광역시 금정구 남산동,1**,월세,24.2,100,30,2010,중앙대로1985번길,detatched_multiFamily
부산광역시 금정구 남산동,3**,월세,24.22,5000,15,2019,남산로,detatched_multiFamily
부산광역시 금정구 남산동,1**,월세,24.6,2000,20,2015,중앙대로2035번길,detatched_multiFamily
부산광역시 금정구 남산동,9**,월세,24.72,300,28,2015,팔송로39번길,detatched_multiFamily
부산광역시 금정구 남산동,1**,월세,24.83,1000,23,2014,중앙대로2007번길,detatched_multiFamily
부산광역시 금정구 남산동,1**,월세,25,300,30,2014,금강로,detatched_multiFamily
부산광역시 금정구 남산동,1**,월세,25,300,30,2014,금강로,detatched_multiFamily
부산광역시 금정구 남산동,9**,전세,25,6000,0,,팔송로53번길,detatched_multiFamily
부산광역시 금정구 남산동,9**,전세,25,6000,0,2012,팔송로53번길,detatched_multiFamily
부산광역시 금정구 남산동,1**,전세,25,2800,0,1991,중앙대로,detatched_multiFamily
부산광역시 금정구 남산동,1***,전세,25,7000,0,2018,,detatched_multiFamily
부산광역시 금정구 남산동,1**,전세,25.03,4500,0,2011,범어천로21번길,detatched_multiFamily
부산광역시 금정구 남산동,1**,월세,25.29,2000,50,,중앙대로2007번길,detatched_multiFamily
부산광역시 금정구 남산동,9*,전세,25.5,4500,0,2011,,detatched_multiFamily
부산광역시 금정구 남산동,1**,월세,25.6,2000,25,,중앙대로2035번길,detatched_multiFamily
부산광역시 금정구 남산동,1**,월세,25.62,2000,20,2015,중앙대로2035번길,detatched_multiFamily
부산광역시 금정구 남산동,3**,전세,26,6500,0,2012,,detatched_multiFamily
부산광역시 금정구 남산동,1**,전세,26,6000,0,2017,학산로13번길,detatched_multiFamily
부산광역시 금정구 남산동,1**,월세,26.2,3900,13,2015,금강로,detatched_multiFamily
부산광역시 금정구 남산동,9**,월세,26.4,150,15,1988,팔송로45번길,detatched_multiFamily
부산광역시 금정구 남산동,3**,월세,26.4,500,35,2019,남산로,detatched_multiFamily
부산광역시 금정구 남산동,3**,월세,26.4,300,20,1983,벅구산로8번길,detatched_multiFamily
부산광역시 금정구 남산동,9**,월세,26.45,3500,20,1990,팔송로39번길,detatched_multiFamily
부산광역시 금정구 남산동,4*,월세,26.65,2000,35,2021,범어천로46번길,detatched_multiFamily
부산광역시 금정구 남산동,4*,월세,26.65,1000,40,2021,범어천로46번길,detatched_multiFamily
부산광역시 금정구 남산동,4*,월세,26.65,1000,50,2021,범어천로46번길,detatched_multiFamily
부산광역시 금정구 남산동,4*,전세,26.65,9000,0,2021,범어천로46번길,detatched_multiFamily
부산광역시 금정구 남산동,4*,전세,26.65,9000,0,2021,범어천로46번길,detatched_multiFamily
부산광역시 금정구 남산동,1*,월세,27,500,29,2020,팔송로12번길,detatched_multiFamily
부산광역시 금정구 남산동,1**,전세,27,5000,0,2011,범어천로21번길,detatched_multiFamily
부산광역시 금정구 남산동,1**,전세,27.3,6000,0,2017,중앙대로2001번길,detatched_multiFamily
부산광역시 금정구 남산동,9**,월세,28,50,32,1991,남산로,detatched_multiFamily
부산광역시 금정구 남산동,9**,전세,28,5600,0,2012,,detatched_multiFamily
부산광역시 금정구 남산동,9**,전세,28,6000,0,2012,,detatched_multiFamily
부산광역시 금정구 남산동,9**,월세,28.26,300,35,,금샘로488번길,detatched_multiFamily
부산광역시 금정구 남산동,9**,월세,28.26,500,33,,금샘로488번길,detatched_multiFamily
부산광역시 금정구 남산동,9**,월세,28.31,300,30,2014,남산로37번길,detatched_multiFamily
부산광역시 금정구 남산동,2*,월세,29.26,500,40,,중앙대로,detatched_multiFamily
부산광역시 금정구 남산동,4*,전세,29.8,9000,0,2021,범어천로46번길,detatched_multiFamily
부산광역시 금정구 남산동,1**,월세,30,2000,20,1989,범어천로31번길,detatched_multiFamily
부산광역시 금정구 남산동,*,전세,30,6000,0,2016,금단로101번길,detatched_multiFamily
부산광역시 금정구 남산동,9**,월세,30.07,200,21,1993,금샘로,detatched_multiFamily
부산광역시 금정구 남산동,9**,전세,30.75,4800,0,1991,금샘로,detatched_multiFamily
부산광역시 금정구 남산동,9**,월세,31.15,500,30,2018,,detatched_multiFamily
부산광역시 금정구 남산동,9*,전세,32.4,5000,0,1987,범어천로31번길,detatched_multiFamily
부산광역시 금정구 남산동,4*,월세,33,2700,10,1990,범어천로46번길,detatched_multiFamily
부산광역시 금정구 남산동,9**,월세,33,2000,50,2014,금강로633번길,detatched_multiFamily
부산광역시 금정구 남산동,3**,월세,33,1000,48,2019,남산로,detatched_multiFamily
부산광역시 금정구 남산동,3**,월세,33,500,50,2019,남산로,detatched_multiFamily
부산광역시 금정구 남산동,7**,월세,33,2000,15,1988,금샘로578번길,detatched_multiFamily
부산광역시 금정구 남산동,9**,전세,33,8000,0,2014,금강로633번길,detatched_multiFamily
부산광역시 금정구 남산동,1**,전세,33,6500,0,2017,학산로13번길,detatched_multiFamily
부산광역시 금정구 남산동,7*,전세,33,5000,0,1994,중앙대로2001번길,detatched_multiFamily
부산광역시 금정구 남산동,8*,월세,33.05,1000,20,1987,범어천로28번길,detatched_multiFamily
부산광역시 금정구 남산동,1*,월세,33.06,300,20,1987,팔송로12번길,detatched_multiFamily
부산광역시 금정구 남산동,9*,전세,33.06,5500,0,1987,범어천로31번길,detatched_multiFamily
부산광역시 금정구 남산동,1**,전세,34,3500,0,1988,금강로,detatched_multiFamily
부산광역시 금정구 남산동,2*,월세,35,500,35,1988,중앙대로2097번길,detatched_multiFamily
부산광역시 금정구 남산동,9**,월세,35,1000,45,2014,팔송로53번길,detatched_multiFamily
부산광역시 금정구 남산동,3**,전세,35,7000,0,2012,팔송로39번길,detatched_multiFamily
부산광역시 금정구 남산동,3**,월세,36,1500,20,1994,금강로,detatched_multiFamily
부산광역시 금정구 남산동,9**,월세,36,1000,20,1991,남산로37번길,detatched_multiFamily
부산광역시 금정구 남산동,1**,월세,36,400,20,1988,중앙대로,detatched_multiFamily
부산광역시 금정구 남산동,7*,월세,36,1000,30,1994,중앙대로2007번길,detatched_multiFamily
부산광역시 금정구 남산동,3**,월세,36,200,35,1988,금강로,detatched_multiFamily
부산광역시 금정구 남산동,1***,월세,36.3,400,20,1987,금강로633번길,detatched_multiFamily
부산광역시 금정구 남산동,9**,월세,36.33,500,50,2015,팔송로53번길,detatched_multiFamily
부산광역시 금정구 남산동,9**,월세,36.36,2000,15,1991,금강로633번길,detatched_multiFamily
부산광역시 금정구 남산동,1*,전세,36.68,10000,0,2020,팔송로12번길,detatched_multiFamily
부산광역시 금정구 남산동,5*,전세,37.38,7500,0,1983,,detatched_multiFamily
부산광역시 금정구 남산동,6**,전세,37.77,5000,0,1992,팔송로,detatched_multiFamily
부산광역시 금정구 남산동,1**,월세,38,2500,15,1989,중앙대로2007번길,detatched_multiFamily
부산광역시 금정구 남산동,3**,전세,38.85,5500,0,2015,팔송로39번길,detatched_multiFamily
부산광역시 금정구 남산동,9**,월세,39,1500,25,1991,남산로37번길,detatched_multiFamily
부산광역시 금정구 남산동,2*,월세,39.11,3000,29,2019,범어천로46번길,detatched_multiFamily
부산광역시 금정구 남산동,5*,월세,39.21,500,20,1988,중앙대로,detatched_multiFamily
부산광역시 금정구 남산동,1**,전세,39.45,3000,0,1988,금강로,detatched_multiFamily
부산광역시 금정구 남산동,9**,월세,39.6,500,20,1991,남산로,detatched_multiFamily
부산광역시 금정구 남산동,1**,월세,39.6,1000,15,1988,학산로,detatched_multiFamily
부산광역시 금정구 남산동,9**,월세,39.6,300,32,1992,금강로693번길,detatched_multiFamily
부산광역시 금정구 남산동,9**,월세,39.6,1000,32,1992,금강로693번길,detatched_multiFamily
부산광역시 금정구 남산동,7*,월세,39.75,1000,40,1994,중앙대로2007번길,detatched_multiFamily
부산광역시 금정구 남산동,1*,월세,40,2000,20,1990,금강로,detatched_multiFamily
부산광역시 금정구 남산동,2**,월세,40,1000,20,1991,금단로,detatched_multiFamily
부산광역시 금정구 남산동,9**,월세,40,500,25,1991,팔송로53번길,detatched_multiFamily
부산광역시 금정구 남산동,3*,월세,40,500,25,1987,중앙대로,detatched_multiFamily
부산광역시 금정구 남산동,5*,전세,40,4500,0,1989,중앙대로2001번길,detatched_multiFamily
부산광역시 금정구 남산동,7**,전세,40,4000,0,1994,금샘로566번길,detatched_multiFamily
부산광역시 금정구 남산동,4*,월세,40.41,1000,50,2021,범어천로46번길,detatched_multiFamily
부산광역시 금정구 남산동,5*,월세,41.25,500,23,1992,중앙대로2001번길,detatched_multiFamily
부산광역시 금정구 남산동,1*,월세,42,3000,15,1983,팔송로24번길,detatched_multiFamily
부산광역시 금정구 남산동,9**,월세,42.1,1500,50,2014,금강로633번길,detatched_multiFamily
부산광역시 금정구 남산동,1**,월세,42.9,4000,29,1988,팔송로,detatched_multiFamily
부산광역시 금정구 남산동,5*,월세,42.9,4000,10,1997,팔송로7번길,detatched_multiFamily
부산광역시 금정구 남산동,5*,월세,42.9,400,17,1988,중앙대로,detatched_multiFamily
부산광역시 금정구 남산동,9**,전세,42.9,4000,0,1989,청룡로45번길,detatched_multiFamily
부산광역시 금정구 남산동,9**,월세,42.97,1000,20,1990,팔송로59번길,detatched_multiFamily
부산광역시 금정구 남산동,3**,월세,42.98,2000,15,1990,팔송로39번길,detatched_multiFamily
부산광역시 금정구 남산동,1**,월세,43,2000,15,1987,범어천로21번길,detatched_multiFamily
부산광역시 금정구 남산동,9**,월세,43,4000,10,1993,,detatched_multiFamily
부산광역시 금정구 남산동,1**,월세,43,1000,15,1996,학산로13번길,detatched_multiFamily
부산광역시 금정구 남산동,9**,전세,44,4000,0,1990,팔송로53번길,detatched_multiFamily
부산광역시 금정구 남산동,1**,전세,44.28,8000,0,1982,중앙대로2007번길,detatched_multiFamily
부산광역시 금정구 남산동,2**,월세,44.53,1000,40,1989,금단로175번길,detatched_multiFamily
부산광역시 금정구 남산동,9**,월세,45,2500,20,1992,팔송로45번길,detatched_multiFamily
부산광역시 금정구 남산동,9**,월세,45,500,20,1992,금샘로,detatched_multiFamily
부산광역시 금정구 남산동,9**,월세,45,500,20,1988,남산로37번길,detatched_multiFamily
부산광역시 금정구 남산동,1**,월세,45,500,35,1991,두실로24번길,detatched_multiFamily
부산광역시 금정구 남산동,2*,월세,45.16,2000,36,1979,중앙대로2097번길,detatched_multiFamily
부산광역시 금정구 남산동,9**,전세,45.26,5500,0,1985,금샘로578번길,detatched_multiFamily
부산광역시 금정구 남산동,1**,월세,45.82,3000,15,1996,범어천로31번길,detatched_multiFamily
부산광역시 금정구 남산동,2**,월세,46,1000,35,1991,금단로175번길,detatched_multiFamily
부산광역시 금정구 남산동,1**,월세,46.18,5000,30,1988,학산로13번길,detatched_multiFamily
부산광역시 금정구 남산동,1**,월세,46.18,6000,20,1988,학산로13번길,detatched_multiFamily
부산광역시 금정구 남산동,2*,전세,46.28,10000,0,2019,범어천로46번길,detatched_multiFamily
부산광역시 금정구 남산동,1**,월세,46.36,5000,10,1983,범어천로21번길,detatched_multiFamily
부산광역시 금정구 남산동,1*,월세,47,1000,40,1988,금강로,detatched_multiFamily
부산광역시 금정구 남산동,1*,월세,47,1000,40,1988,금강로,detatched_multiFamily
부산광역시 금정구 남산동,2*,월세,47.05,2000,28,1979,팔송로7번길,detatched_multiFamily
부산광역시 금정구 남산동,3**,월세,47.28,4000,20,1990,팔송로39번길,detatched_multiFamily
부산광역시 금정구 남산동,9**,전세,48,5000,0,1990,팔송로45번길,detatched_multiFamily
부산광역시 금정구 남산동,7**,전세,48,4000,0,1996,금샘로578번길,detatched_multiFamily
부산광역시 금정구 남산동,7**,전세,48.26,5000,0,1996,금샘로578번길,detatched_multiFamily
부산광역시 금정구 남산동,7**,전세,48.26,5000,0,1996,금샘로578번길,detatched_multiFamily
부산광역시 금정구 남산동,9**,월세,49,2000,10,1990,금강로709번길,detatched_multiFamily
부산광역시 금정구 남산동,5*,월세,49.5,500,23,1988,중앙대로,detatched_multiFamily
부산광역시 금정구 남산동,2**,월세,49.5,1500,30,1986,금단로175번길,detatched_multiFamily
부산광역시 금정구 남산동,8*,월세,49.58,1500,10,1986,범어천로,detatched_multiFamily
부산광역시 금정구 남산동,9**,월세,50,3000,30,1991,금샘로,detatched_multiFamily
부산광역시 금정구 남산동,4*,월세,50,2000,40,2021,범어천로46번길,detatched_multiFamily
부산광역시 금정구 남산동,1***,월세,50,3000,15,1987,두실로,detatched_multiFamily
부산광역시 금정구 남산동,1***,월세,50,2000,20,1987,두실로,detatched_multiFamily
부산광역시 금정구 남산동,3**,월세,50,3000,30,1988,팔송로39번길,detatched_multiFamily
부산광역시 금정구 남산동,9**,전세,50,8000,0,2015,금샘로,detatched_multiFamily
부산광역시 금정구 남산동,3**,전세,50,10000,0,2017,팔송로39번길,detatched_multiFamily
부산광역시 금정구 남산동,1*,월세,50.52,5000,15,1988,금강로,detatched_multiFamily
부산광역시 금정구 남산동,9**,월세,51,1000,25,1993,금샘로,detatched_multiFamily
부산광역시 금정구 남산동,9**,월세,52,1500,25,1996,금강로633번길,detatched_multiFamily
부산광역시 금정구 남산동,9**,전세,52,5500,0,1996,금강로633번길,detatched_multiFamily
부산광역시 금정구 남산동,7**,월세,52.42,3000,20,1997,금샘로566번길,detatched_multiFamily
부산광역시 금정구 남산동,9**,월세,52.89,4000,10,1991,범어사로,detatched_multiFamily
부산광역시 금정구 남산동,9*,전세,52.89,4000,0,1993,금강로,detatched_multiFamily
부산광역시 금정구 남산동,3**,월세,53.46,1000,25,1989,팔송로39번길,detatched_multiFamily
부산광역시 금정구 남산동,3**,월세,53.46,1000,25,1989,팔송로39번길,detatched_multiFamily
부산광역시 금정구 남산동,3*,월세,54.66,1000,25,,,detatched_multiFamily
부산광역시 금정구 남산동,1*,월세,55,2000,30,1988,팔송로18번길,detatched_multiFamily
부산광역시 금정구 남산동,1**,월세,55,1000,30,1997,학산로,detatched_multiFamily
부산광역시 금정구 남산동,3**,전세,55.72,11000,0,1988,팔송로39번길,detatched_multiFamily
부산광역시 금정구 남산동,1**,월세,56.4,500,37,2012,범어천로21번길,detatched_multiFamily
부산광역시 금정구 남산동,1**,전세,59.14,3000,0,1980,중앙대로,detatched_multiFamily
부산광역시 금정구 남산동,9**,전세,59.4,2800,0,1990,팔송로53번길,detatched_multiFamily
부산광역시 금정구 남산동,9**,전세,59.4,5500,0,1990,팔송로45번길,detatched_multiFamily
부산광역시 금정구 남산동,9**,전세,59.5,5500,0,1990,팔송로45번길,detatched_multiFamily
부산광역시 금정구 남산동,9**,월세,59.6,6000,10,1988,청룡로53번길,detatched_multiFamily
부산광역시 금정구 남산동,9**,월세,59.7,1000,60,2016,금강로611번길,detatched_multiFamily
부산광역시 금정구 남산동,1**,월세,59.78,800,30,1985,중앙대로2035번길,detatched_multiFamily
부산광역시 금정구 남산동,3**,월세,59.83,5000,20,,팔송로39번길,detatched_multiFamily
부산광역시 금정구 남산동,9**,월세,61.15,300,45,2017,남산로43번길,detatched_multiFamily
부산광역시 금정구 남산동,7**,전세,62.46,12000,0,,,detatched_multiFamily
부산광역시 금정구 남산동,2**,전세,62.73,9500,0,1984,금단로175번길,detatched_multiFamily
부산광역시 금정구 남산동,1**,월세,62.88,7000,20,1993,,detatched_multiFamily
부산광역시 금정구 남산동,1**,월세,62.88,7000,20,1993,학산로7번길,detatched_multiFamily
부산광역시 금정구 남산동,1**,월세,62.88,3000,40,1993,학산로7번길,detatched_multiFamily
부산광역시 금정구 남산동,9**,전세,62.88,8000,0,1988,팔송로59번길,detatched_multiFamily
부산광역시 금정구 남산동,7*,월세,63.02,100,30,2014,중앙대로2001번길,detatched_multiFamily
부산광역시 금정구 남산동,9**,월세,63.6,6000,25,1987,남산로37번길,detatched_multiFamily
부산광역시 금정구 남산동,9**,월세,64.31,500,37,2018,금강로681번길,detatched_multiFamily
부산광역시 금정구 남산동,9**,월세,64.31,500,37,2018,금강로681번길,detatched_multiFamily
부산광역시 금정구 남산동,1**,월세,64.44,1000,50,1983,두실로8번길,detatched_multiFamily
부산광역시 금정구 남산동,1**,월세,64.89,4000,25,1987,중앙대로2035번길,detatched_multiFamily
부산광역시 금정구 남산동,3**,월세,66,500,35,1988,금강로709번길,detatched_multiFamily
부산광역시 금정구 남산동,9**,월세,66,1000,25,1988,팔송로45번길,detatched_multiFamily
부산광역시 금정구 남산동,9**,월세,66.11,4000,20,1988,팔송로45번길,detatched_multiFamily
부산광역시 금정구 남산동,2*,월세,66.12,50,15,,중앙대로2097번길,detatched_multiFamily
부산광역시 금정구 남산동,1**,월세,66.51,2000,40,1984,학산로13번길,detatched_multiFamily
부산광역시 금정구 남산동,1***,월세,66.66,1000,20,1986,금강로,detatched_multiFamily
부산광역시 금정구 남산동,2*,전세,66.82,20000,0,,벅구산로,detatched_multiFamily
부산광역시 금정구 남산동,9**,월세,66.95,500,25,1988,팔송로53번길,detatched_multiFamily
부산광역시 금정구 남산동,9**,전세,68.9,9000,0,1989,금샘로,detatched_multiFamily
부산광역시 금정구 남산동,2*,월세,69,7000,20,1987,범어천로52번길,detatched_multiFamily
부산광역시 금정구 남산동,7**,월세,69.42,2000,55,1998,금샘로566번길,detatched_multiFamily
부산광역시 금정구 남산동,9**,월세,69.48,3000,30,2016,,detatched_multiFamily
부산광역시 금정구 남산동,2*,월세,69.96,6000,28,2013,벅구산로,detatched_multiFamily
부산광역시 금정구 남산동,1**,월세,70.2,3000,30,1984,학산로13번길,detatched_multiFamily
부산광역시 금정구 남산동,1**,월세,72.6,2000,35,1993,중앙대로2035번길,detatched_multiFamily
부산광역시 금정구 남산동,1*,월세,73.3,2500,30,1987,팔송로24번길,detatched_multiFamily
부산광역시 금정구 남산동,7**,전세,74.5,6000,0,,금샘로578번길,detatched_multiFamily
부산광역시 금정구 남산동,9**,월세,74.69,4000,30,1990,팔송로39번길,detatched_multiFamily
부산광역시 금정구 남산동,1**,월세,75,3000,22,1987,학산로13번길,detatched_multiFamily
부산광역시 금정구 남산동,1**,월세,75.33,8400,3,,금강로,detatched_multiFamily
부산광역시 금정구 남산동,9**,월세,75.9,1000,45,1994,금강로633번길,detatched_multiFamily
부산광역시 금정구 남산동,1*,전세,76.47,11000,0,1987,팔송로24번길,detatched_multiFamily
부산광역시 금정구 남산동,9**,월세,77.44,200,29,2015,남산로37번길,detatched_multiFamily
부산광역시 금정구 남산동,9**,월세,77.44,200,29,2015,남산로37번길,detatched_multiFamily
부산광역시 금정구 남산동,1*,전세,78.18,15000,0,,팔송로18번길,detatched_multiFamily
부산광역시 금정구 남산동,2*,월세,78.21,500,28,2019,범어천로46번길,detatched_multiFamily
부산광역시 금정구 남산동,2*,월세,78.21,2000,15,2019,범어천로46번길,detatched_multiFamily
부산광역시 금정구 남산동,1*,월세,78.54,6000,30,1991,금강로,detatched_multiFamily
부산광역시 금정구 남산동,3**,전세,79.2,4000,0,1980,벅구산로8번길,detatched_multiFamily
부산광역시 금정구 남산동,1*,월세,79.68,300,39,2012,팔송로24번길,detatched_multiFamily
부산광역시 금정구 남산동,9**,전세,79.69,9000,0,,금샘로,detatched_multiFamily
부산광역시 금정구 남산동,1***,월세,79.75,500,20,1988,금강로,detatched_multiFamily
부산광역시 금정구 남산동,2*,월세,80,3000,35,2004,범어천로52번길,detatched_multiFamily
부산광역시 금정구 남산동,9**,월세,80,1500,50,1991,팔송로59번길,detatched_multiFamily
부산광역시 금정구 남산동,9**,전세,80.95,8000,0,1991,금샘로,detatched_multiFamily
부산광역시 금정구 남산동,1**,월세,81.37,1000,40,1987,학산로21번길,detatched_multiFamily
부산광역시 금정구 남산동,5*,월세,82,500,35,1996,,detatched_multiFamily
부산광역시 금정구 남산동,5*,월세,82,500,35,1996,중앙대로,detatched_multiFamily
부산광역시 금정구 남산동,9**,월세,82.5,5000,20,1989,청룡로45번길,detatched_multiFamily
부산광역시 금정구 남산동,9**,월세,82.53,1000,50,1991,청룡로61번길,detatched_multiFamily
부산광역시 금정구 남산동,5*,월세,82.64,300,20,1988,중앙대로,detatched_multiFamily
부산광역시 금정구 남산동,3**,월세,84.32,3000,70,2018,팔송로39번길,detatched_multiFamily
부산광역시 금정구 남산동,1**,월세,85.26,3000,40,1987,두실로24번길,detatched_multiFamily
부산광역시 금정구 남산동,6**,월세,85.93,1000,25,1987,금샘로566번길,detatched_multiFamily
부산광역시 금정구 남산동,1**,월세,86.58,1500,34,1987,중앙대로1985번길,detatched_multiFamily
부산광역시 금정구 남산동,9*,전세,87.87,12600,0,1987,범어천로31번길,detatched_multiFamily
부산광역시 금정구 남산동,9**,월세,88.77,5000,30,1989,금샘로,detatched_multiFamily
부산광역시 금정구 남산동,2**,월세,89.06,1000,30,1989,금단로175번길,detatched_multiFamily
부산광역시 금정구 남산동,9**,전세,90,10000,0,1996,남산로37번길,detatched_multiFamily
부산광역시 금정구 남산동,8*,월세,90.72,3000,50,1989,범어천로38번길,detatched_multiFamily
부산광역시 금정구 남산동,3**,월세,91.41,4500,15,1987,금강로,detatched_multiFamily
부산광역시 금정구 남산동,3**,월세,91.41,4500,15,1987,금강로,detatched_multiFamily
부산광역시 금정구 남산동,7*,월세,93.4,100,30,2015,중앙대로2001번길,detatched_multiFamily
부산광역시 금정구 남산동,2**,월세,94.33,300,30,2014,금단로175번길,detatched_multiFamily
부산광역시 금정구 남산동,9*,월세,95.7,2000,29,2012,범어천로,detatched_multiFamily
부산광역시 금정구 남산동,7**,전세,96.51,10000,0,1996,금샘로578번길,detatched_multiFamily
부산광역시 금정구 남산동,9**,월세,97.21,2000,15,,팔송로39번길,detatched_multiFamily
부산광역시 금정구 남산동,1**,월세,98.5,500,20,1987,범어천로21번길,detatched_multiFamily
부산광역시 금정구 남산동,9**,월세,98.58,3000,13,2018,,detatched_multiFamily
부산광역시 금정구 남산동,9**,월세,98.88,2000,40,1991,금강로709번길,detatched_multiFamily
부산광역시 금정구 남산동,1**,월세,99.09,8000,10,1999,청룡로43번길,detatched_multiFamily
부산광역시 금정구 남산동,9**,월세,100,1000,50,1992,청룡로61번길,detatched_multiFamily
부산광역시 금정구 남산동,7*,월세,102.34,500,31,2017,중앙대로2001번길,detatched_multiFamily
부산광역시 금정구 남산동,2**,월세,104.21,1000,32,2016,중앙대로,detatched_multiFamily
부산광역시 금정구 남산동,9**,전세,105.56,4000,0,2015,팔송로45번길,detatched_multiFamily
부산광역시 금정구 남산동,9**,월세,108.09,200,33,2015,금샘로,detatched_multiFamily
부산광역시 금정구 남산동,9**,전세,108.09,4000,0,2015,금샘로,detatched_multiFamily
부산광역시 금정구 남산동,1**,월세,114.96,6000,35,1994,중앙대로1985번길,detatched_multiFamily
부산광역시 금정구 남산동,1**,월세,117.58,6000,35,1994,학산로,detatched_multiFamily
부산광역시 금정구 남산동,1**,전세,120.32,14000,0,1995,중앙대로2007번길,detatched_multiFamily
부산광역시 금정구 남산동,1**,월세,122.98,500,29,2015,금강로,detatched_multiFamily
부산광역시 금정구 남산동,1**,월세,122.98,300,29,2015,금강로,detatched_multiFamily
부산광역시 금정구 남산동,9*,월세,123.75,3500,30,1997,남산로,detatched_multiFamily
부산광역시 금정구 남산동,1***,월세,124.45,2000,70,1987,두실로,detatched_multiFamily
부산광역시 금정구 남산동,1***,월세,133.19,2000,60,1992,두실로,detatched_multiFamily
부산광역시 금정구 남산동,3**,월세,148.21,11000,30,2002,금강로,detatched_multiFamily
부산광역시 금정구 남산동,6**,월세,163.08,2000,40,1987,금샘로566번길,detatched_multiFamily
부산광역시 금정구 남산동,2**,월세,169.99,1000,40,2016,중앙대로,detatched_multiFamily
부산광역시 금정구 남산동,1**,월세,177.5,100,32,2010,중앙대로1985번길,detatched_multiFamily
부산광역시 금정구 노포동,7**,월세,10,50,10,,작장1길,detatched_multiFamily
부산광역시 금정구 노포동,2**,월세,13.22,40,12,,노포마을1길,detatched_multiFamily
부산광역시 금정구 노포동,8**,월세,20,1000,20,1993,중앙대로,detatched_multiFamily
부산광역시 금정구 노포동,7**,월세,39.66,300,20,,작장1길,detatched_multiFamily
부산광역시 금정구 노포동,7**,월세,40,200,30,,작장1길,detatched_multiFamily
부산광역시 금정구 노포동,4*,월세,42.97,100,20,1985,노포마을1길,detatched_multiFamily
부산광역시 금정구 노포동,3**,월세,66,2000,10,1980,중앙대로2327번안길,detatched_multiFamily
부산광역시 금정구 노포동,6**,월세,82.08,2000,40,,대룡3길,detatched_multiFamily
부산광역시 금정구 두구동,5**,월세,20.2,300,30,2011,임석1길,detatched_multiFamily
부산광역시 금정구 두구동,1**,월세,23,100,12,2016,체육공원로,detatched_multiFamily
부산광역시 금정구 두구동,1***,월세,33.06,500,18,,조리1길,detatched_multiFamily
부산광역시 금정구 두구동,5**,월세,38.02,500,50,,임석3길,detatched_multiFamily
부산광역시 금정구 두구동,5**,월세,40.62,300,20,1993,임석2길,detatched_multiFamily
부산광역시 금정구 두구동,5**,월세,66,1000,45,2009,임석1길,detatched_multiFamily
부산광역시 금정구 두구동,7**,월세,82.5,500,35,1979,대두로20번길,detatched_multiFamily
부산광역시 금정구 두구동,5**,월세,84.74,1000,20,2013,임석3길,detatched_multiFamily
부산광역시 금정구 두구동,1***,월세,91.5,5000,50,2000,체육공원로,detatched_multiFamily
부산광역시 금정구 두구동,9*,월세,101,600,30,1983,두구죽전1길,detatched_multiFamily
부산광역시 금정구 두구동,1***,월세,143.08,20000,40,2017,조리2길,detatched_multiFamily
부산광역시 금정구 두구동,1***,월세,143.08,20000,40,2017,조리2길,detatched_multiFamily
부산광역시 금정구 부곡동,2**,전세,10.81,6000,0,2019,동부곡로5번길,detatched_multiFamily
부산광역시 금정구 부곡동,7**,월세,11,300,20,1995,서동로60번길,detatched_multiFamily
부산광역시 금정구 부곡동,7**,월세,11,1000,17,1993,서동로66번길,detatched_multiFamily
부산광역시 금정구 부곡동,5**,월세,12,100,5,1969,가마실로,detatched_multiFamily
부산광역시 금정구 부곡동,*,월세,13.2,50,12,,중앙대로1778번길,detatched_multiFamily
부산광역시 금정구 부곡동,3**,월세,13.22,100,25,1971,부곡로18번안길,detatched_multiFamily
부산광역시 금정구 부곡동,2**,전세,13.85,4000,0,2017,부곡로168번길,detatched_multiFamily
부산광역시 금정구 부곡동,2**,월세,14.4,500,10,1981,동부곡로5번길,detatched_multiFamily
부산광역시 금정구 부곡동,2**,월세,14.52,300,30,,동부곡로5번길,detatched_multiFamily
부산광역시 금정구 부곡동,*,월세,15,500,30,2018,중앙대로1778번길,detatched_multiFamily
부산광역시 금정구 부곡동,2*,월세,15,300,30,2012,,detatched_multiFamily
부산광역시 금정구 부곡동,1*,월세,15,200,15,2011,기찰로102번길,detatched_multiFamily
부산광역시 금정구 부곡동,1*,월세,15,200,20,2011,기찰로102번길,detatched_multiFamily
부산광역시 금정구 부곡동,1**,월세,15.17,300,30,2018,중앙대로1742번길,detatched_multiFamily
부산광역시 금정구 부곡동,1**,월세,15.17,1500,30,2018,중앙대로1742번길,detatched_multiFamily
부산광역시 금정구 부곡동,5*,월세,15.17,500,29,2017,기찰로102번길,detatched_multiFamily
부산광역시 금정구 부곡동,2**,월세,15.67,300,33,2017,동부곡로9번길,detatched_multiFamily
부산광역시 금정구 부곡동,7**,월세,16,300,13,1977,서동로66번길,detatched_multiFamily
부산광역시 금정구 부곡동,2*,월세,16,500,30,2015,기찰로,detatched_multiFamily
부산광역시 금정구 부곡동,6*,월세,16,2000,20,2012,부곡온천천로,detatched_multiFamily
부산광역시 금정구 부곡동,2*,월세,16,300,30,2015,기찰로,detatched_multiFamily
부산광역시 금정구 부곡동,2*,월세,16,1000,28,2015,기찰로,detatched_multiFamily
부산광역시 금정구 부곡동,5*,전세,16,4500,0,2011,기찰로108번길,detatched_multiFamily
부산광역시 금정구 부곡동,6*,전세,16.05,6000,0,2019,수림로20번길,detatched_multiFamily
부산광역시 금정구 부곡동,2**,월세,16.5,300,28,2015,동부곡로5번길,detatched_multiFamily
부산광역시 금정구 부곡동,5**,월세,16.5,500,20,1994,동부곡로12번길,detatched_multiFamily
부산광역시 금정구 부곡동,2**,월세,16.59,300,35,,부곡로156번길,detatched_multiFamily
부산광역시 금정구 부곡동,6*,월세,17,500,32,2012,부곡온천천로,detatched_multiFamily
부산광역시 금정구 부곡동,2**,전세,17.85,5000,0,1975,부곡온천천로,detatched_multiFamily
부산광역시 금정구 부곡동,2**,월세,17.92,300,27,2011,서부곡로16번길,detatched_multiFamily
부산광역시 금정구 부곡동,6*,월세,18,500,30,2012,부곡온천천로,detatched_multiFamily
부산광역시 금정구 부곡동,2**,월세,18,1000,40,2019,동부곡로5번길,detatched_multiFamily
부산광역시 금정구 부곡동,*,월세,18,500,30,2018,,detatched_multiFamily
부산광역시 금정구 부곡동,1*,월세,18,1000,30,2010,무학송로138번길,detatched_multiFamily
부산광역시 금정구 부곡동,6*,월세,18,500,32,2012,부곡온천천로,detatched_multiFamily
부산광역시 금정구 부곡동,5*,전세,18,6000,0,2017,기찰로102번길,detatched_multiFamily
부산광역시 금정구 부곡동,1*,전세,18,5000,0,2016,무학송로138번길,detatched_multiFamily
부산광역시 금정구 부곡동,2**,전세,18,5500,0,2018,동부곡로5번길,detatched_multiFamily
부산광역시 금정구 부곡동,2**,전세,18,3500,0,2011,기찰로,detatched_multiFamily
부산광역시 금정구 부곡동,*,월세,18.15,1000,31,2017,오륜대로,detatched_multiFamily
부산광역시 금정구 부곡동,*,월세,18.15,300,30,2017,오륜대로,detatched_multiFamily
부산광역시 금정구 부곡동,*,월세,18.15,500,34,2017,오륜대로,detatched_multiFamily
부산광역시 금정구 부곡동,*,월세,18.15,500,30,2017,오륜대로,detatched_multiFamily
부산광역시 금정구 부곡동,*,월세,18.15,500,30,2017,오륜대로,detatched_multiFamily
부산광역시 금정구 부곡동,5*,월세,18.52,300,28,2017,기찰로,detatched_multiFamily
부산광역시 금정구 부곡동,5*,월세,18.52,300,28,2017,기찰로,detatched_multiFamily
부산광역시 금정구 부곡동,5*,월세,18.52,300,28,2017,기찰로,detatched_multiFamily
부산광역시 금정구 부곡동,1*,월세,18.6,2000,29,2010,기찰로102번길,detatched_multiFamily
부산광역시 금정구 부곡동,5*,월세,19,2000,14,2011,기찰로108번길,detatched_multiFamily
부산광역시 금정구 부곡동,3**,월세,19,0,15,1973,서부곡로11번길,detatched_multiFamily
부산광역시 금정구 부곡동,2*,월세,19,300,26,2013,기찰로108번길,detatched_multiFamily
부산광역시 금정구 부곡동,5*,월세,19.77,500,29,2017,기찰로102번길,detatched_multiFamily
부산광역시 금정구 부곡동,5*,월세,19.77,500,29,2017,기찰로102번길,detatched_multiFamily
부산광역시 금정구 부곡동,2**,월세,19.8,1000,30,2018,동부곡로9번길,detatched_multiFamily
부산광역시 금정구 부곡동,2*,월세,19.83,200,35,2018,기찰로108번길,detatched_multiFamily
부산광역시 금정구 부곡동,2**,월세,20,500,38,2018,부곡로142번길,detatched_multiFamily
부산광역시 금정구 부곡동,1*,월세,20,300,25,2010,기찰로102번길,detatched_multiFamily
부산광역시 금정구 부곡동,5*,월세,20,500,29,,기찰로102번길,detatched_multiFamily
부산광역시 금정구 부곡동,2**,월세,20,1000,28,2013,무학송로,detatched_multiFamily
부산광역시 금정구 부곡동,2**,월세,20,2000,10,2018,중앙대로1706번길,detatched_multiFamily
부산광역시 금정구 부곡동,2*,월세,20,500,33,2018,기찰로108번길,detatched_multiFamily
부산광역시 금정구 부곡동,2**,월세,20,2000,32,2018,부곡로142번길,detatched_multiFamily
부산광역시 금정구 부곡동,2**,월세,20,500,29,2018,부곡로142번길,detatched_multiFamily
부산광역시 금정구 부곡동,*,월세,20,3000,20,2017,오륜대로,detatched_multiFamily
부산광역시 금정구 부곡동,2**,월세,20,2000,10,2018,중앙대로1706번길,detatched_multiFamily
부산광역시 금정구 부곡동,2**,월세,20,6000,5,1983,동부곡로9번길,detatched_multiFamily
부산광역시 금정구 부곡동,2**,전세,20,4500,0,2017,부곡로168번길,detatched_multiFamily
부산광역시 금정구 부곡동,2*,전세,20,7000,0,,기찰로102번길,detatched_multiFamily
부산광역시 금정구 부곡동,*,전세,20,6000,0,2017,오륜대로,detatched_multiFamily
부산광역시 금정구 부곡동,6*,월세,20.26,250,32,2012,부곡온천천로,detatched_multiFamily
부산광역시 금정구 부곡동,6*,월세,20.26,300,32,2012,부곡온천천로,detatched_multiFamily
부산광역시 금정구 부곡동,6*,월세,20.27,300,33,2012,부곡온천천로,detatched_multiFamily
부산광역시 금정구 부곡동,2*,월세,20.46,500,27,2018,기찰로108번길,detatched_multiFamily
부산광역시 금정구 부곡동,2*,월세,20.46,500,29,2018,기찰로108번길,detatched_multiFamily
부산광역시 금정구 부곡동,6*,월세,20.54,1000,28,2012,부곡온천천로,detatched_multiFamily
부산광역시 금정구 부곡동,2**,월세,20.88,2000,10,2017,부곡로,detatched_multiFamily
부산광역시 금정구 부곡동,2**,월세,20.88,2000,26,2017,부곡로,detatched_multiFamily
부산광역시 금정구 부곡동,2*,월세,21,2000,30,2016,중앙대로1766번길,detatched_multiFamily
부산광역시 금정구 부곡동,2**,전세,21,5000,0,1983,동부곡로9번길,detatched_multiFamily
부산광역시 금정구 부곡동,1*,전세,21,5000,0,2012,오륜대로,detatched_multiFamily
부산광역시 금정구 부곡동,1*,전세,21,5000,0,2012,오륜대로,detatched_multiFamily
부산광역시 금정구 부곡동,1*,전세,21,5000,0,2012,오륜대로,detatched_multiFamily
부산광역시 금정구 부곡동,1*,전세,21,5000,0,2012,오륜대로,detatched_multiFamily
부산광역시 금정구 부곡동,3**,월세,22.16,1000,30,2017,동부곡로6번길,detatched_multiFamily
부산광역시 금정구 부곡동,2**,월세,22.35,500,38,2016,동부곡로5번길,detatched_multiFamily
부산광역시 금정구 부곡동,2**,월세,22.35,500,35,2016,동부곡로5번길,detatched_multiFamily
부산광역시 금정구 부곡동,3**,월세,22.48,1000,50,,동부곡로6번길,detatched_multiFamily
부산광역시 금정구 부곡동,2**,전세,22.55,6000,0,2017,부곡로142번길,detatched_multiFamily
부산광역시 금정구 부곡동,1*,전세,23,5000,0,2012,오륜대로,detatched_multiFamily
부산광역시 금정구 부곡동,2**,월세,23.1,1000,30,2017,부곡로,detatched_multiFamily
부산광역시 금정구 부곡동,2**,월세,23.1,2000,26,2017,부곡로,detatched_multiFamily
부산광역시 금정구 부곡동,2**,월세,23.1,500,33,2017,부곡로,detatched_multiFamily
부산광역시 금정구 부곡동,2**,전세,23.1,4000,0,2004,동부곡로9번길,detatched_multiFamily
부산광역시 금정구 부곡동,*,월세,24,2000,50,2018,중앙대로1778번길,detatched_multiFamily
부산광역시 금정구 부곡동,*,월세,24,2000,45,2018,중앙대로1778번길,detatched_multiFamily
부산광역시 금정구 부곡동,*,월세,24.18,500,30,2017,오륜대로,detatched_multiFamily
부산광역시 금정구 부곡동,*,월세,24.18,500,30,2017,오륜대로,detatched_multiFamily
부산광역시 금정구 부곡동,2**,월세,24.24,1500,27,2016,동부곡로5번길,detatched_multiFamily
부산광역시 금정구 부곡동,2**,월세,25,6500,9,2019,동부곡로5번길,detatched_multiFamily
부산광역시 금정구 부곡동,2*,월세,25,300,30,2015,기찰로,detatched_multiFamily
부산광역시 금정구 부곡동,2*,월세,25,2000,45,1993,기찰로,detatched_multiFamily
부산광역시 금정구 부곡동,1*,전세,25,4500,0,2010,무학송로138번길,detatched_multiFamily
부산광역시 금정구 부곡동,2**,월세,25.74,1000,43,,무학송로,detatched_multiFamily
부산광역시 금정구 부곡동,6*,전세,26.15,6500,0,2019,수림로20번길,detatched_multiFamily
부산광역시 금정구 부곡동,2*,월세,26.36,3000,25,2013,기찰로108번길,detatched_multiFamily
부산광역시 금정구 부곡동,2*,월세,26.76,500,30,2010,중앙대로1778번길,detatched_multiFamily
부산광역시 금정구 부곡동,2*,전세,26.98,7000,0,2011,,detatched_multiFamily
부산광역시 금정구 부곡동,2*,전세,26.98,6000,0,2011,,detatched_multiFamily
부산광역시 금정구 부곡동,2**,월세,28,2000,35,2019,동부곡로15번길,detatched_multiFamily
부산광역시 금정구 부곡동,2**,월세,28,2000,27,2019,동부곡로15번길,detatched_multiFamily
부산광역시 금정구 부곡동,1*,월세,28.56,500,28,2004,오륜대로,detatched_multiFamily
부산광역시 금정구 부곡동,2**,전세,28.83,7000,0,2019,동부곡로15번길,detatched_multiFamily
부산광역시 금정구 부곡동,2**,월세,29.04,300,32,2017,부곡로142번길,detatched_multiFamily
부산광역시 금정구 부곡동,1*,전세,29.04,8000,0,,중앙대로1778번길,detatched_multiFamily
부산광역시 금정구 부곡동,1*,전세,29.04,8000,0,2010,중앙대로1778번길,detatched_multiFamily
부산광역시 금정구 부곡동,5*,월세,29.67,500,30,1992,기찰로102번길,detatched_multiFamily
부산광역시 금정구 부곡동,6**,월세,29.75,1000,20,1974,동부곡로,detatched_multiFamily
부산광역시 금정구 부곡동,2**,전세,29.98,9000,0,2017,,detatched_multiFamily
부산광역시 금정구 부곡동,2**,전세,29.98,9000,0,2017,부곡로168번길,detatched_multiFamily
부산광역시 금정구 부곡동,6**,월세,30,2000,10,,가마실로,detatched_multiFamily
부산광역시 금정구 부곡동,7**,전세,30,1500,0,,서동로66번나길,detatched_multiFamily
부산광역시 금정구 부곡동,5*,월세,30.71,1500,29,2017,기찰로,detatched_multiFamily
부산광역시 금정구 부곡동,2**,월세,32,4000,25,,,detatched_multiFamily
부산광역시 금정구 부곡동,3**,월세,33,300,15,1977,서부곡로11번길,detatched_multiFamily
부산광역시 금정구 부곡동,5**,월세,33,100,30,1993,가마실로,detatched_multiFamily
부산광역시 금정구 부곡동,3**,월세,33,100,20,1986,오시게로54번길,detatched_multiFamily
부산광역시 금정구 부곡동,3**,월세,33,1500,28,1988,동현로43번길,detatched_multiFamily
부산광역시 금정구 부곡동,3**,월세,33,190,15,1977,오시게로58번길,detatched_multiFamily
부산광역시 금정구 부곡동,6**,월세,33,500,10,1974,동부곡로,detatched_multiFamily
부산광역시 금정구 부곡동,3**,월세,33,500,30,1977,서부곡로15번길,detatched_multiFamily
부산광역시 금정구 부곡동,6**,월세,33,1000,5,1992,동부곡로12번길,detatched_multiFamily
부산광역시 금정구 부곡동,3**,전세,33,800,0,1983,동부곡로10번길,detatched_multiFamily
부산광역시 금정구 부곡동,5**,월세,33.06,1000,20,1936,동부곡로42번길,detatched_multiFamily
부산광역시 금정구 부곡동,5**,월세,34.95,1500,10,1998,동부곡로12번길,detatched_multiFamily
부산광역시 금정구 부곡동,7**,월세,35,1500,25,,동현로,detatched_multiFamily
부산광역시 금정구 부곡동,2**,전세,35,7000,0,1988,동부곡로5번길,detatched_multiFamily
부산광역시 금정구 부곡동,2**,전세,35,7000,0,1988,동부곡로5번길,detatched_multiFamily
부산광역시 금정구 부곡동,2**,전세,35,7000,0,1988,동부곡로5번길,detatched_multiFamily
부산광역시 금정구 부곡동,6**,월세,35.18,100,20,1993,동부곡로12번길,detatched_multiFamily
부산광역시 금정구 부곡동,2**,월세,35.51,1000,33,1987,무학송로,detatched_multiFamily
부산광역시 금정구 부곡동,5*,월세,36,2000,30,2014,기찰로102번길,detatched_multiFamily
부산광역시 금정구 부곡동,5*,전세,36,5000,0,,기찰로102번길,detatched_multiFamily
부산광역시 금정구 부곡동,2**,월세,36.3,500,30,1984,동부곡로9번길,detatched_multiFamily
부산광역시 금정구 부곡동,5**,월세,36.89,500,20,1991,동부곡로12번길,detatched_multiFamily
부산광역시 금정구 부곡동,7**,월세,37.35,2000,10,1994,동현로,detatched_multiFamily
부산광역시 금정구 부곡동,3**,전세,37.85,7000,0,1977,,detatched_multiFamily
부산광역시 금정구 부곡동,7**,월세,38.02,3000,28,1975,동현로,detatched_multiFamily
부산광역시 금정구 부곡동,7**,월세,38.71,200,20,1992,가마실로,detatched_multiFamily
부산광역시 금정구 부곡동,3**,월세,39,300,25,1989,동현로39번길,detatched_multiFamily
부산광역시 금정구 부곡동,2**,월세,39,7000,5,1987,,detatched_multiFamily
부산광역시 금정구 부곡동,2**,전세,39.35,10000,0,2017,부곡로168번길,detatched_multiFamily
부산광역시 금정구 부곡동,2*,월세,39.66,300,15,1991,기찰로102번길,detatched_multiFamily
부산광역시 금정구 부곡동,5*,월세,39.66,300,30,1991,기찰로108번길,detatched_multiFamily
부산광역시 금정구 부곡동,2**,월세,40,500,35,1991,중앙대로1719번길,detatched_multiFamily
부산광역시 금정구 부곡동,3**,월세,40,2000,15,1996,오시게로58번길,detatched_multiFamily
부산광역시 금정구 부곡동,2**,월세,40,4000,10,,동부곡로19번길,detatched_multiFamily
부산광역시 금정구 부곡동,7**,월세,40,1000,20,1985,부곡로18번길,detatched_multiFamily
부산광역시 금정구 부곡동,5**,월세,40.69,500,13,1991,동부곡로12번길,detatched_multiFamily
부산광역시 금정구 부곡동,2**,월세,41,500,60,2020,동부곡로5번길,detatched_multiFamily
부산광역시 금정구 부곡동,2**,월세,41,500,60,2020,동부곡로5번길,detatched_multiFamily
부산광역시 금정구 부곡동,5*,월세,41.52,500,35,1984,기찰로108번길,detatched_multiFamily
부산광역시 금정구 부곡동,3**,전세,41.71,3500,0,1979,가마실로,detatched_multiFamily
부산광역시 금정구 부곡동,7**,월세,41.98,500,10,1980,서동로60번길,detatched_multiFamily
부산광역시 금정구 부곡동,3**,월세,42,3500,20,1977,서부곡로15번길,detatched_multiFamily
부산광역시 금정구 부곡동,7**,월세,42.16,2000,19,1993,,detatched_multiFamily
부산광역시 금정구 부곡동,3**,월세,42.61,5000,10,1978,가마실로,detatched_multiFamily
부산광역시 금정구 부곡동,3**,월세,42.9,3000,20,1995,동현로43번길,detatched_multiFamily
부산광역시 금정구 부곡동,7**,전세,42.97,5000,0,1995,동현로,detatched_multiFamily
부산광역시 금정구 부곡동,1*,월세,42.99,3500,10,1994,무학송로138번길,detatched_multiFamily
부산광역시 금정구 부곡동,7**,월세,42.99,3000,10,1993,서동로5번길,detatched_multiFamily
부산광역시 금정구 부곡동,1*,전세,42.99,5000,0,,무학송로138번길,detatched_multiFamily
부산광역시 금정구 부곡동,2**,월세,43,2000,28,2016,동부곡로15번길,detatched_multiFamily
부산광역시 금정구 부곡동,2*,월세,43,500,25,1992,기찰로102번길,detatched_multiFamily
부산광역시 금정구 부곡동,2**,월세,43,1000,40,2016,동부곡로15번길,detatched_multiFamily
부산광역시 금정구 부곡동,2**,전세,43.37,7000,0,1990,동부곡로,detatched_multiFamily
부산광역시 금정구 부곡동,2*,월세,43.43,200,40,2013,기찰로108번길,detatched_multiFamily
부산광역시 금정구 부곡동,2*,월세,43.43,4000,29,2013,기찰로108번길,detatched_multiFamily
부산광역시 금정구 부곡동,2*,월세,43.43,700,42,2013,기찰로108번길,detatched_multiFamily
부산광역시 금정구 부곡동,7**,전세,43.5,1200,0,1999,서동로66번길,detatched_multiFamily
부산광역시 금정구 부곡동,3**,월세,43.93,500,20,1994,동현로47번길,detatched_multiFamily
부산광역시 금정구 부곡동,3**,월세,44.6,1000,35,1980,가마실로,detatched_multiFamily
부산광역시 금정구 부곡동,2**,월세,44.68,2000,35,2017,부곡로168번길,detatched_multiFamily
부산광역시 금정구 부곡동,3**,전세,44.68,7000,0,1989,서부곡로11번길,detatched_multiFamily
부산광역시 금정구 부곡동,7**,월세,44.73,1000,25,1977,서동로34번길,detatched_multiFamily
부산광역시 금정구 부곡동,3**,월세,45,2000,23,1977,동부곡로10번길,detatched_multiFamily
부산광역시 금정구 부곡동,7**,월세,45,2500,20,1991,서동로5번길,detatched_multiFamily
부산광역시 금정구 부곡동,3**,월세,45.24,1000,20,1994,오시게로58번길,detatched_multiFamily
부산광역시 금정구 부곡동,2**,월세,46,2000,55,2017,부곡로,detatched_multiFamily
부산광역시 금정구 부곡동,3**,월세,46,3000,25,1977,,detatched_multiFamily
부산광역시 금정구 부곡동,2**,월세,46.1,3000,20,1995,무학송로,detatched_multiFamily
부산광역시 금정구 부곡동,2**,월세,46.2,1000,10,1989,동부곡로23번길,detatched_multiFamily
부산광역시 금정구 부곡동,3**,전세,46.2,4000,0,1993,동부곡로10번길,detatched_multiFamily
부산광역시 금정구 부곡동,3**,전세,46.5,3000,0,1984,오시게로,detatched_multiFamily
부산광역시 금정구 부곡동,3**,전세,46.5,6000,0,1984,오시게로,detatched_multiFamily
부산광역시 금정구 부곡동,5**,월세,47.24,1000,10,1977,동부곡로,detatched_multiFamily
부산광역시 금정구 부곡동,2**,월세,48,1500,25,,동부곡로23번길,detatched_multiFamily
부산광역시 금정구 부곡동,3**,월세,48.25,1000,30,1997,서부곡로11번길,detatched_multiFamily
부산광역시 금정구 부곡동,2**,월세,48.53,4000,20,1977,동부곡로5번길,detatched_multiFamily
부산광역시 금정구 부곡동,6**,월세,49,900,21,1975,동부곡로47번길,detatched_multiFamily
부산광역시 금정구 부곡동,3**,월세,49.2,500,23,1985,오시게로,detatched_multiFamily
부산광역시 금정구 부곡동,2**,월세,49.5,4000,20,1991,중앙대로1719번길,detatched_multiFamily
부산광역시 금정구 부곡동,3**,월세,49.5,1000,35,1991,서부곡로15번길,detatched_multiFamily
부산광역시 금정구 부곡동,2**,월세,49.5,900,30,1980,무학송로,detatched_multiFamily
부산광역시 금정구 부곡동,2*,전세,49.5,10000,0,2016,중앙대로1766번길,detatched_multiFamily
부산광역시 금정구 부곡동,2**,월세,49.59,2000,25,,중앙대로1719번길,detatched_multiFamily
부산광역시 금정구 부곡동,5*,전세,49.6,9000,0,2017,기찰로102번길,detatched_multiFamily
부산광역시 금정구 부곡동,5**,월세,50,100,10,1988,가마실로,detatched_multiFamily
부산광역시 금정구 부곡동,2**,월세,50,2000,20,1983,동부곡로15번길,detatched_multiFamily
부산광역시 금정구 부곡동,2**,월세,50,500,25,1984,동부곡로5번길,detatched_multiFamily
부산광역시 금정구 부곡동,2**,전세,50.01,14000,0,1980,동부곡로27번길,detatched_multiFamily
부산광역시 금정구 부곡동,2*,월세,50.16,2000,30,1994,무학송로,detatched_multiFamily
부산광역시 금정구 부곡동,3**,전세,51.2,4150,0,1993,서부곡로15번길,detatched_multiFamily
부산광역시 금정구 부곡동,3**,월세,51.4,8000,10,1977,동현로39번길,detatched_multiFamily
부산광역시 금정구 부곡동,7**,월세,52.14,4000,15,1995,동현로,detatched_multiFamily
부산광역시 금정구 부곡동,3**,월세,52.56,5000,10,1974,동현로39번길,detatched_multiFamily
부산광역시 금정구 부곡동,2**,월세,53.06,1000,65,2019,동부곡로5번길,detatched_multiFamily
부산광역시 금정구 부곡동,2**,월세,53.86,500,29,2017,부곡로142번길,detatched_multiFamily
부산광역시 금정구 부곡동,3**,월세,54.59,2000,29,1974,동현로16번길,detatched_multiFamily
부산광역시 금정구 부곡동,9**,전세,54.9,16000,0,,동현로,detatched_multiFamily
부산광역시 금정구 부곡동,3**,월세,55.57,3000,20,,동현로39번길,detatched_multiFamily
부산광역시 금정구 부곡동,2**,월세,56,2000,20,1987,동부곡로5번길,detatched_multiFamily
부산광역시 금정구 부곡동,3**,월세,56,5000,20,1979,오시게로58번길,detatched_multiFamily
부산광역시 금정구 부곡동,8**,월세,56.17,6000,20,,동현로16번길,detatched_multiFamily
부산광역시 금정구 부곡동,2**,월세,56.75,3000,30,2017,부곡로142번길,detatched_multiFamily
부산광역시 금정구 부곡동,3**,전세,58.58,2000,0,1977,서부곡로11번길,detatched_multiFamily
부산광역시 금정구 부곡동,2**,월세,59,2000,40,1990,중앙대로1719번길,detatched_multiFamily
부산광역시 금정구 부곡동,1*,월세,59.5,1000,35,1973,오륜대로,detatched_multiFamily
부산광역시 금정구 부곡동,3**,월세,59.67,1000,30,1978,오시게로66번길,detatched_multiFamily
부산광역시 금정구 부곡동,1*,월세,60,3000,30,1978,중앙대로1778번길,detatched_multiFamily
부산광역시 금정구 부곡동,6**,전세,60.16,7000,0,1974,동부곡로,detatched_multiFamily
부산광역시 금정구 부곡동,2**,월세,60.43,1000,30,2018,동부곡로9번길,detatched_multiFamily
부산광역시 금정구 부곡동,7**,전세,61,10000,0,1995,동현로,detatched_multiFamily
부산광역시 금정구 부곡동,2**,월세,61.3,6000,25,,동부곡로15번길,detatched_multiFamily
부산광역시 금정구 부곡동,2*,월세,62.28,4000,25,1991,기찰로102번길,detatched_multiFamily
부산광역시 금정구 부곡동,2*,월세,62.42,3000,14,2016,중앙대로1766번길,detatched_multiFamily
부산광역시 금정구 부곡동,2*,전세,62.42,5500,0,2016,중앙대로1766번길,detatched_multiFamily
부산광역시 금정구 부곡동,3**,월세,64.72,3000,30,1977,가마실로,detatched_multiFamily
부산광역시 금정구 부곡동,3**,전세,65.22,6000,0,2018,동부곡로10번길,detatched_multiFamily
부산광역시 금정구 부곡동,6**,월세,65.88,5000,10,1993,가마실로,detatched_multiFamily
부산광역시 금정구 부곡동,3**,월세,66.45,7000,10,1977,,detatched_multiFamily
부산광역시 금정구 부곡동,5**,월세,66.56,2500,23,1991,동부곡로12번길,detatched_multiFamily
부산광역시 금정구 부곡동,2*,전세,68,9500,0,1975,,detatched_multiFamily
부산광역시 금정구 부곡동,2**,월세,69.18,2500,50,2017,부곡로,detatched_multiFamily
부산광역시 금정구 부곡동,2**,월세,69.87,3500,35,1978,서부곡로16번길,detatched_multiFamily
부산광역시 금정구 부곡동,2**,월세,71.37,7000,30,1984,동부곡로5번길,detatched_multiFamily
부산광역시 금정구 부곡동,3**,월세,71.38,2000,30,1975,동현로43번길,detatched_multiFamily
부산광역시 금정구 부곡동,*,전세,71.46,8000,0,1988,중앙대로1778번길,detatched_multiFamily
부산광역시 금정구 부곡동,2**,월세,71.61,2000,50,1977,동부곡로5번길,detatched_multiFamily
부산광역시 금정구 부곡동,2**,월세,72.75,3500,37,2001,동부곡로9번길,detatched_multiFamily
부산광역시 금정구 부곡동,3**,월세,73.18,500,35,1974,부곡로18번길,detatched_multiFamily
부산광역시 금정구 부곡동,3**,전세,73.83,8000,0,1988,부곡로,detatched_multiFamily
부산광역시 금정구 부곡동,2*,월세,74.46,3000,15,2016,중앙대로1766번길,detatched_multiFamily
부산광역시 금정구 부곡동,3**,월세,74.71,500,30,1976,동부곡로6번길,detatched_multiFamily
부산광역시 금정구 부곡동,3**,전세,75.37,10000,0,1975,동현로39번길,detatched_multiFamily
부산광역시 금정구 부곡동,3**,월세,76.03,2000,40,1973,서부곡로11번길,detatched_multiFamily
부산광역시 금정구 부곡동,2**,전세,76.37,20000,0,,중앙대로1719번길,detatched_multiFamily
부산광역시 금정구 부곡동,3**,월세,76.61,2000,40,2004,서부곡로11번길,detatched_multiFamily
부산광역시 금정구 부곡동,3**,월세,76.82,4000,30,1983,오시게로58번길,detatched_multiFamily
부산광역시 금정구 부곡동,2**,월세,77.47,5000,40,1990,무학송로,detatched_multiFamily
부산광역시 금정구 부곡동,5**,월세,77.58,2000,35,1991,동부곡로42번길,detatched_multiFamily
부산광역시 금정구 부곡동,3**,월세,77.7,3000,35,1989,동현로39번길,detatched_multiFamily
부산광역시 금정구 부곡동,2**,월세,78.66,2000,45,1983,무학송로,detatched_multiFamily
부산광역시 금정구 부곡동,2**,월세,79.32,5000,30,1996,,detatched_multiFamily
부산광역시 금정구 부곡동,2**,월세,80.41,3000,19,2017,부곡로,detatched_multiFamily
부산광역시 금정구 부곡동,2**,월세,81.02,200,27,2018,중앙대로1706번길,detatched_multiFamily
부산광역시 금정구 부곡동,2**,전세,81.65,15000,0,1980,중앙대로1719번길,detatched_multiFamily
부산광역시 금정구 부곡동,3**,월세,82.08,5000,29,1992,동현로16번길,detatched_multiFamily
부산광역시 금정구 부곡동,2**,월세,82.13,6000,20,1991,동부곡로5번길,detatched_multiFamily
부산광역시 금정구 부곡동,2**,전세,83.16,6300,0,2017,부곡로,detatched_multiFamily
부산광역시 금정구 부곡동,3**,월세,84.07,3000,20,1976,부곡로,detatched_multiFamily
부산광역시 금정구 부곡동,9**,전세,84.67,43000,0,,중앙대로1629번길,detatched_multiFamily
부산광역시 금정구 부곡동,2**,전세,84.84,12000,0,1995,,detatched_multiFamily
부산광역시 금정구 부곡동,2*,월세,84.86,10000,10,,기찰로,detatched_multiFamily
부산광역시 금정구 부곡동,3**,월세,86.3,1500,15,1995,동현로,detatched_multiFamily
부산광역시 금정구 부곡동,2*,월세,88.36,5000,25,,기찰로,detatched_multiFamily
부산광역시 금정구 부곡동,2**,월세,90.2,500,38,2017,부곡로142번길,detatched_multiFamily
부산광역시 금정구 부곡동,2**,월세,90.22,4000,40,1991,중앙대로1719번길,detatched_multiFamily
부산광역시 금정구 부곡동,3**,월세,93.22,5000,50,1975,가마실로,detatched_multiFamily
부산광역시 금정구 부곡동,5*,전세,98.42,4000,0,2011,기찰로108번길,detatched_multiFamily
부산광역시 금정구 부곡동,5*,전세,98.72,4500,0,2011,기찰로108번길,detatched_multiFamily
부산광역시 금정구 부곡동,6**,전세,99,5000,0,1975,동부곡로42번길,detatched_multiFamily
부산광역시 금정구 부곡동,3**,월세,99.31,5000,30,1993,가마실로,detatched_multiFamily
부산광역시 금정구 부곡동,2**,전세,99.69,12000,0,1994,부곡로126번길,detatched_multiFamily
부산광역시 금정구 부곡동,3**,월세,103.99,2000,20,1997,동현로39번길,detatched_multiFamily
부산광역시 금정구 부곡동,2*,월세,105.42,3500,20,2013,기찰로108번길,detatched_multiFamily
부산광역시 금정구 부곡동,6**,월세,106.74,3000,50,2004,동부곡로27번길,detatched_multiFamily
부산광역시 금정구 부곡동,1*,전세,107.14,5000,0,2012,오륜대로,detatched_multiFamily
부산광역시 금정구 부곡동,6**,전세,113.05,5000,0,1978,동부곡로12번길,detatched_multiFamily
부산광역시 금정구 부곡동,2**,월세,114.48,500,27,1991,동부곡로27번길,detatched_multiFamily
부산광역시 금정구 부곡동,3**,월세,118.02,3000,40,1986,가마실로,detatched_multiFamily
부산광역시 금정구 부곡동,5*,월세,118.66,300,28,2017,기찰로102번길,detatched_multiFamily
부산광역시 금정구 부곡동,2*,월세,118.76,38,31,2013,기찰로108번길,detatched_multiFamily
부산광역시 금정구 부곡동,2*,월세,118.76,2000,30,2013,기찰로108번길,detatched_multiFamily
부산광역시 금정구 부곡동,6**,월세,119,500,50,1977,동부곡로27번길,detatched_multiFamily
부산광역시 금정구 부곡동,3**,전세,124.43,3000,0,1979,동현로16번길,detatched_multiFamily
부산광역시 금정구 부곡동,2*,월세,127.61,500,29,2013,기찰로108번길,detatched_multiFamily
부산광역시 금정구 부곡동,7**,월세,136.74,1500,25,,동현로,detatched_multiFamily
부산광역시 금정구 부곡동,1*,월세,136.92,100,18,2002,오륜대로,detatched_multiFamily
부산광역시 금정구 부곡동,3**,전세,142.1,25000,0,1988,동현로16번길,detatched_multiFamily
부산광역시 금정구 부곡동,3**,월세,150,1000,40,1996,동부곡로6번길,detatched_multiFamily
부산광역시 금정구 부곡동,2**,전세,150,10000,0,1976,부곡로142번길,detatched_multiFamily
부산광역시 금정구 부곡동,3**,월세,184.5,2000,35,1983,서동로5번길,detatched_multiFamily
부산광역시 금정구 서동,2**,월세,13.2,100,23,1989,서동로176번길,detatched_multiFamily
부산광역시 금정구 서동,3**,월세,15,500,20,2006,서동로140번길,detatched_multiFamily
부산광역시 금정구 서동,5**,전세,15,2300,0,1991,서동로78번길,detatched_multiFamily
부산광역시 금정구 서동,2**,월세,18,100,29,1983,서동중심로55번길,detatched_multiFamily
부산광역시 금정구 서동,2**,월세,18,500,28,2016,반송로388번길,detatched_multiFamily
부산광역시 금정구 서동,2**,전세,18,4500,0,2017,옥봉로8번길,detatched_multiFamily
부산광역시 금정구 서동,3**,월세,20,200,15,1993,서동시장길,detatched_multiFamily
부산광역시 금정구 서동,3**,전세,20.14,2500,0,1994,서동시장길,detatched_multiFamily
부산광역시 금정구 서동,2**,월세,21,500,20,1990,중군진로,detatched_multiFamily
부산광역시 금정구 서동,3**,월세,21.66,300,10,1994,서동로130번길,detatched_multiFamily
부산광역시 금정구 서동,3**,월세,24.66,300,10,1977,서동로134번길,detatched_multiFamily
부산광역시 금정구 서동,3**,월세,25,200,10,1991,서동로140번길,detatched_multiFamily
부산광역시 금정구 서동,2**,월세,26,500,35,1981,서동중심로,detatched_multiFamily
부산광역시 금정구 서동,2**,월세,26.91,300,30,2017,중군진로,detatched_multiFamily
부산광역시 금정구 서동,2**,월세,27.6,500,16,1978,서동중심로45번길,detatched_multiFamily
부산광역시 금정구 서동,3**,전세,28.52,2000,0,1995,,detatched_multiFamily
부산광역시 금정구 서동,2**,월세,30,500,50,2016,반송로388번길,detatched_multiFamily
부산광역시 금정구 서동,3**,전세,30,6000,0,1992,서곡로33번길,detatched_multiFamily
부산광역시 금정구 서동,3**,월세,31.36,500,10,1991,서동로140번길,detatched_multiFamily
부산광역시 금정구 서동,1**,전세,31.72,6500,0,1975,서부로,detatched_multiFamily
부산광역시 금정구 서동,3**,월세,33.26,100,10,1978,서동로112번길,detatched_multiFamily
부산광역시 금정구 서동,3**,월세,33.66,2000,14,1968,서동시장길,detatched_multiFamily
부산광역시 금정구 서동,3**,월세,34.03,100,10,1980,서동시장뒷길,detatched_multiFamily
부산광역시 금정구 서동,2**,월세,35,1500,30,1991,서동로194번길,detatched_multiFamily
부산광역시 금정구 서동,1**,월세,35,2000,15,1992,금사로37번길,detatched_multiFamily
부산광역시 금정구 서동,1**,월세,35.64,2000,13,1980,금사로29번길,detatched_multiFamily
부산광역시 금정구 서동,3**,월세,36.36,500,20,1970,서동시장길,detatched_multiFamily
부산광역시 금정구 서동,4**,전세,36.69,4800,0,1976,서곡로52번길,detatched_multiFamily
부산광역시 금정구 서동,5**,월세,37.72,2700,3,1980,서동로91번길,detatched_multiFamily
부산광역시 금정구 서동,1**,전세,38,4000,0,1975,서곡로34번길,detatched_multiFamily
부산광역시 금정구 서동,3**,월세,38.28,200,25,2000,서동로134번길,detatched_multiFamily
부산광역시 금정구 서동,3**,월세,38.48,300,15,1993,서동시장길,detatched_multiFamily
부산광역시 금정구 서동,3**,월세,38.69,50,10,2004,서동시장길,detatched_multiFamily
부산광역시 금정구 서동,3**,월세,38.69,50,10,2004,서동시장길,detatched_multiFamily
부산광역시 금정구 서동,3**,월세,39.67,50,7,1970,서동로140번길,detatched_multiFamily
부산광역시 금정구 서동,3**,월세,39.96,1500,5,1997,서동시장길,detatched_multiFamily
부산광역시 금정구 서동,1**,월세,40,2000,10,1984,서부로58번길,detatched_multiFamily
부산광역시 금정구 서동,2**,월세,40,300,30,1990,반송로388번길,detatched_multiFamily
부산광역시 금정구 서동,3**,월세,40,1800,10,1980,서동로134번길,detatched_multiFamily
부산광역시 금정구 서동,5**,월세,40.32,200,20,1991,서동로88번길,detatched_multiFamily
부산광역시 금정구 서동,3**,전세,40.95,3000,0,1991,서동로140번길,detatched_multiFamily
부산광역시 금정구 서동,1**,월세,41.1,1000,37,1983,서부로16번길,detatched_multiFamily
부산광역시 금정구 서동,1**,월세,41.45,3000,20,1976,,detatched_multiFamily
부산광역시 금정구 서동,2**,월세,41.77,3000,7,1977,서동중심로51번길,detatched_multiFamily
부산광역시 금정구 서동,3**,월세,41.91,100,12,,서동시장길,detatched_multiFamily
부산광역시 금정구 서동,1**,월세,42.01,100,20,1977,서부로52번길,detatched_multiFamily
부산광역시 금정구 서동,3**,전세,42.12,2800,0,1977,서동시장길,detatched_multiFamily
부산광역시 금정구 서동,3**,전세,42.31,2000,0,1972,서동시장길,detatched_multiFamily
부산광역시 금정구 서동,3**,월세,42.98,300,20,,서동로141번길,detatched_multiFamily
부산광역시 금정구 서동,3**,전세,42.98,2500,0,,서동시장길,detatched_multiFamily
부산광역시 금정구 서동,1**,월세,43,1000,30,1985,서부로58번길,detatched_multiFamily
부산광역시 금정구 서동,2**,월세,43,1500,20,1993,서동중심로45번길,detatched_multiFamily
부산광역시 금정구 서동,3**,전세,43,1700,0,1995,서동로100번길,detatched_multiFamily
부산광역시 금정구 서동,1**,전세,43,3000,0,1982,금사로29번길,detatched_multiFamily
부산광역시 금정구 서동,2**,월세,43.14,2000,25,1979,옥봉로,detatched_multiFamily
부산광역시 금정구 서동,3**,월세,43.2,200,20,1993,서동시장길,detatched_multiFamily
부산광역시 금정구 서동,2**,월세,43.26,1000,35,1989,옥봉로10번길,detatched_multiFamily
부산광역시 금정구 서동,2**,월세,43.3,400,20,1979,반송로388번길,detatched_multiFamily
부산광역시 금정구 서동,3**,월세,43.31,200,20,1993,서동로134번길,detatched_multiFamily
부산광역시 금정구 서동,3**,월세,43.31,200,20,1993,서동로134번길,detatched_multiFamily
부산광역시 금정구 서동,3**,월세,43.5,1000,40,1980,서동시장길,detatched_multiFamily
부산광역시 금정구 서동,3**,월세,43.56,200,12,1995,서동로134번길,detatched_multiFamily
부산광역시 금정구 서동,2**,전세,43.57,8000,0,,서동로194번길,detatched_multiFamily
부산광역시 금정구 서동,3**,월세,43.87,300,20,1977,서동시장길,detatched_multiFamily
부산광역시 금정구 서동,1**,전세,44.07,5000,0,1977,금사로29번길,detatched_multiFamily
부산광역시 금정구 서동,3**,전세,44.08,1800,0,2000,서동시장길,detatched_multiFamily
부산광역시 금정구 서동,2**,월세,44.5,500,33,1984,서동로194번길,detatched_multiFamily
부산광역시 금정구 서동,3**,월세,44.64,500,20,1992,삼차로,detatched_multiFamily
부산광역시 금정구 서동,3**,전세,44.64,3000,0,1968,서동로146번길,detatched_multiFamily
부산광역시 금정구 서동,3**,월세,45,300,15,1981,서동시장길,detatched_multiFamily
부산광역시 금정구 서동,2**,월세,45,500,20,1978,서동중심로49번길,detatched_multiFamily
부산광역시 금정구 서동,3**,전세,45.24,1000,0,1991,서동시장길,detatched_multiFamily
부산광역시 금정구 서동,3**,전세,45.26,2000,0,1994,서동로92번길,detatched_multiFamily
부산광역시 금정구 서동,1**,전세,45.29,7000,0,1977,서곡로,detatched_multiFamily
부산광역시 금정구 서동,3**,전세,45.36,1000,0,1993,서동로130번길,detatched_multiFamily
부산광역시 금정구 서동,5**,전세,45.5,2500,0,1995,서동로103번길,detatched_multiFamily
부산광역시 금정구 서동,3**,월세,45.6,1000,20,1977,서동시장길,detatched_multiFamily
부산광역시 금정구 서동,3**,월세,45.75,500,12,1993,서동로118번길,detatched_multiFamily
부산광역시 금정구 서동,3**,월세,46,200,20,1999,서동시장길,detatched_multiFamily
부산광역시 금정구 서동,3**,전세,46.1,2500,0,1979,서동로99번길,detatched_multiFamily
부산광역시 금정구 서동,3**,전세,46.36,3000,0,1991,서동로140번길,detatched_multiFamily
부산광역시 금정구 서동,5**,월세,46.91,70,20,1981,서동로99번길,detatched_multiFamily
부산광역시 금정구 서동,1**,월세,47.04,4000,15,,서부로76번길,detatched_multiFamily
부산광역시 금정구 서동,1**,월세,47.13,500,25,1983,개좌로27번길,detatched_multiFamily
부산광역시 금정구 서동,3**,월세,47.4,500,15,1995,서동시장길,detatched_multiFamily
부산광역시 금정구 서동,3**,전세,47.6,5000,0,1998,,detatched_multiFamily
부산광역시 금정구 서동,5**,전세,47.6,2500,0,1995,서동로87번길,detatched_multiFamily
부산광역시 금정구 서동,1**,월세,47.9,3500,15,1977,서곡로8번길,detatched_multiFamily
부산광역시 금정구 서동,4**,월세,47.92,100,29,1983,서곡로52번안길,detatched_multiFamily
부산광역시 금정구 서동,2**,월세,48,1000,15,1988,옥봉로14번길,detatched_multiFamily
부산광역시 금정구 서동,1**,월세,48.23,0,20,1977,서부로46번길,detatched_multiFamily
부산광역시 금정구 서동,4*,월세,48.27,2500,20,1977,금사로67번길,detatched_multiFamily
부산광역시 금정구 서동,1**,전세,48.55,10000,0,1979,금사로43번길,detatched_multiFamily
부산광역시 금정구 서동,1**,월세,48.57,1500,20,1975,금사로33번길,detatched_multiFamily
부산광역시 금정구 서동,3**,월세,48.73,500,15,1993,서동로140번길,detatched_multiFamily
부산광역시 금정구 서동,1**,월세,48.84,1500,25,1983,서부로52번길,detatched_multiFamily
부산광역시 금정구 서동,1**,월세,48.86,500,25,1975,서부로16번길,detatched_multiFamily
부산광역시 금정구 서동,2**,월세,49.32,2800,20,1979,서동로194번길,detatched_multiFamily
부산광역시 금정구 서동,4**,전세,49.59,2000,0,1973,서동시장길,detatched_multiFamily
부산광역시 금정구 서동,1**,월세,49.62,3000,20,1979,서부로16번길,detatched_multiFamily
부산광역시 금정구 서동,3**,월세,49.9,1000,20,1995,서동로134번길,detatched_multiFamily
부산광역시 금정구 서동,1**,월세,49.93,10000,30,1978,서금로30번길,detatched_multiFamily
부산광역시 금정구 서동,3**,월세,50,200,16,,서동로124번길,detatched_multiFamily
부산광역시 금정구 서동,3**,전세,50,3000,0,1993,서동로118번길,detatched_multiFamily
부산광역시 금정구 서동,3**,전세,50,1000,0,1999,서동로146번길,detatched_multiFamily
부산광역시 금정구 서동,1**,월세,50.1,1000,50,1976,서곡로8번길,detatched_multiFamily
부산광역시 금정구 서동,4**,월세,50.28,0,20,1990,서곡로52번안길,detatched_multiFamily
부산광역시 금정구 서동,1*,전세,50.97,3000,0,1992,서곡로52번안길,detatched_multiFamily
부산광역시 금정구 서동,1**,전세,51.48,7000,0,1975,서부로42번길,detatched_multiFamily
부산광역시 금정구 서동,3*,전세,51.5,5000,0,1990,서금로,detatched_multiFamily
부산광역시 금정구 서동,1**,월세,51.97,0,13,1980,서부로4번길,detatched_multiFamily
부산광역시 금정구 서동,2**,전세,51.99,4000,0,1978,중군진로,detatched_multiFamily
부산광역시 금정구 서동,3**,전세,52,3000,0,1994,서동로124번길,detatched_multiFamily
부산광역시 금정구 서동,2*,월세,52.02,1000,25,1983,서금로,detatched_multiFamily
부산광역시 금정구 서동,4**,전세,52.23,8500,0,1995,서곡로52번안길,detatched_multiFamily
부산광역시 금정구 서동,1**,전세,52.32,8000,0,,금사로43번길,detatched_multiFamily
부산광역시 금정구 서동,2**,월세,52.53,2000,20,1980,서동로176번길,detatched_multiFamily
부산광역시 금정구 서동,2**,월세,52.58,1000,30,1982,서명로11번안길,detatched_multiFamily
부산광역시 금정구 서동,3**,전세,52.89,2500,0,,삼차로,detatched_multiFamily
부산광역시 금정구 서동,2**,전세,52.91,6000,0,1981,서동중심로43번길,detatched_multiFamily
부산광역시 금정구 서동,3**,월세,53,300,20,2005,서동로124번길,detatched_multiFamily
부산광역시 금정구 서동,3**,전세,53,3000,0,1994,서동로118번길,detatched_multiFamily
부산광역시 금정구 서동,1**,전세,53.1,7500,0,,서부로46번길,detatched_multiFamily
부산광역시 금정구 서동,1**,전세,53.4,2000,0,1983,서곡로20번길,detatched_multiFamily
부산광역시 금정구 서동,1**,전세,53.43,6000,0,,서부로69번길,detatched_multiFamily
부산광역시 금정구 서동,2**,월세,53.57,3000,15,1984,서동중심로32번길,detatched_multiFamily
부산광역시 금정구 서동,3**,월세,53.68,1000,20,1988,서부로30번길,detatched_multiFamily
부산광역시 금정구 서동,1**,월세,53.79,500,10,1993,서부로52번길,detatched_multiFamily
부산광역시 금정구 서동,2**,월세,55.21,2500,10,1976,,detatched_multiFamily
부산광역시 금정구 서동,4**,월세,55.33,100,20,1992,서금로25번안길,detatched_multiFamily
부산광역시 금정구 서동,1**,월세,55.53,3600,10,1996,서동로103번길,detatched_multiFamily
부산광역시 금정구 서동,*,월세,55.86,2000,35,1978,서곡로52번안길,detatched_multiFamily
부산광역시 금정구 서동,2**,월세,56.16,3000,20,1977,서동중심로32번길,detatched_multiFamily
부산광역시 금정구 서동,3**,월세,56.2,300,20,1994,서동로146번길,detatched_multiFamily
부산광역시 금정구 서동,2**,전세,56.43,14000,0,1987,옥봉로13번길,detatched_multiFamily
부산광역시 금정구 서동,3**,월세,56.52,300,15,1996,서동시장길,detatched_multiFamily
부산광역시 금정구 서동,1**,전세,56.7,4000,0,1984,서부로58번길,detatched_multiFamily
부산광역시 금정구 서동,1**,월세,56.72,50,25,1994,서곡로52번길,detatched_multiFamily
부산광역시 금정구 서동,1**,월세,56.79,1000,17,1991,서금로30번길,detatched_multiFamily
부산광역시 금정구 서동,1**,전세,57.13,5000,0,1978,금사로37번길,detatched_multiFamily
부산광역시 금정구 서동,5**,월세,57.27,300,25,1977,서동로87번길,detatched_multiFamily
부산광역시 금정구 서동,1**,월세,57.52,2000,30,1978,금사로33번길,detatched_multiFamily
부산광역시 금정구 서동,2**,월세,58,3000,7,1981,서동중심로45번길,detatched_multiFamily
부산광역시 금정구 서동,4*,월세,58,500,15,1978,금사로67번길,detatched_multiFamily
부산광역시 금정구 서동,1**,월세,58.84,0,20,1976,금사로37번길,detatched_multiFamily
부산광역시 금정구 서동,1**,월세,58.84,3000,5,1975,서금로30번길,detatched_multiFamily
부산광역시 금정구 서동,1**,월세,58.84,2000,20,1975,서곡로20번길,detatched_multiFamily
부산광역시 금정구 서동,*,전세,59.05,4900,0,1986,서부로64번길,detatched_multiFamily
부산광역시 금정구 서동,1**,전세,59.17,7000,0,1976,금사로37번길,detatched_multiFamily
부산광역시 금정구 서동,3**,월세,59.28,400,18,1982,삼차로,detatched_multiFamily
부산광역시 금정구 서동,1**,월세,59.5,2000,20,1976,서부로52번길,detatched_multiFamily
부산광역시 금정구 서동,2**,전세,59.5,3000,0,1974,서명로11번길,detatched_multiFamily
부산광역시 금정구 서동,1**,전세,59.52,8000,0,1973,,detatched_multiFamily
부산광역시 금정구 서동,3*,월세,59.66,4000,30,1978,서금로,detatched_multiFamily
부산광역시 금정구 서동,1**,전세,59.83,15000,0,1977,서곡로20번길,detatched_multiFamily
부산광역시 금정구 서동,1**,전세,59.86,8000,0,1973,금사로37번길,detatched_multiFamily
부산광역시 금정구 서동,1**,월세,60,8000,10,1976,,detatched_multiFamily
부산광역시 금정구 서동,3**,전세,60.03,2000,0,1999,서명로,detatched_multiFamily
부산광역시 금정구 서동,3*,전세,60.09,8000,0,1987,,detatched_multiFamily
부산광역시 금정구 서동,1**,전세,60.16,7500,0,1977,금사로33번길,detatched_multiFamily
부산광역시 금정구 서동,1**,전세,60.16,7500,0,1977,금사로33번길,detatched_multiFamily
부산광역시 금정구 서동,1**,월세,60.18,3500,20,1974,서부로52번길,detatched_multiFamily
부산광역시 금정구 서동,1**,월세,60.18,3000,25,1974,서부로52번길,detatched_multiFamily
부산광역시 금정구 서동,2**,월세,60.2,4000,10,1981,서명로11번안길,detatched_multiFamily
부산광역시 금정구 서동,1**,월세,60.41,1000,20,1978,서부로58번길,detatched_multiFamily
부산광역시 금정구 서동,1**,월세,60.86,2500,32,1978,개좌로,detatched_multiFamily
부산광역시 금정구 서동,1**,전세,61.17,14000,0,1982,서곡로8번길,detatched_multiFamily
부산광역시 금정구 서동,4**,월세,61.52,4000,20,1982,서금로,detatched_multiFamily
부산광역시 금정구 서동,1**,월세,61.82,7000,5,1976,금사로41번길,detatched_multiFamily
부산광역시 금정구 서동,3*,전세,62.02,8000,0,1977,서곡로20번길,detatched_multiFamily
부산광역시 금정구 서동,1**,전세,62.15,3500,0,1977,금사로41번길,detatched_multiFamily
부산광역시 금정구 서동,1**,월세,62.76,300,15,1983,서부로4번길,detatched_multiFamily
부산광역시 금정구 서동,1**,월세,62.81,500,20,1973,금사로41번길,detatched_multiFamily
부산광역시 금정구 서동,2**,월세,62.81,3000,30,1976,서명로11번안길,detatched_multiFamily
부산광역시 금정구 서동,1**,전세,63.18,8000,0,1975,서부로10번길,detatched_multiFamily
부산광역시 금정구 서동,3*,전세,64.01,8500,0,1987,,detatched_multiFamily
부산광역시 금정구 서동,2*,월세,64.54,2000,28,1983,서금로,detatched_multiFamily
부산광역시 금정구 서동,1**,월세,64.73,3000,28,1977,서곡로,detatched_multiFamily
부산광역시 금정구 서동,2**,월세,64.81,5000,35,1977,서동중심로32번길,detatched_multiFamily
부산광역시 금정구 서동,1**,전세,65,5000,0,1975,서부로,detatched_multiFamily
부산광역시 금정구 서동,1**,월세,65.6,2000,25,1991,개좌로27번길,detatched_multiFamily
부산광역시 금정구 서동,1**,월세,65.64,100,10,1986,금사로51번길,detatched_multiFamily
부산광역시 금정구 서동,1**,전세,65.64,2500,0,1990,금사로37번길,detatched_multiFamily
부산광역시 금정구 서동,1**,월세,65.76,4000,20,1976,서동로103번길,detatched_multiFamily
부산광역시 금정구 서동,2**,월세,66,0,25,1976,서명로11번안길,detatched_multiFamily
부산광역시 금정구 서동,*,월세,66,200,10,1985,서부로64번길,detatched_multiFamily
부산광역시 금정구 서동,1**,월세,66.07,100,20,1989,서곡로8번길,detatched_multiFamily
부산광역시 금정구 서동,1**,월세,66.12,3000,45,1975,서곡로34번길,detatched_multiFamily
부산광역시 금정구 서동,1**,전세,66.47,10000,0,1978,,detatched_multiFamily
부산광역시 금정구 서동,1**,전세,66.47,10000,0,1978,서곡로8번길,detatched_multiFamily
부산광역시 금정구 서동,9*,월세,67.18,500,15,1991,금사로67번길,detatched_multiFamily
부산광역시 금정구 서동,9*,월세,67.18,100,12,1991,금사로67번길,detatched_multiFamily
부산광역시 금정구 서동,9*,월세,67.18,100,12,1991,금사로67번길,detatched_multiFamily
부산광역시 금정구 서동,1**,월세,67.55,1500,35,1984,서부로42번길,detatched_multiFamily
부산광역시 금정구 서동,1**,월세,67.7,500,20,1984,서부로58번길,detatched_multiFamily
부산광역시 금정구 서동,1**,월세,68.38,500,25,1977,서곡로20번길,detatched_multiFamily
부산광역시 금정구 서동,1**,전세,69.05,4000,0,1977,서부로,detatched_multiFamily
부산광역시 금정구 서동,2**,전세,70.21,5500,0,1978,서동중심로32번길,detatched_multiFamily
부산광역시 금정구 서동,2**,전세,70.72,7000,0,1991,서명로11번길,detatched_multiFamily
부산광역시 금정구 서동,4**,월세,70.88,500,15,1989,서부로64번길,detatched_multiFamily
부산광역시 금정구 서동,1**,월세,71.4,1000,35,1985,서부로16번길,detatched_multiFamily
부산광역시 금정구 서동,4**,월세,71.42,1000,30,1988,서곡로,detatched_multiFamily
부산광역시 금정구 서동,3**,월세,71.69,30,10,1991,서동로78번길,detatched_multiFamily
부산광역시 금정구 서동,1**,월세,72.36,300,25,1993,서부로4번길,detatched_multiFamily
부산광역시 금정구 서동,3**,월세,72.45,300,20,1994,서동로130번길,detatched_multiFamily
부산광역시 금정구 서동,1**,월세,72.73,2000,30,1975,,detatched_multiFamily
부산광역시 금정구 서동,4**,전세,72.73,7000,0,1977,서금로25번길,detatched_multiFamily
부산광역시 금정구 서동,4**,월세,73.73,2500,10,1989,서금로,detatched_multiFamily
부산광역시 금정구 서동,2**,전세,74,7000,0,1991,서동로194번길,detatched_multiFamily
부산광역시 금정구 서동,2**,전세,74,7000,0,,서동로194번길,detatched_multiFamily
부산광역시 금정구 서동,1**,월세,74.61,500,40,1979,금사로51번길,detatched_multiFamily
부산광역시 금정구 서동,2**,월세,74.79,500,20,1978,서동중심로51번길,detatched_multiFamily
부산광역시 금정구 서동,2**,월세,74.8,500,35,1973,서동중심로51번길,detatched_multiFamily
부산광역시 금정구 서동,1**,월세,74.81,8500,10,1978,,detatched_multiFamily
부산광역시 금정구 서동,3**,전세,76.2,2500,0,1999,서동로140번길,detatched_multiFamily
부산광역시 금정구 서동,3*,전세,76.29,3000,0,1994,서곡로20번길,detatched_multiFamily
부산광역시 금정구 서동,1**,월세,76.41,500,25,1995,금사로29번길,detatched_multiFamily
부산광역시 금정구 서동,4**,월세,76.54,300,25,1989,서곡로,detatched_multiFamily
부산광역시 금정구 서동,1**,월세,76.89,300,19,1978,서곡로8번길,detatched_multiFamily
부산광역시 금정구 서동,1**,월세,76.89,0,19,1978,서곡로8번길,detatched_multiFamily
부산광역시 금정구 서동,1**,월세,76.89,0,17,1978,서곡로8번길,detatched_multiFamily
부산광역시 금정구 서동,1**,월세,76.89,300,19,1978,서곡로8번길,detatched_multiFamily
부산광역시 금정구 서동,1**,전세,77.14,9000,0,1982,,detatched_multiFamily
부산광역시 금정구 서동,4**,전세,77.23,3500,0,1989,서부로64번길,detatched_multiFamily
부산광역시 금정구 서동,1**,월세,77.24,500,20,1978,금사로43번길,detatched_multiFamily
부산광역시 금정구 서동,4**,월세,77.46,500,25,1989,서곡로,detatched_multiFamily
부산광역시 금정구 서동,1**,월세,77.82,2000,15,1987,서부로52번길,detatched_multiFamily
부산광역시 금정구 서동,1**,월세,77.95,500,50,2018,개좌로27번길,detatched_multiFamily
부산광역시 금정구 서동,1**,월세,78.18,1000,20,1992,서부로52번길,detatched_multiFamily
부산광역시 금정구 서동,1**,월세,78.84,4000,5,1990,서곡로52번길,detatched_multiFamily
부산광역시 금정구 서동,4**,월세,79.09,300,20,1990,서금로25번안길,detatched_multiFamily
부산광역시 금정구 서동,1**,월세,79.5,7000,20,,,detatched_multiFamily
부산광역시 금정구 서동,1**,월세,80.15,500,20,1988,금사로,detatched_multiFamily
부산광역시 금정구 서동,2**,전세,80.69,12000,0,1978,옥봉로14번길,detatched_multiFamily
부산광역시 금정구 서동,4**,월세,81.68,2000,25,1989,서금로25번길,detatched_multiFamily
부산광역시 금정구 서동,1**,월세,82.99,1000,20,1995,서곡로,detatched_multiFamily
부산광역시 금정구 서동,2**,월세,84.32,1000,55,1979,옥봉로,detatched_multiFamily
부산광역시 금정구 서동,2**,월세,84.32,1000,55,1979,옥봉로,detatched_multiFamily
부산광역시 금정구 서동,1**,월세,85.47,3000,50,1980,서부로10번길,detatched_multiFamily
부산광역시 금정구 서동,2**,전세,85.56,10000,0,1986,서동중심로,detatched_multiFamily
부산광역시 금정구 서동,4**,월세,85.62,1500,15,1992,서금로25번길,detatched_multiFamily
부산광역시 금정구 서동,3**,월세,85.8,2000,40,1987,서부로30번길,detatched_multiFamily
부산광역시 금정구 서동,3**,월세,86,1000,30,1980,서동로130번길,detatched_multiFamily
부산광역시 금정구 서동,3*,전세,86.46,4000,0,1994,서곡로20번길,detatched_multiFamily
부산광역시 금정구 서동,3**,전세,86.64,2000,0,1978,서동시장길,detatched_multiFamily
부산광역시 금정구 서동,1**,월세,86.8,1000,20,1994,서곡로8번길,detatched_multiFamily
부산광역시 금정구 서동,1**,월세,88.2,50,17,1980,서곡로20번길,detatched_multiFamily
부산광역시 금정구 서동,1**,월세,88.56,300,40,2017,개좌로27번길,detatched_multiFamily
부산광역시 금정구 서동,3**,월세,89.32,40,8,1977,서동시장길,detatched_multiFamily
부산광역시 금정구 서동,1**,월세,90,4000,25,1980,개좌로,detatched_multiFamily
부산광역시 금정구 서동,1**,전세,90.02,15000,0,1979,서부로64번길,detatched_multiFamily
부산광역시 금정구 서동,4**,월세,90.44,500,25,1989,서금로25번길,detatched_multiFamily
부산광역시 금정구 서동,2**,전세,90.62,12000,0,1978,옥봉로14번길,detatched_multiFamily
부산광역시 금정구 서동,1**,월세,93.11,500,25,1983,개좌로,detatched_multiFamily
부산광역시 금정구 서동,1**,월세,93.4,150,14,1989,금사로43번길,detatched_multiFamily
부산광역시 금정구 서동,1**,월세,94.66,1100,20,1982,금사로29번길,detatched_multiFamily
부산광역시 금정구 서동,4**,월세,96.5,200,20,1978,서금로25번길,detatched_multiFamily
부산광역시 금정구 서동,1**,월세,96.66,1000,15,1992,서부로52번길,detatched_multiFamily
부산광역시 금정구 서동,1**,전세,97.98,7000,0,1977,서부로42번길,detatched_multiFamily
부산광역시 금정구 서동,5**,전세,99.28,3000,0,1993,서동로87번길,detatched_multiFamily
부산광역시 금정구 서동,3*,전세,104.72,4000,0,1978,서금로,detatched_multiFamily
부산광역시 금정구 서동,4**,월세,105.56,100,15,1986,서금로25번안길,detatched_multiFamily
부산광역시 금정구 서동,2**,전세,107.23,6000,0,1991,서명로11번길,detatched_multiFamily
부산광역시 금정구 서동,4**,전세,112.52,3300,0,1988,서금로25번길,detatched_multiFamily
부산광역시 금정구 서동,1**,월세,113.22,1000,20,1989,서부로4번길,detatched_multiFamily
부산광역시 금정구 서동,2**,월세,114.72,50,20,1983,서동로,detatched_multiFamily
부산광역시 금정구 서동,3**,월세,115.14,300,15,1989,서부로30번길,detatched_multiFamily
부산광역시 금정구 서동,2**,월세,115.5,500,40,1989,서동중심로,detatched_multiFamily
부산광역시 금정구 서동,2**,월세,116.75,1500,30,1985,반송로,detatched_multiFamily
부산광역시 금정구 서동,1**,월세,117.63,3000,40,1990,금사로,detatched_multiFamily
부산광역시 금정구 서동,3**,전세,123.81,5000,0,1993,서동로78번길,detatched_multiFamily
부산광역시 금정구 서동,1**,월세,145.14,3000,10,1992,서부로,detatched_multiFamily
부산광역시 금정구 서동,3*,전세,150.94,8000,0,1994,서곡로20번길,detatched_multiFamily
부산광역시 금정구 서동,5**,전세,161.64,6500,0,1985,서동로87번길,detatched_multiFamily
부산광역시 금정구 서동,2**,월세,178.5,500,29,2014,옥봉로3번길,detatched_multiFamily
부산광역시 금정구 선동,산5*,월세,40,50,20,1985,상현로,detatched_multiFamily
부산광역시 금정구 선동,5**,전세,49.62,2000,0,1980,신천로,detatched_multiFamily
부산광역시 금정구 선동,3**,월세,66,5000,60,,,detatched_multiFamily
부산광역시 금정구 선동,3**,월세,66,5000,60,2022,상현로,detatched_multiFamily
부산광역시 금정구 선동,9**,전세,122.16,15000,0,2017,하정로30번길,detatched_multiFamily
부산광역시 금정구 선동,4**,전세,189.5,25000,0,2014,신천로,detatched_multiFamily
부산광역시 금정구 장전동,1**,월세,12.1,3000,9,2011,수림로91번길,detatched_multiFamily
부산광역시 금정구 장전동,2**,월세,12.38,2000,50,2021,부산대학로64번길,detatched_multiFamily
부산광역시 금정구 장전동,4**,월세,12.39,1000,36,2019,금강로,detatched_multiFamily
부산광역시 금정구 장전동,6**,전세,12.69,5000,0,,,detatched_multiFamily
부산광역시 금정구 장전동,1**,월세,12.93,100,23,2011,부산대학로64번길,detatched_multiFamily
부산광역시 금정구 장전동,1**,월세,13,500,50,2000,수림로61번길,detatched_multiFamily
부산광역시 금정구 장전동,1**,월세,13.05,2000,15,2011,수림로91번길,detatched_multiFamily
부산광역시 금정구 장전동,3**,월세,13.2,500,30,2011,장전온천천로105번길,detatched_multiFamily
부산광역시 금정구 장전동,1**,월세,13.22,100,30,2011,부산대학로64번길,detatched_multiFamily
부산광역시 금정구 장전동,1**,전세,13.28,4500,0,,수림로75번길,detatched_multiFamily
부산광역시 금정구 장전동,1**,전세,13.4,5000,0,2011,수림로75번길,detatched_multiFamily
부산광역시 금정구 장전동,3**,월세,13.5,300,30,2010,부산대학로64번길,detatched_multiFamily
부산광역시 금정구 장전동,3*,월세,13.51,200,15,1982,금강로321번길,detatched_multiFamily
부산광역시 금정구 장전동,1**,전세,13.54,5000,0,,수림로91번길,detatched_multiFamily
부산광역시 금정구 장전동,2**,전세,14,5000,0,2011,장전온천천로,detatched_multiFamily
부산광역시 금정구 장전동,3***,월세,14.1,3500,20,,,detatched_multiFamily
부산광역시 금정구 장전동,4**,전세,14.26,4000,0,2011,부산대학로64번길,detatched_multiFamily
부산광역시 금정구 장전동,1**,월세,14.7,300,30,2016,수림로75번길,detatched_multiFamily
부산광역시 금정구 장전동,2*,월세,14.78,2000,25,,금강로321번길,detatched_multiFamily
부산광역시 금정구 장전동,1**,전세,14.79,5750,0,2016,,detatched_multiFamily
부산광역시 금정구 장전동,1**,월세,14.8,300,29,2015,수림로85번길,detatched_multiFamily
부산광역시 금정구 장전동,2*,월세,14.98,500,27,,금강로321번길,detatched_multiFamily
부산광역시 금정구 장전동,2**,월세,15,200,26,2011,금강로279번안길,detatched_multiFamily
부산광역시 금정구 장전동,3**,월세,15,500,33,2014,부산대학로64번길,detatched_multiFamily
부산광역시 금정구 장전동,1**,월세,15,3000,15,2015,수림로93번길,detatched_multiFamily
부산광역시 금정구 장전동,3**,월세,15,100,32,2011,장전온천천로,detatched_multiFamily
부산광역시 금정구 장전동,1**,월세,15,500,36,2015,수림로61번길,detatched_multiFamily
부산광역시 금정구 장전동,1**,월세,15,500,29,2015,수림로85번길,detatched_multiFamily
부산광역시 금정구 장전동,1**,월세,15,500,35,2017,수림로91번길,detatched_multiFamily
부산광역시 금정구 장전동,2**,월세,15,500,29,2020,부산대학로50번길,detatched_multiFamily
부산광역시 금정구 장전동,3**,월세,15,3000,5,2002,장전로,detatched_multiFamily
부산광역시 금정구 장전동,4**,월세,15,500,37,2015,장전온천천로79번길,detatched_multiFamily
부산광역시 금정구 장전동,2*,월세,15,1000,57,2021,금강로321번길,detatched_multiFamily
부산광역시 금정구 장전동,1**,월세,15,500,20,1985,수림로75번길,detatched_multiFamily
부산광역시 금정구 장전동,2**,월세,15,500,29,2017,,detatched_multiFamily
부산광역시 금정구 장전동,1**,월세,15,400,38,1990,금강로335번길,detatched_multiFamily
부산광역시 금정구 장전동,1**,월세,15,500,27,2015,수림로91번길,detatched_multiFamily
부산광역시 금정구 장전동,3**,월세,15,2000,25,2010,부산대학로38번길,detatched_multiFamily
부산광역시 금정구 장전동,3**,월세,15,500,33,2015,부산대학로50번길,detatched_multiFamily
부산광역시 금정구 장전동,2**,월세,15,500,35,2018,금정로149번안길,detatched_multiFamily
부산광역시 금정구 장전동,2**,월세,15,500,35,2018,금정로149번안길,detatched_multiFamily
부산광역시 금정구 장전동,2**,월세,15,500,43,2018,금강로321번길,detatched_multiFamily
부산광역시 금정구 장전동,3**,월세,15,200,20,2018,금강로291번길,detatched_multiFamily
부산광역시 금정구 장전동,3**,월세,15,500,29,2015,부산대학로64번길,detatched_multiFamily
부산광역시 금정구 장전동,2**,월세,15,1000,34,2018,금강로347번길,detatched_multiFamily
부산광역시 금정구 장전동,1**,월세,15,500,30,2015,금강로335번길,detatched_multiFamily
부산광역시 금정구 장전동,1**,월세,15,500,35,2017,수림로91번길,detatched_multiFamily
부산광역시 금정구 장전동,1**,월세,15,200,30,2011,부산대학로64번길,detatched_multiFamily
부산광역시 금정구 장전동,4**,월세,15,300,28,2011,금강로279번길,detatched_multiFamily
부산광역시 금정구 장전동,1**,월세,15,500,32,2016,,detatched_multiFamily
부산광역시 금정구 장전동,3**,월세,15,1000,30,2012,부산대학로63번길,detatched_multiFamily
부산광역시 금정구 장전동,7*,월세,15,1000,30,2018,금강로335번길,detatched_multiFamily
부산광역시 금정구 장전동,3**,월세,15,4000,12,2011,,detatched_multiFamily
부산광역시 금정구 장전동,1**,월세,15,3000,14,2011,수림로85번길,detatched_multiFamily
부산광역시 금정구 장전동,1**,월세,15,1500,7,1974,금강로321번길,detatched_multiFamily
부산광역시 금정구 장전동,1**,월세,15,4500,5,2011,수림로91번길,detatched_multiFamily
부산광역시 금정구 장전동,3**,전세,15,5000,0,2015,장전온천천로95번길,detatched_multiFamily
부산광역시 금정구 장전동,2**,전세,15,4000,0,1999,금강로279번길,detatched_multiFamily
부산광역시 금정구 장전동,2**,전세,15,4500,0,2011,장전온천천로,detatched_multiFamily
부산광역시 금정구 장전동,1**,전세,15,5000,0,2017,수림로85번길,detatched_multiFamily
부산광역시 금정구 장전동,3**,전세,15,2000,0,1994,부산대학로50번길,detatched_multiFamily
부산광역시 금정구 장전동,1**,전세,15,6000,0,2016,수림로91번길,detatched_multiFamily
부산광역시 금정구 장전동,1**,전세,15,6300,0,2016,수림로71번길,detatched_multiFamily
부산광역시 금정구 장전동,1**,전세,15,6000,0,2018,수림로61번길,detatched_multiFamily
부산광역시 금정구 장전동,1**,전세,15,5000,0,2016,수림로71번길,detatched_multiFamily
부산광역시 금정구 장전동,2**,전세,15,4000,0,2012,장전온천천로119번길,detatched_multiFamily
부산광역시 금정구 장전동,1**,전세,15,5000,0,2016,수림로91번길,detatched_multiFamily
부산광역시 금정구 장전동,1**,월세,15.25,500,41,2017,수림로61번길,detatched_multiFamily
부산광역시 금정구 장전동,2*,월세,15.26,3000,30,1997,금강로321번길,detatched_multiFamily
부산광역시 금정구 장전동,2**,월세,15.32,500,34,2016,부산대학로64번안길,detatched_multiFamily
부산광역시 금정구 장전동,2**,전세,15.32,5000,0,2011,장전온천천로,detatched_multiFamily
부산광역시 금정구 장전동,1**,전세,15.35,5500,0,2016,수림로91번길,detatched_multiFamily
부산광역시 금정구 장전동,3**,월세,15.5,300,30,2014,부산대학로50번길,detatched_multiFamily
부산광역시 금정구 장전동,2**,월세,15.72,500,35,2016,부산대학로64번안길,detatched_multiFamily
부산광역시 금정구 장전동,2**,전세,15.77,5000,0,2016,부산대학로64번안길,detatched_multiFamily
부산광역시 금정구 장전동,2**,월세,15.79,500,35,2015,부산대학로64번길,detatched_multiFamily
부산광역시 금정구 장전동,1**,전세,15.8,6000,0,2014,수림로81번길,detatched_multiFamily
부산광역시 금정구 장전동,2**,전세,15.84,5000,0,,장전온천천로113번길,detatched_multiFamily
부산광역시 금정구 장전동,3**,전세,15.91,4500,0,2001,부산대학로64번길,detatched_multiFamily
부산광역시 금정구 장전동,2**,월세,15.92,4000,7,2020,부산대학로50번길,detatched_multiFamily
부산광역시 금정구 장전동,1**,월세,16,300,25,,수림로75번길,detatched_multiFamily
부산광역시 금정구 장전동,2**,월세,16,500,33,2016,부산대학로64번안길,detatched_multiFamily
부산광역시 금정구 장전동,4**,월세,16,3000,15,2010,금강로291번길,detatched_multiFamily
부산광역시 금정구 장전동,3**,월세,16,2000,27,2017,금강로,detatched_multiFamily
부산광역시 금정구 장전동,3**,월세,16,5000,9,2018,장전온천천로89번길,detatched_multiFamily
부산광역시 금정구 장전동,2**,월세,16,500,35,2017,금강로321번안길,detatched_multiFamily
부산광역시 금정구 장전동,1**,월세,16,300,30,2011,수림로81번길,detatched_multiFamily
부산광역시 금정구 장전동,1**,전세,16,6000,0,2017,금강로347번길,detatched_multiFamily
부산광역시 금정구 장전동,1**,전세,16,6000,0,2017,금강로347번길,detatched_multiFamily
부산광역시 금정구 장전동,2**,전세,16,3500,0,2011,장전온천천로119번길,detatched_multiFamily
부산광역시 금정구 장전동,1**,월세,16.07,300,31,2016,금강로347번길,detatched_multiFamily
부산광역시 금정구 장전동,1**,월세,16.07,300,31,2016,금강로347번길,detatched_multiFamily
부산광역시 금정구 장전동,1**,월세,16.07,500,33,2016,금강로347번길,detatched_multiFamily
부산광역시 금정구 장전동,1**,전세,16.07,6000,0,2016,금강로347번길,detatched_multiFamily
부산광역시 금정구 장전동,1**,월세,16.4,300,27,2012,수림로85번길,detatched_multiFamily
부산광역시 금정구 장전동,2**,전세,16.42,5000,0,2017,부산대학로50번길,detatched_multiFamily
부산광역시 금정구 장전동,3**,월세,16.48,300,30,2014,부산대학로50번길,detatched_multiFamily
부산광역시 금정구 장전동,1**,월세,16.5,2000,30,2017,수림로61번길,detatched_multiFamily
부산광역시 금정구 장전동,1**,전세,16.8,6000,0,2016,수림로91번길,detatched_multiFamily
부산광역시 금정구 장전동,2**,월세,16.84,5000,7,,장전온천천로119번길,detatched_multiFamily
부산광역시 금정구 장전동,3**,전세,16.98,3000,0,2011,금강로,detatched_multiFamily
부산광역시 금정구 장전동,2**,월세,17,4000,5,2012,,detatched_multiFamily
부산광역시 금정구 장전동,1**,월세,17,500,30,2019,수림로71번길,detatched_multiFamily
부산광역시 금정구 장전동,1**,월세,17,1000,35,2019,수림로71번길,detatched_multiFamily
부산광역시 금정구 장전동,1**,월세,17,300,33,2016,수림로91번길,detatched_multiFamily
부산광역시 금정구 장전동,1**,월세,17,700,24,,수림로75번길,detatched_multiFamily
부산광역시 금정구 장전동,1**,월세,17,4000,13,2016,수림로91번길,detatched_multiFamily
부산광역시 금정구 장전동,1**,월세,17,300,30,2011,금강로347번길,detatched_multiFamily
부산광역시 금정구 장전동,1**,전세,17,5000,0,2016,수림로91번길,detatched_multiFamily
부산광역시 금정구 장전동,1**,전세,17,5000,0,2015,수림로91번길,detatched_multiFamily
부산광역시 금정구 장전동,2**,전세,17,5000,0,2011,부산대학로64번안길,detatched_multiFamily
부산광역시 금정구 장전동,1**,전세,17,5000,0,2016,수림로91번길,detatched_multiFamily
부산광역시 금정구 장전동,1**,전세,17,5000,0,2015,수림로91번길,detatched_multiFamily
부산광역시 금정구 장전동,2**,전세,17,4000,0,2013,부산대학로64번안길,detatched_multiFamily
부산광역시 금정구 장전동,2**,전세,17,4000,0,2011,부산대학로64번안길,detatched_multiFamily
부산광역시 금정구 장전동,2**,전세,17,4000,0,2013,부산대학로64번안길,detatched_multiFamily
부산광역시 금정구 장전동,1**,월세,17.22,200,34,2011,수림로61번길,detatched_multiFamily
부산광역시 금정구 장전동,1**,전세,17.34,5000,0,2015,수림로91번길,detatched_multiFamily
부산광역시 금정구 장전동,1**,전세,17.34,5000,0,2015,수림로91번길,detatched_multiFamily
부산광역시 금정구 장전동,1**,전세,17.34,5000,0,2015,수림로91번길,detatched_multiFamily
부산광역시 금정구 장전동,1**,월세,17.46,500,34,2016,수림로93번길,detatched_multiFamily
부산광역시 금정구 장전동,1**,전세,17.5,4300,0,2017,수림로85번길,detatched_multiFamily
부산광역시 금정구 장전동,1**,월세,17.54,500,30,2019,수림로71번길,detatched_multiFamily
부산광역시 금정구 장전동,2**,월세,17.54,500,33,2017,금정로149번안길,detatched_multiFamily
부산광역시 금정구 장전동,1**,월세,17.58,1000,35,2019,,detatched_multiFamily
부산광역시 금정구 장전동,1**,월세,17.73,2000,20,2011,수림로91번길,detatched_multiFamily
부산광역시 금정구 장전동,1**,전세,17.73,5000,0,2011,수림로91번길,detatched_multiFamily
부산광역시 금정구 장전동,1**,월세,17.84,1000,25,2013,수림로81번길,detatched_multiFamily
부산광역시 금정구 장전동,2**,월세,17.85,500,30,2020,부산대학로50번길,detatched_multiFamily
부산광역시 금정구 장전동,4**,월세,17.88,4500,6,2010,부산대학로49번길,detatched_multiFamily
부산광역시 금정구 장전동,3**,월세,18,200,28,2001,부산대학로64번길,detatched_multiFamily
부산광역시 금정구 장전동,2**,월세,18,500,28,2002,부산대학로64번길,detatched_multiFamily
부산광역시 금정구 장전동,3*,월세,18,1000,35,2017,금강로335번길,detatched_multiFamily
부산광역시 금정구 장전동,1**,월세,18,3000,25,2015,수림로75번길,detatched_multiFamily
부산광역시 금정구 장전동,2**,월세,18,3000,30,2016,부산대학로64번안길,detatched_multiFamily
부산광역시 금정구 장전동,1**,월세,18,1000,25,2011,,detatched_multiFamily
부산광역시 금정구 장전동,1**,월세,18,2000,30,2017,수림로61번길,detatched_multiFamily
부산광역시 금정구 장전동,1**,월세,18,2000,28,2017,수림로61번길,detatched_multiFamily
부산광역시 금정구 장전동,1**,월세,18,300,34,2011,수림로75번길,detatched_multiFamily
부산광역시 금정구 장전동,1**,월세,18,300,30,2016,금강로321번길,detatched_multiFamily
부산광역시 금정구 장전동,1**,월세,18,3000,10,2011,부산대학로64번길,detatched_multiFamily
부산광역시 금정구 장전동,1**,월세,18,5000,7,2015,수림로91번길,detatched_multiFamily
부산광역시 금정구 장전동,3**,월세,18,2000,30,2011,부산대학로64번길,detatched_multiFamily
부산광역시 금정구 장전동,3**,월세,18,300,29,2016,부산대학로50번길,detatched_multiFamily
부산광역시 금정구 장전동,2**,월세,18,100,25,2000,금강로279번길,detatched_multiFamily
부산광역시 금정구 장전동,3**,월세,18,500,20,2010,금강로,detatched_multiFamily
부산광역시 금정구 장전동,2**,월세,18,500,24,2011,금강로279번안길,detatched_multiFamily
부산광역시 금정구 장전동,3**,월세,18,1000,26,2013,부산대학로64번길,detatched_multiFamily
부산광역시 금정구 장전동,1**,월세,18,2000,25,2016,수림로61번길,detatched_multiFamily
부산광역시 금정구 장전동,3**,월세,18,500,30,2012,금강로,detatched_multiFamily
부산광역시 금정구 장전동,3*,월세,18,500,40,2017,금강로335번길,detatched_multiFamily
부산광역시 금정구 장전동,3*,월세,18,500,41,2017,금강로335번길,detatched_multiFamily
부산광역시 금정구 장전동,1**,월세,18,2000,15,2015,수림로93번길,detatched_multiFamily
부산광역시 금정구 장전동,1**,월세,18,300,30,2004,수림로91번길,detatched_multiFamily
부산광역시 금정구 장전동,4**,월세,18,1000,28,2016,장전온천천로79번길,detatched_multiFamily
부산광역시 금정구 장전동,2**,월세,18,1000,30,1987,금정로119번길,detatched_multiFamily
부산광역시 금정구 장전동,1**,월세,18,2000,18,2015,수림로91번길,detatched_multiFamily
부산광역시 금정구 장전동,2**,월세,18,1000,29,2014,장전온천천로,detatched_multiFamily
부산광역시 금정구 장전동,1**,월세,18,1500,20,2011,수림로75번길,detatched_multiFamily
부산광역시 금정구 장전동,1**,월세,18,300,28,2010,수림로91번길,detatched_multiFamily
부산광역시 금정구 장전동,3*,월세,18,500,40,2017,금강로335번길,detatched_multiFamily
부산광역시 금정구 장전동,1**,월세,18,500,30,2013,수림로85번길,detatched_multiFamily
부산광역시 금정구 장전동,1**,월세,18,1000,29,2009,수림로85번길,detatched_multiFamily
부산광역시 금정구 장전동,3**,월세,18,2000,33,2017,금강로,detatched_multiFamily
부산광역시 금정구 장전동,1**,월세,18,3000,12,2015,수림로93번길,detatched_multiFamily
부산광역시 금정구 장전동,3*,월세,18,1000,35,2017,금강로335번길,detatched_multiFamily
부산광역시 금정구 장전동,1**,월세,18,300,28,2004,수림로91번길,detatched_multiFamily
부산광역시 금정구 장전동,2**,월세,18,300,25,2011,장전온천천로119번길,detatched_multiFamily
부산광역시 금정구 장전동,1**,월세,18,500,40,2014,수림로61번길,detatched_multiFamily
부산광역시 금정구 장전동,2**,월세,18,500,37,2017,금정로149번안길,detatched_multiFamily
부산광역시 금정구 장전동,1**,월세,18,200,29,2011,부산대학로64번길,detatched_multiFamily
부산광역시 금정구 장전동,1**,월세,18,300,30,2012,수림로93번길,detatched_multiFamily
부산광역시 금정구 장전동,3**,월세,18,300,29,2016,부산대학로50번길,detatched_multiFamily
부산광역시 금정구 장전동,1**,월세,18,300,26,2010,수림로91번길,detatched_multiFamily
부산광역시 금정구 장전동,3**,월세,18,300,30,2011,부산대학로64번길,detatched_multiFamily
부산광역시 금정구 장전동,1**,월세,18,300,30,2015,금강로335번길,detatched_multiFamily
부산광역시 금정구 장전동,1**,월세,18,100,25,1975,금강로321번길,detatched_multiFamily
부산광역시 금정구 장전동,1**,월세,18,500,29,2017,수림로91번길,detatched_multiFamily
부산광역시 금정구 장전동,4*,월세,18,500,30,2011,금강로279번길,detatched_multiFamily
부산광역시 금정구 장전동,2**,월세,18,200,28,2011,금강로321번길,detatched_multiFamily
부산광역시 금정구 장전동,1**,월세,18,300,28,2015,수림로91번길,detatched_multiFamily
부산광역시 금정구 장전동,3**,월세,18,500,35,2010,장전온천천로83번길,detatched_multiFamily
부산광역시 금정구 장전동,1**,월세,18,500,30,2014,수림로81번길,detatched_multiFamily
부산광역시 금정구 장전동,3**,월세,18,300,26,1993,장전온천천로89번길,detatched_multiFamily
부산광역시 금정구 장전동,3*,월세,18,500,40,2017,금강로335번길,detatched_multiFamily
부산광역시 금정구 장전동,1**,월세,18,300,25,2016,수림로93번길,detatched_multiFamily
부산광역시 금정구 장전동,1**,월세,18,500,30,2004,수림로91번길,detatched_multiFamily
부산광역시 금정구 장전동,3*,월세,18,500,42,2017,금강로335번길,detatched_multiFamily
부산광역시 금정구 장전동,1**,월세,18,300,27,2011,수림로91번길,detatched_multiFamily
부산광역시 금정구 장전동,1**,월세,18,500,25,2010,금강로321번길,detatched_multiFamily
부산광역시 금정구 장전동,3**,월세,18,500,30,2021,부산대학로64번길,detatched_multiFamily
부산광역시 금정구 장전동,3*,월세,18,500,41,2017,금강로335번길,detatched_multiFamily
부산광역시 금정구 장전동,1**,월세,18,2000,15,2011,수림로91번길,detatched_multiFamily
부산광역시 금정구 장전동,1**,전세,18,6000,0,2017,금강로,detatched_multiFamily
부산광역시 금정구 장전동,7*,전세,18,6000,0,2018,금강로335번길,detatched_multiFamily
부산광역시 금정구 장전동,1**,전세,18,3000,0,2011,부산대학로64번길,detatched_multiFamily
부산광역시 금정구 장전동,3**,전세,18,7500,0,2020,장전온천천로101번길,detatched_multiFamily
부산광역시 금정구 장전동,1**,전세,18,5500,0,2011,수림로75번길,detatched_multiFamily
부산광역시 금정구 장전동,1**,전세,18,6000,0,,수림로61번길,detatched_multiFamily
부산광역시 금정구 장전동,1**,전세,18,6000,0,2018,수림로61번길,detatched_multiFamily
부산광역시 금정구 장전동,1**,전세,18,4500,0,2011,수림로91번길,detatched_multiFamily
부산광역시 금정구 장전동,1**,전세,18,4500,0,,수림로91번길,detatched_multiFamily
부산광역시 금정구 장전동,1**,전세,18,6000,0,2016,수림로91번길,detatched_multiFamily
부산광역시 금정구 장전동,1**,전세,18,6000,0,2016,수림로91번길,detatched_multiFamily
부산광역시 금정구 장전동,1**,전세,18,6000,0,2016,수림로91번길,detatched_multiFamily
부산광역시 금정구 장전동,4**,전세,18,4500,0,2011,금강로291번길,detatched_multiFamily
부산광역시 금정구 장전동,1**,전세,18,6000,0,2017,금강로347번길,detatched_multiFamily
부산광역시 금정구 장전동,1**,전세,18,4000,0,1990,금강로335번길,detatched_multiFamily
부산광역시 금정구 장전동,1**,전세,18,5000,0,2009,수림로85번길,detatched_multiFamily
부산광역시 금정구 장전동,2**,전세,18,5000,0,2015,수림로49번길,detatched_multiFamily
부산광역시 금정구 장전동,3**,전세,18,6000,0,2018,장전온천천로89번길,detatched_multiFamily
부산광역시 금정구 장전동,3**,전세,18,5000,0,1993,장전온천천로89번길,detatched_multiFamily
부산광역시 금정구 장전동,7*,전세,18,6000,0,2018,금강로335번길,detatched_multiFamily
부산광역시 금정구 장전동,1**,전세,18,5000,0,2011,금강로347번길,detatched_multiFamily
부산광역시 금정구 장전동,2**,전세,18,4000,0,2011,부산대학로64번안길,detatched_multiFamily
부산광역시 금정구 장전동,1**,월세,18.15,2000,20,2013,수림로81번길,detatched_multiFamily
부산광역시 금정구 장전동,1**,월세,18.15,2000,20,,수림로81번길,detatched_multiFamily
부산광역시 금정구 장전동,3**,월세,18.17,500,29,2003,부산대학로64번길,detatched_multiFamily
부산광역시 금정구 장전동,3**,월세,18.17,300,29,2003,부산대학로64번길,detatched_multiFamily
부산광역시 금정구 장전동,1**,월세,18.2,300,29,2018,수림로93번길,detatched_multiFamily
부산광역시 금정구 장전동,1**,월세,18.2,300,29,2018,수림로93번길,detatched_multiFamily
부산광역시 금정구 장전동,1**,전세,18.2,5000,0,2015,수림로61번길,detatched_multiFamily
부산광역시 금정구 장전동,1**,월세,18.3,3000,5,2011,부산대학로64번길,detatched_multiFamily
부산광역시 금정구 장전동,3**,전세,18.3,4000,0,2011,,detatched_multiFamily
부산광역시 금정구 장전동,4**,월세,18.32,500,38,2019,금강로,detatched_multiFamily
부산광역시 금정구 장전동,3**,월세,18.35,8000,7,1976,장전온천천로89번길,detatched_multiFamily
부산광역시 금정구 장전동,3**,전세,18.36,5200,0,2018,금강로,detatched_multiFamily
부산광역시 금정구 장전동,3**,전세,18.36,6000,0,2018,,detatched_multiFamily
부산광역시 금정구 장전동,1**,월세,18.44,2000,30,2015,수림로75번길,detatched_multiFamily
부산광역시 금정구 장전동,3**,월세,18.45,300,30,2011,장전로,detatched_multiFamily
부산광역시 금정구 장전동,4**,월세,18.46,3500,21,2019,금강로,detatched_multiFamily
부산광역시 금정구 장전동,1**,월세,18.48,500,29,2015,수림로85번길,detatched_multiFamily
부산광역시 금정구 장전동,1**,전세,18.5,5000,0,2016,수림로91번길,detatched_multiFamily
부산광역시 금정구 장전동,1**,월세,18.56,1000,25,2014,수림로75번길,detatched_multiFamily
부산광역시 금정구 장전동,1**,월세,18.57,500,29,2019,수림로81번길,detatched_multiFamily
부산광역시 금정구 장전동,2**,전세,18.57,4500,0,2011,금강로,detatched_multiFamily
부산광역시 금정구 장전동,1**,전세,18.58,5000,0,2012,수림로85번길,detatched_multiFamily
부산광역시 금정구 장전동,4**,월세,18.65,1000,38,2019,,detatched_multiFamily
부산광역시 금정구 장전동,2**,월세,18.67,500,29,2017,금강로321번안길,detatched_multiFamily
부산광역시 금정구 장전동,1**,월세,18.7,300,37,2011,부산대학로64번길,detatched_multiFamily
부산광역시 금정구 장전동,2**,월세,18.84,1000,34,2016,부산대학로64번길,detatched_multiFamily
부산광역시 금정구 장전동,2**,월세,18.9,500,41,2017,부산대학로50번길,detatched_multiFamily
부산광역시 금정구 장전동,1**,월세,18.93,500,40,2015,금강로335번길,detatched_multiFamily
부산광역시 금정구 장전동,1**,월세,19,500,35,2015,수림로93번길,detatched_multiFamily
부산광역시 금정구 장전동,2**,월세,19,3000,15,2012,장전온천천로113번길,detatched_multiFamily
부산광역시 금정구 장전동,3**,월세,19,500,45,2018,금강로,detatched_multiFamily
부산광역시 금정구 장전동,1**,전세,19,5000,0,2016,수림로71번길,detatched_multiFamily
부산광역시 금정구 장전동,3**,전세,19,4000,0,2011,,detatched_multiFamily
부산광역시 금정구 장전동,4**,월세,19.05,500,40,2021,금강로291번길,detatched_multiFamily
부산광역시 금정구 장전동,2**,월세,19.11,300,30,,,detatched_multiFamily
부산광역시 금정구 장전동,1**,월세,19.28,500,35,2016,수림로93번길,detatched_multiFamily
부산광역시 금정구 장전동,1**,월세,19.28,2000,26,2016,수림로93번길,detatched_multiFamily
부산광역시 금정구 장전동,3**,월세,19.3,500,35,2015,부산대학로64번길,detatched_multiFamily
부산광역시 금정구 장전동,1**,월세,19.3,500,37,2015,금강로335번길,detatched_multiFamily
부산광역시 금정구 장전동,3**,월세,19.3,500,35,2015,부산대학로64번길,detatched_multiFamily
부산광역시 금정구 장전동,2**,월세,19.51,200,27,2021,장전온천천로113번길,detatched_multiFamily
부산광역시 금정구 장전동,4**,월세,19.54,3000,30,2019,금강로,detatched_multiFamily
부산광역시 금정구 장전동,1**,전세,19.54,5000,0,2011,금강로347번길,detatched_multiFamily
부산광역시 금정구 장전동,2**,월세,19.55,500,45,2020,수림로49번길,detatched_multiFamily
부산광역시 금정구 장전동,3**,월세,19.61,500,40,2020,장전온천천로101번길,detatched_multiFamily
부산광역시 금정구 장전동,4**,전세,19.65,5000,0,2011,금강로291번길,detatched_multiFamily
부산광역시 금정구 장전동,1**,월세,19.73,300,29,2009,수림로85번길,detatched_multiFamily
부산광역시 금정구 장전동,1**,전세,19.8,5000,0,2015,수림로71번길,detatched_multiFamily
부산광역시 금정구 장전동,3**,월세,19.86,300,29,2010,부산대학로64번길,detatched_multiFamily
부산광역시 금정구 장전동,3**,월세,20,100,31,2002,장전온천천로105번길,detatched_multiFamily
부산광역시 금정구 장전동,3**,월세,20,200,29,2010,금강로,detatched_multiFamily
부산광역시 금정구 장전동,1**,월세,20,300,30,2016,수림로61번길,detatched_multiFamily
부산광역시 금정구 장전동,1**,월세,20,300,25,2016,금강로347번길,detatched_multiFamily
부산광역시 금정구 장전동,1**,월세,20,300,29,2011,수림로71번길,detatched_multiFamily
부산광역시 금정구 장전동,2**,월세,20,500,35,2016,부산대학로64번길,detatched_multiFamily
부산광역시 금정구 장전동,4*,월세,20,1000,30,2011,금강로279번길,detatched_multiFamily
부산광역시 금정구 장전동,3**,월세,20,3000,20,2017,금강로,detatched_multiFamily
부산광역시 금정구 장전동,4**,월세,20,300,30,2016,장전온천천로79번길,detatched_multiFamily
부산광역시 금정구 장전동,3**,월세,20,500,33,2014,부산대학로64번길,detatched_multiFamily
부산광역시 금정구 장전동,2**,월세,20,500,42,2018,,detatched_multiFamily
부산광역시 금정구 장전동,2**,월세,20,500,45,2016,부산대학로64번안길,detatched_multiFamily
부산광역시 금정구 장전동,1**,월세,20,500,35,2016,수림로81번길,detatched_multiFamily
부산광역시 금정구 장전동,1**,월세,20,1000,55,2017,,detatched_multiFamily
부산광역시 금정구 장전동,1**,월세,20,2000,20,2016,수림로61번길,detatched_multiFamily
부산광역시 금정구 장전동,1**,월세,20,3000,15,2011,수림로75번길,detatched_multiFamily
부산광역시 금정구 장전동,1**,월세,20,3000,15,2011,수림로75번길,detatched_multiFamily
부산광역시 금정구 장전동,2**,월세,20,300,27,2011,부산대학로64번안길,detatched_multiFamily
부산광역시 금정구 장전동,1**,월세,20,300,38,2016,금강로347번길,detatched_multiFamily
부산광역시 금정구 장전동,1**,월세,20,300,29,2012,수림로75번길,detatched_multiFamily
부산광역시 금정구 장전동,1**,월세,20,500,35,2016,수림로81번길,detatched_multiFamily
부산광역시 금정구 장전동,1**,월세,20,2000,23,2016,수림로61번길,detatched_multiFamily
부산광역시 금정구 장전동,1**,월세,20,250,30,2017,수림로91번길,detatched_multiFamily
부산광역시 금정구 장전동,3**,월세,20,300,25,2018,금강로291번길,detatched_multiFamily
부산광역시 금정구 장전동,1**,월세,20,2000,30,2015,수림로75번길,detatched_multiFamily
부산광역시 금정구 장전동,1**,월세,20,3000,25,2016,수림로91번길,detatched_multiFamily
부산광역시 금정구 장전동,3**,월세,20,4000,18,2017,금강로,detatched_multiFamily
부산광역시 금정구 장전동,1**,월세,20,300,38,2012,수림로93번길,detatched_multiFamily
부산광역시 금정구 장전동,1**,월세,20,300,30,2017,금강로347번길,detatched_multiFamily
부산광역시 금정구 장전동,2**,월세,20,500,35,2016,부산대학로64번안길,detatched_multiFamily
부산광역시 금정구 장전동,1**,월세,20,500,33,2016,수림로93번길,detatched_multiFamily
부산광역시 금정구 장전동,2**,월세,20,500,28,2011,금강로279번안길,detatched_multiFamily
부산광역시 금정구 장전동,1**,월세,20,500,37,2016,수림로61번길,detatched_multiFamily
부산광역시 금정구 장전동,2**,월세,20,1000,40,2018,수림로45번길,detatched_multiFamily
부산광역시 금정구 장전동,1**,월세,20,1000,40,2019,수림로81번길,detatched_multiFamily
부산광역시 금정구 장전동,2**,월세,20,2000,25,2013,부산대학로64번안길,detatched_multiFamily
부산광역시 금정구 장전동,1**,월세,20,500,35,2016,수림로81번길,detatched_multiFamily
부산광역시 금정구 장전동,1**,월세,20,500,30,2019,수림로71번길,detatched_multiFamily
부산광역시 금정구 장전동,3**,월세,20,200,30,2002,장전온천천로105번길,detatched_multiFamily
부산광역시 금정구 장전동,2**,월세,20,300,27,2017,금정로149번안길,detatched_multiFamily
부산광역시 금정구 장전동,2*,월세,20,500,37,2014,금강로335번길,detatched_multiFamily
부산광역시 금정구 장전동,2**,월세,20,500,29,2018,금강로321번길,detatched_multiFamily
부산광역시 금정구 장전동,3**,월세,20,4000,18,2017,금강로,detatched_multiFamily
부산광역시 금정구 장전동,1**,월세,20,500,35,2016,수림로81번길,detatched_multiFamily
부산광역시 금정구 장전동,7*,월세,20,1500,25,2018,금강로335번길,detatched_multiFamily
부산광역시 금정구 장전동,2**,월세,20,2000,27,2016,장전온천천로113번길,detatched_multiFamily
부산광역시 금정구 장전동,1**,월세,20,200,31,2010,수림로91번길,detatched_multiFamily
부산광역시 금정구 장전동,1**,월세,20,500,28,2015,수림로61번길,detatched_multiFamily
부산광역시 금정구 장전동,2**,월세,20,1000,19,2016,부산대학로64번안길,detatched_multiFamily
부산광역시 금정구 장전동,7*,월세,20,4000,13,2018,금강로335번길,detatched_multiFamily
부산광역시 금정구 장전동,7*,월세,20,100,20,1988,금강로335번길,detatched_multiFamily
부산광역시 금정구 장전동,3**,월세,20,200,25,2016,금강로291번길,detatched_multiFamily
부산광역시 금정구 장전동,2**,월세,20,400,30,2016,부산대학로64번길,detatched_multiFamily
부산광역시 금정구 장전동,1**,월세,20,2000,21,2014,수림로75번길,detatched_multiFamily
부산광역시 금정구 장전동,4**,월세,20,300,26,2000,금강로291번길,detatched_multiFamily
부산광역시 금정구 장전동,1**,월세,20,300,25,2011,금강로321번길,detatched_multiFamily
부산광역시 금정구 장전동,3**,월세,20,300,30,2018,금강로,detatched_multiFamily
부산광역시 금정구 장전동,1**,월세,20,500,30,2019,수림로71번길,detatched_multiFamily
부산광역시 금정구 장전동,3**,월세,20,500,29,2015,금강로,detatched_multiFamily
부산광역시 금정구 장전동,2**,월세,20,2000,25,2017,,detatched_multiFamily
부산광역시 금정구 장전동,3**,월세,20,3000,20,2017,금강로,detatched_multiFamily
부산광역시 금정구 장전동,3**,월세,20,300,30,2011,장전온천천로,detatched_multiFamily
부산광역시 금정구 장전동,2**,월세,20,300,29,2018,금강로321번길,detatched_multiFamily
부산광역시 금정구 장전동,3**,월세,20,500,30,2011,부산대학로50번길,detatched_multiFamily
부산광역시 금정구 장전동,2**,월세,20,500,36,2016,부산대학로64번길,detatched_multiFamily
부산광역시 금정구 장전동,1**,월세,20,500,30,2015,수림로75번길,detatched_multiFamily
부산광역시 금정구 장전동,2**,월세,20,2000,27,2016,부산대학로64번길,detatched_multiFamily
부산광역시 금정구 장전동,3**,월세,20,2000,12,2010,부산대학로38번길,detatched_multiFamily
부산광역시 금정구 장전동,1**,월세,20,3000,20,2016,수림로93번길,detatched_multiFamily
부산광역시 금정구 장전동,3**,월세,20,500,55,2015,부산대학로64번길,detatched_multiFamily
부산광역시 금정구 장전동,1**,월세,20,500,30,2011,수림로61번길,detatched_multiFamily
부산광역시 금정구 장전동,2**,월세,20,3000,18,2011,부산대학로64번안길,detatched_multiFamily
부산광역시 금정구 장전동,3**,월세,20,4000,18,2017,금강로,detatched_multiFamily
부산광역시 금정구 장전동,3**,월세,20,5000,5,2017,금강로,detatched_multiFamily
부산광역시 금정구 장전동,3**,월세,20,100,23,2000,부산대학로50번길,detatched_multiFamily
부산광역시 금정구 장전동,1**,월세,20,300,57,1992,금강로335번길,detatched_multiFamily
부산광역시 금정구 장전동,1**,월세,20,500,37,2016,수림로81번길,detatched_multiFamily
부산광역시 금정구 장전동,2**,월세,20,500,30,2018,금강로347번길,detatched_multiFamily
부산광역시 금정구 장전동,1**,월세,20,1000,30,2014,수림로81번길,detatched_multiFamily
부산광역시 금정구 장전동,2**,월세,20,300,30,2002,금강로279번안길,detatched_multiFamily
부산광역시 금정구 장전동,1**,월세,20,300,30,2017,금강로347번길,detatched_multiFamily
부산광역시 금정구 장전동,1**,월세,20,500,36,2016,수림로81번길,detatched_multiFamily
부산광역시 금정구 장전동,1**,월세,20,500,35,2011,수림로71번길,detatched_multiFamily
부산광역시 금정구 장전동,3**,월세,20,500,37,2014,부산대학로64번길,detatched_multiFamily
부산광역시 금정구 장전동,1**,월세,20,1000,24,2014,수림로75번길,detatched_multiFamily
부산광역시 금정구 장전동,3**,월세,20,5000,5,2017,금강로,detatched_multiFamily
부산광역시 금정구 장전동,3**,월세,20,6000,5,2017,,detatched_multiFamily
부산광역시 금정구 장전동,2**,월세,20,200,34,2011,장전온천천로,detatched_multiFamily
부산광역시 금정구 장전동,1**,월세,20,500,30,2015,금강로335번길,detatched_multiFamily
부산광역시 금정구 장전동,2**,월세,20,2000,28,2017,부산대학로50번길,detatched_multiFamily
부산광역시 금정구 장전동,2**,월세,20,0,40,2018,금정로149번안길,detatched_multiFamily
부산광역시 금정구 장전동,2**,월세,20,200,33,2016,부산대학로64번안길,detatched_multiFamily
부산광역시 금정구 장전동,1**,월세,20,300,30,2015,수림로61번길,detatched_multiFamily
부산광역시 금정구 장전동,4**,월세,20,500,40,2019,부산대학로63번길,detatched_multiFamily
부산광역시 금정구 장전동,2**,월세,20,500,40,2016,부산대학로64번안길,detatched_multiFamily
부산광역시 금정구 장전동,3**,월세,20,500,35,2017,금강로,detatched_multiFamily
부산광역시 금정구 장전동,4**,월세,20,1000,40,2019,부산대학로63번길,detatched_multiFamily
부산광역시 금정구 장전동,3**,월세,20,3000,24,2017,금강로,detatched_multiFamily
부산광역시 금정구 장전동,3**,월세,20,5000,12,2017,금강로,detatched_multiFamily
부산광역시 금정구 장전동,3**,월세,20,100,35,2013,금정로119번길,detatched_multiFamily
부산광역시 금정구 장전동,2**,월세,20,300,30,2015,수림로49번길,detatched_multiFamily
부산광역시 금정구 장전동,2**,월세,20,300,30,2012,장전온천천로113번길,detatched_multiFamily
부산광역시 금정구 장전동,1**,월세,20,500,35,2016,수림로81번길,detatched_multiFamily
부산광역시 금정구 장전동,3**,월세,20,1000,30,2018,장전온천천로89번길,detatched_multiFamily
부산광역시 금정구 장전동,1**,월세,20,1000,30,2003,수림로61번길,detatched_multiFamily
부산광역시 금정구 장전동,1**,월세,20,500,29,2016,수림로81번길,detatched_multiFamily
부산광역시 금정구 장전동,2**,월세,20,500,30,2017,부산대학로50번길,detatched_multiFamily
부산광역시 금정구 장전동,3*,월세,20,500,35,2017,금강로335번길,detatched_multiFamily
부산광역시 금정구 장전동,3**,월세,20,500,30,2015,금강로,detatched_multiFamily
부산광역시 금정구 장전동,1**,월세,20,500,32,2013,수림로85번길,detatched_multiFamily
부산광역시 금정구 장전동,2**,월세,20,2000,25,2013,부산대학로64번안길,detatched_multiFamily
부산광역시 금정구 장전동,3**,월세,20,4000,15,2017,금강로,detatched_multiFamily
부산광역시 금정구 장전동,2*,월세,20,200,23,1995,금강로321번길,detatched_multiFamily
부산광역시 금정구 장전동,2**,월세,20,300,33,2015,금강로,detatched_multiFamily
부산광역시 금정구 장전동,1**,월세,20,500,35,2016,수림로81번길,detatched_multiFamily
부산광역시 금정구 장전동,1**,월세,20,500,35,2016,수림로81번길,detatched_multiFamily
부산광역시 금정구 장전동,1**,월세,20,500,30,2015,수림로75번길,detatched_multiFamily
부산광역시 금정구 장전동,2**,월세,20,1000,42,2016,부산대학로64번안길,detatched_multiFamily
부산광역시 금정구 장전동,3**,월세,20,2000,30,2017,금강로,detatched_multiFamily
부산광역시 금정구 장전동,1**,월세,20,4000,10,1988,금강로347번길,detatched_multiFamily
부산광역시 금정구 장전동,1**,월세,20,500,30,2017,수림로61번길,detatched_multiFamily
부산광역시 금정구 장전동,4*,월세,20,500,30,2011,금강로279번길,detatched_multiFamily
부산광역시 금정구 장전동,1**,월세,20,3000,29,2011,수림로75번길,detatched_multiFamily
부산광역시 금정구 장전동,3**,월세,20,3000,20,2017,금강로,detatched_multiFamily
부산광역시 금정구 장전동,1**,월세,20,3000,20,2015,수림로93번길,detatched_multiFamily
부산광역시 금정구 장전동,2**,월세,20,300,30,2018,금강로347번길,detatched_multiFamily
부산광역시 금정구 장전동,2**,월세,20,300,29,2015,금강로279번안길,detatched_multiFamily
부산광역시 금정구 장전동,1**,월세,20,500,30,2019,수림로71번길,detatched_multiFamily
부산광역시 금정구 장전동,3*,월세,20,500,43,2017,수림로93번길,detatched_multiFamily
부산광역시 금정구 장전동,1**,월세,20,500,30,2015,수림로75번길,detatched_multiFamily
부산광역시 금정구 장전동,3**,월세,20,500,36,2013,장전온천천로83번길,detatched_multiFamily
부산광역시 금정구 장전동,2**,월세,20,500,37,2016,부산대학로64번길,detatched_multiFamily
부산광역시 금정구 장전동,1**,월세,20,500,38,2017,수림로61번길,detatched_multiFamily
부산광역시 금정구 장전동,3**,월세,20,3000,20,2017,금강로,detatched_multiFamily
부산광역시 금정구 장전동,3**,월세,20,4000,18,2017,금강로,detatched_multiFamily
부산광역시 금정구 장전동,4**,월세,20,200,50,2010,부산대학로64번길,detatched_multiFamily
부산광역시 금정구 장전동,3**,월세,20,200,25,2002,금정로,detatched_multiFamily
부산광역시 금정구 장전동,4**,월세,20,300,30,2016,장전온천천로79번길,detatched_multiFamily
부산광역시 금정구 장전동,1**,월세,20,500,30,2016,수림로71번길,detatched_multiFamily
부산광역시 금정구 장전동,1**,월세,20,500,35,2016,수림로81번길,detatched_multiFamily
부산광역시 금정구 장전동,3**,월세,20,500,33,2014,부산대학로64번길,detatched_multiFamily
부산광역시 금정구 장전동,1**,월세,20,2000,25,2012,수림로85번길,detatched_multiFamily
부산광역시 금정구 장전동,1**,월세,20,2000,30,2018,수림로85번길,detatched_multiFamily
부산광역시 금정구 장전동,2**,월세,20,300,29,2015,금강로279번안길,detatched_multiFamily
부산광역시 금정구 장전동,2**,월세,20,300,29,2018,금정로149번안길,detatched_multiFamily
부산광역시 금정구 장전동,1**,월세,20,500,35,2016,수림로93번길,detatched_multiFamily
부산광역시 금정구 장전동,3**,월세,20,500,35,2015,부산대학로50번길,detatched_multiFamily
부산광역시 금정구 장전동,1**,월세,20,500,29,2017,수림로91번길,detatched_multiFamily
부산광역시 금정구 장전동,2**,월세,20,1000,31,2016,부산대학로64번길,detatched_multiFamily
부산광역시 금정구 장전동,3**,월세,20,4000,17,2017,금강로,detatched_multiFamily
부산광역시 금정구 장전동,2**,월세,20,5000,17,2019,,detatched_multiFamily
부산광역시 금정구 장전동,1**,월세,20,300,30,2011,수림로75번길,detatched_multiFamily
부산광역시 금정구 장전동,2**,월세,20,500,48,2016,부산대학로64번길,detatched_multiFamily
부산광역시 금정구 장전동,3**,월세,20,500,35,2014,부산대학로50번길,detatched_multiFamily
부산광역시 금정구 장전동,1**,월세,20,1000,25,1988,수림로,detatched_multiFamily
부산광역시 금정구 장전동,1**,월세,20,1000,15,1993,수림로91번길,detatched_multiFamily
부산광역시 금정구 장전동,2**,월세,20,1000,36,2017,금정로149번안길,detatched_multiFamily
부산광역시 금정구 장전동,4**,월세,20,300,29,2011,금강로279번안길,detatched_multiFamily
부산광역시 금정구 장전동,1**,월세,20,300,30,2019,수림로85번길,detatched_multiFamily
부산광역시 금정구 장전동,3**,월세,20,500,29,2013,금정로103번길,detatched_multiFamily
부산광역시 금정구 장전동,4**,월세,20,500,29,,금강로279번길,detatched_multiFamily
부산광역시 금정구 장전동,1**,월세,20,500,39,2016,수림로81번길,detatched_multiFamily
부산광역시 금정구 장전동,1**,월세,20,1000,65,2016,수림로61번길,detatched_multiFamily
부산광역시 금정구 장전동,2**,월세,20,2000,30,2016,부산대학로64번안길,detatched_multiFamily
부산광역시 금정구 장전동,2**,월세,20,2000,31,2016,부산대학로64번길,detatched_multiFamily
부산광역시 금정구 장전동,7*,월세,20,2500,10,2018,금강로335번길,detatched_multiFamily
부산광역시 금정구 장전동,3**,월세,20,4000,18,2017,금강로,detatched_multiFamily
부산광역시 금정구 장전동,2**,월세,20,300,38,2017,부산대학로50번길,detatched_multiFamily
부산광역시 금정구 장전동,1**,월세,20,300,30,2011,수림로75번길,detatched_multiFamily
부산광역시 금정구 장전동,2**,월세,20,500,35,2017,금정로149번안길,detatched_multiFamily
부산광역시 금정구 장전동,2**,월세,20,500,45,2018,수림로45번길,detatched_multiFamily
부산광역시 금정구 장전동,2**,월세,20,500,40,2016,부산대학로64번안길,detatched_multiFamily
부산광역시 금정구 장전동,1**,월세,20,500,29,2011,수림로75번길,detatched_multiFamily
부산광역시 금정구 장전동,3**,월세,20,500,30,2001,금강로279번길,detatched_multiFamily
부산광역시 금정구 장전동,4**,월세,20,1000,42,2019,금강로,detatched_multiFamily
부산광역시 금정구 장전동,2**,월세,20,4000,21,1977,장전온천천로119번길,detatched_multiFamily
부산광역시 금정구 장전동,1**,월세,20,300,32,2011,수림로81번길,detatched_multiFamily
부산광역시 금정구 장전동,4**,월세,20,500,43,2019,금강로,detatched_multiFamily
부산광역시 금정구 장전동,1**,월세,20,2000,23,2016,수림로61번길,detatched_multiFamily
부산광역시 금정구 장전동,2**,월세,20,300,33,2017,부산대학로50번길,detatched_multiFamily
부산광역시 금정구 장전동,1**,월세,20,500,36,2017,수림로61번길,detatched_multiFamily
부산광역시 금정구 장전동,2**,월세,20,500,42,2018,금강로321번길,detatched_multiFamily
부산광역시 금정구 장전동,3**,월세,20,3000,20,2017,금강로,detatched_multiFamily
부산광역시 금정구 장전동,1**,월세,20,300,30,2015,금강로335번길,detatched_multiFamily
부산광역시 금정구 장전동,3**,월세,20,2000,12,2010,부산대학로38번길,detatched_multiFamily
부산광역시 금정구 장전동,3**,월세,20,100,34,2016,부산대학로50번길,detatched_multiFamily
부산광역시 금정구 장전동,1**,월세,20,5000,5,2016,,detatched_multiFamily
부산광역시 금정구 장전동,3**,전세,20,5000,0,2016,부산대학로64번길,detatched_multiFamily
부산광역시 금정구 장전동,1**,전세,20,5000,0,2011,수림로91번길,detatched_multiFamily
부산광역시 금정구 장전동,2**,전세,20,5000,0,2011,장전온천천로119번길,detatched_multiFamily
부산광역시 금정구 장전동,1**,전세,20,5000,0,2011,수림로91번길,detatched_multiFamily
부산광역시 금정구 장전동,1**,전세,20,5500,0,2016,수림로91번길,detatched_multiFamily
부산광역시 금정구 장전동,2**,전세,20,4000,0,2011,부산대학로64번안길,detatched_multiFamily
부산광역시 금정구 장전동,1**,전세,20,7000,0,2017,수림로81번길,detatched_multiFamily
부산광역시 금정구 장전동,1**,전세,20,7000,0,2017,,detatched_multiFamily
부산광역시 금정구 장전동,1**,전세,20,5000,0,2016,수림로91번길,detatched_multiFamily
부산광역시 금정구 장전동,1**,전세,20,6000,0,2017,금강로347번길,detatched_multiFamily
부산광역시 금정구 장전동,7*,전세,20,6000,0,2018,금강로335번길,detatched_multiFamily
부산광역시 금정구 장전동,2**,전세,20,5000,0,2016,부산대학로64번길,detatched_multiFamily
부산광역시 금정구 장전동,3**,전세,20,7000,0,2017,금강로,detatched_multiFamily
부산광역시 금정구 장전동,2**,전세,20,5000,0,2016,부산대학로64번안길,detatched_multiFamily
부산광역시 금정구 장전동,2**,전세,20,5000,0,2018,금강로,detatched_multiFamily
부산광역시 금정구 장전동,3**,전세,20,6000,0,2017,금강로,detatched_multiFamily
부산광역시 금정구 장전동,3**,전세,20,6000,0,,금강로,detatched_multiFamily
부산광역시 금정구 장전동,3**,전세,20,4500,0,2013,장전온천천로95번길,detatched_multiFamily
부산광역시 금정구 장전동,1**,전세,20,5000,0,2015,수림로91번길,detatched_multiFamily
부산광역시 금정구 장전동,3**,전세,20,5000,0,2016,부산대학로64번길,detatched_multiFamily
부산광역시 금정구 장전동,2**,전세,20,5000,0,2010,부산대학로64번길,detatched_multiFamily
부산광역시 금정구 장전동,1**,전세,20,5500,0,2016,수림로91번길,detatched_multiFamily
부산광역시 금정구 장전동,2**,전세,20,6000,0,,,detatched_multiFamily
부산광역시 금정구 장전동,2**,전세,20,6000,0,2018,금강로,detatched_multiFamily
부산광역시 금정구 장전동,3**,전세,20,7000,0,2017,금강로,detatched_multiFamily
부산광역시 금정구 장전동,3**,전세,20,6000,0,2013,부산대학로64번길,detatched_multiFamily
부산광역시 금정구 장전동,2**,전세,20,5000,0,2017,부산대학로50번길,detatched_multiFamily
부산광역시 금정구 장전동,1**,전세,20,5000,0,2016,금강로347번길,detatched_multiFamily
부산광역시 금정구 장전동,3**,전세,20,6000,0,2013,부산대학로64번길,detatched_multiFamily
부산광역시 금정구 장전동,2**,전세,20,5000,0,2017,부산대학로50번길,detatched_multiFamily
부산광역시 금정구 장전동,3**,전세,20,6000,0,2018,장전온천천로89번길,detatched_multiFamily
부산광역시 금정구 장전동,3**,전세,20,6000,0,2017,금강로,detatched_multiFamily
부산광역시 금정구 장전동,1**,전세,20,6000,0,2014,수림로81번길,detatched_multiFamily
부산광역시 금정구 장전동,3**,전세,20,6000,0,2017,금강로,detatched_multiFamily
부산광역시 금정구 장전동,6*,전세,20,7000,0,2012,구서온천천로,detatched_multiFamily
부산광역시 금정구 장전동,3**,전세,20,5000,0,2017,금강로,detatched_multiFamily
부산광역시 금정구 장전동,1**,전세,20,4700,0,,수림로75번길,detatched_multiFamily
부산광역시 금정구 장전동,3**,전세,20,6000,0,2017,금강로,detatched_multiFamily
부산광역시 금정구 장전동,3**,전세,20,6000,0,2016,부산대학로64번길,detatched_multiFamily
부산광역시 금정구 장전동,2**,전세,20,6000,0,2019,부산대학로64번길,detatched_multiFamily
부산광역시 금정구 장전동,3**,전세,20,7000,0,2017,금강로,detatched_multiFamily
부산광역시 금정구 장전동,2*,전세,20,4500,0,,수림로,detatched_multiFamily
부산광역시 금정구 장전동,3**,월세,20.12,300,30,2015,,detatched_multiFamily
부산광역시 금정구 장전동,1**,월세,20.12,500,35,2016,수림로81번길,detatched_multiFamily
부산광역시 금정구 장전동,3**,월세,20.12,500,29,2015,금정로103번길,detatched_multiFamily
부산광역시 금정구 장전동,4**,월세,20.12,200,32,2011,금강로291번길,detatched_multiFamily
부산광역시 금정구 장전동,2**,월세,20.12,1000,70,2021,부산대학로64번길,detatched_multiFamily
부산광역시 금정구 장전동,1**,월세,20.21,300,35,2011,수림로61번길,detatched_multiFamily
부산광역시 금정구 장전동,1**,월세,20.23,3000,15,2013,수림로75번길,detatched_multiFamily
부산광역시 금정구 장전동,3**,월세,20.23,500,29,2015,금정로103번길,detatched_multiFamily
부산광역시 금정구 장전동,1**,월세,20.41,200,22,2011,수림로75번길,detatched_multiFamily
부산광역시 금정구 장전동,3**,전세,20.5,5000,0,,장전온천천로89번길,detatched_multiFamily
부산광역시 금정구 장전동,1**,월세,20.61,2000,25,2016,수림로61번길,detatched_multiFamily
부산광역시 금정구 장전동,3**,월세,20.64,3000,30,2018,장전온천천로89번길,detatched_multiFamily
부산광역시 금정구 장전동,1**,월세,20.67,200,34,2011,수림로61번길,detatched_multiFamily
부산광역시 금정구 장전동,3**,월세,20.67,300,22,,,detatched_multiFamily
부산광역시 금정구 장전동,3**,전세,20.67,4500,0,2013,장전온천천로95번길,detatched_multiFamily
부산광역시 금정구 장전동,1**,월세,20.89,2000,25,2012,수림로85번길,detatched_multiFamily
부산광역시 금정구 장전동,2**,월세,21,5500,5,1983,,detatched_multiFamily
부산광역시 금정구 장전동,2**,월세,21,500,40,2016,수림로45번길,detatched_multiFamily
부산광역시 금정구 장전동,1**,월세,21,500,52,2015,금강로335번길,detatched_multiFamily
부산광역시 금정구 장전동,1**,월세,21,1000,25,2012,수림로85번길,detatched_multiFamily
부산광역시 금정구 장전동,2**,전세,21,5500,0,1983,수림로71번길,detatched_multiFamily
부산광역시 금정구 장전동,4**,월세,21.14,500,30,2016,장전온천천로79번길,detatched_multiFamily
부산광역시 금정구 장전동,3**,월세,21.21,2000,30,2021,부산대학로64번길,detatched_multiFamily
부산광역시 금정구 장전동,3**,월세,21.23,4000,10,2011,금강로,detatched_multiFamily
부산광역시 금정구 장전동,1**,전세,21.23,6000,0,2018,수림로61번길,detatched_multiFamily
부산광역시 금정구 장전동,3**,월세,21.26,200,35,,금정로,detatched_multiFamily
부산광역시 금정구 장전동,6**,월세,21.36,2000,15,2011,식물원로27번길,detatched_multiFamily
부산광역시 금정구 장전동,6**,전세,21.36,5000,0,2011,식물원로27번길,detatched_multiFamily
부산광역시 금정구 장전동,3**,월세,21.39,500,41,2015,부산대학로64번길,detatched_multiFamily
부산광역시 금정구 장전동,3**,월세,21.39,500,41,2015,부산대학로64번길,detatched_multiFamily
부산광역시 금정구 장전동,3**,월세,21.39,1000,39,2015,부산대학로64번길,detatched_multiFamily
부산광역시 금정구 장전동,3**,월세,21.5,1000,29,2013,금정로103번길,detatched_multiFamily
부산광역시 금정구 장전동,2**,월세,21.72,1000,25,2018,금강로,detatched_multiFamily
부산광역시 금정구 장전동,1**,월세,21.75,500,37,2011,수림로71번길,detatched_multiFamily
부산광역시 금정구 장전동,1**,월세,21.8,500,52,2015,금강로335번길,detatched_multiFamily
부산광역시 금정구 장전동,2**,월세,21.82,2000,30,,장전로12번길,detatched_multiFamily
부산광역시 금정구 장전동,1**,월세,21.89,500,45,2017,금강로,detatched_multiFamily
부산광역시 금정구 장전동,1**,전세,22,4000,0,,수림로85번길,detatched_multiFamily
부산광역시 금정구 장전동,3**,전세,22,4000,0,2010,,detatched_multiFamily
부산광역시 금정구 장전동,2**,월세,22.16,500,35,,금강로279번안길,detatched_multiFamily
부산광역시 금정구 장전동,1**,월세,22.41,500,35,2011,수림로61번길,detatched_multiFamily
부산광역시 금정구 장전동,1**,전세,22.46,5000,0,,수림로81번길,detatched_multiFamily
부산광역시 금정구 장전동,2*,월세,22.47,500,39,2021,금강로321번길,detatched_multiFamily
부산광역시 금정구 장전동,2*,월세,22.47,500,39,2021,금강로321번길,detatched_multiFamily
부산광역시 금정구 장전동,2**,월세,22.85,1000,35,2014,장전온천천로,detatched_multiFamily
부산광역시 금정구 장전동,2**,월세,22.94,4000,10,2010,장전로12번길,detatched_multiFamily
부산광역시 금정구 장전동,1**,월세,23,6500,10,2011,금강로347번길,detatched_multiFamily
부산광역시 금정구 장전동,4**,월세,23,2000,29,2015,장전온천천로79번길,detatched_multiFamily
부산광역시 금정구 장전동,3**,월세,23,500,32,2004,부산대학로38번길,detatched_multiFamily
부산광역시 금정구 장전동,2*,월세,23.01,500,38,2021,금강로321번길,detatched_multiFamily
부산광역시 금정구 장전동,2**,전세,23.06,5000,0,2011,장전온천천로,detatched_multiFamily
부산광역시 금정구 장전동,2**,전세,23.06,5000,0,2011,장전온천천로,detatched_multiFamily
부산광역시 금정구 장전동,2**,전세,23.06,5000,0,2011,장전온천천로,detatched_multiFamily
부산광역시 금정구 장전동,2**,전세,23.1,10000,0,2019,부산대학로64번길,detatched_multiFamily
부산광역시 금정구 장전동,1**,월세,23.21,500,50,2017,수림로91번길,detatched_multiFamily
부산광역시 금정구 장전동,6**,전세,23.4,4000,0,2001,장전로,detatched_multiFamily
부산광역시 금정구 장전동,3**,월세,23.51,500,29,2015,금정로103번길,detatched_multiFamily
부산광역시 금정구 장전동,4**,월세,23.9,500,29,2015,장전온천천로79번길,detatched_multiFamily
부산광역시 금정구 장전동,5**,월세,24,2000,15,1975,금강로194번길,detatched_multiFamily
부산광역시 금정구 장전동,1**,월세,24,300,42,2015,수림로61번길,detatched_multiFamily
부산광역시 금정구 장전동,4**,전세,24,7000,0,1974,금정로,detatched_multiFamily
부산광역시 금정구 장전동,3**,전세,24.25,8000,0,1976,,detatched_multiFamily
부산광역시 금정구 장전동,6*,전세,24.39,7000,0,2012,구서온천천로,detatched_multiFamily
부산광역시 금정구 장전동,1**,월세,24.4,2500,20,2015,수림로61번길,detatched_multiFamily
부산광역시 금정구 장전동,2**,월세,24.45,500,37,2001,부산대학로64번길,detatched_multiFamily
부산광역시 금정구 장전동,1**,월세,24.58,300,33,2016,수림로61번길,detatched_multiFamily
부산광역시 금정구 장전동,2**,월세,24.65,500,36,2018,수림로45번길,detatched_multiFamily
부산광역시 금정구 장전동,1**,월세,25,2000,35,2017,금강로,detatched_multiFamily
부산광역시 금정구 장전동,3**,월세,25,2000,38,2017,부산대학로38번길,detatched_multiFamily
부산광역시 금정구 장전동,2**,월세,25,1000,40,,금정로149번안길,detatched_multiFamily
부산광역시 금정구 장전동,2**,월세,25,5000,15,2017,부산대학로50번길,detatched_multiFamily
부산광역시 금정구 장전동,1**,월세,25,500,35,2012,수림로85번길,detatched_multiFamily
부산광역시 금정구 장전동,2**,월세,25,500,30,2010,금강로,detatched_multiFamily
부산광역시 금정구 장전동,2**,월세,25,1000,65,2021,부산대학로64번길,detatched_multiFamily
부산광역시 금정구 장전동,2**,월세,25,2000,30,2015,수림로49번길,detatched_multiFamily
부산광역시 금정구 장전동,2**,월세,25,2000,30,2015,수림로49번길,detatched_multiFamily
부산광역시 금정구 장전동,2**,월세,25,1000,40,2016,금정로149번안길,detatched_multiFamily
부산광역시 금정구 장전동,1**,월세,25,1500,20,2016,금강로347번길,detatched_multiFamily
부산광역시 금정구 장전동,1**,월세,25,500,40,2017,금강로,detatched_multiFamily
부산광역시 금정구 장전동,2**,월세,25,300,38,1983,금강로,detatched_multiFamily
부산광역시 금정구 장전동,5**,월세,25,300,39,2017,금샘로18번길,detatched_multiFamily
부산광역시 금정구 장전동,1**,전세,25,4500,0,2015,수림로61번길,detatched_multiFamily
부산광역시 금정구 장전동,2**,전세,25,10000,0,2017,부산대학로50번길,detatched_multiFamily
부산광역시 금정구 장전동,6**,전세,25,5000,0,2011,,detatched_multiFamily
부산광역시 금정구 장전동,1**,월세,25.29,500,35,1990,수림로85번길,detatched_multiFamily
부산광역시 금정구 장전동,3**,전세,25.7,6500,0,2018,장전온천천로89번길,detatched_multiFamily
부산광역시 금정구 장전동,3**,전세,25.7,6500,0,2018,,detatched_multiFamily
부산광역시 금정구 장전동,3**,전세,25.7,6500,0,2018,,detatched_multiFamily
부산광역시 금정구 장전동,3**,전세,25.7,6500,0,2018,,detatched_multiFamily
부산광역시 금정구 장전동,6**,전세,25.7,4000,0,2011,,detatched_multiFamily
부산광역시 금정구 장전동,4**,전세,25.74,5000,0,2015,금강로,detatched_multiFamily
부산광역시 금정구 장전동,3**,전세,25.79,5000,0,1972,장전로20번길,detatched_multiFamily
부산광역시 금정구 장전동,2**,전세,25.8,9000,0,,금강로321번길,detatched_multiFamily
부산광역시 금정구 장전동,1**,월세,25.9,1000,53,2016,금강로347번길,detatched_multiFamily
부산광역시 금정구 장전동,1**,전세,25.9,5500,0,2016,금강로347번길,detatched_multiFamily
부산광역시 금정구 장전동,1**,월세,26.4,300,30,2015,금강로335번길,detatched_multiFamily
부산광역시 금정구 장전동,2*,월세,26.55,500,45,2021,금강로321번길,detatched_multiFamily
부산광역시 금정구 장전동,2**,월세,27,2000,40,1991,금강로279번길,detatched_multiFamily
부산광역시 금정구 장전동,1**,전세,27,6000,0,2016,금강로347번길,detatched_multiFamily
부산광역시 금정구 장전동,2**,월세,27.22,500,60,,금강로321번길,detatched_multiFamily
부산광역시 금정구 장전동,6**,월세,27.23,500,45,,온천장로,detatched_multiFamily
부산광역시 금정구 장전동,5**,월세,27.3,500,35,,금샘로,detatched_multiFamily
부산광역시 금정구 장전동,2**,월세,27.46,4500,46,,부산대학로64번길,detatched_multiFamily
부산광역시 금정구 장전동,1**,월세,27.64,500,45,2019,금강로347번길,detatched_multiFamily
부산광역시 금정구 장전동,5**,월세,28,300,37,2017,금샘로18번길,detatched_multiFamily
부산광역시 금정구 장전동,2**,전세,28.1,5500,0,1974,장전온천천로113번길,detatched_multiFamily
부산광역시 금정구 장전동,3**,월세,28.77,1000,33,2005,장전온천천로,detatched_multiFamily
부산광역시 금정구 장전동,1**,전세,28.8,4500,0,,수림로75번길,detatched_multiFamily
부산광역시 금정구 장전동,2**,월세,28.87,200,21,2015,금정로149번안길,detatched_multiFamily
부산광역시 금정구 장전동,2**,월세,29.22,60,29,,부산대학로50번길,detatched_multiFamily
부산광역시 금정구 장전동,5**,월세,29.97,300,39,2017,금샘로18번길,detatched_multiFamily
부산광역시 금정구 장전동,5**,월세,29.97,300,37,2017,금샘로18번길,detatched_multiFamily
부산광역시 금정구 장전동,1**,월세,30,1000,32,2016,금강로347번길,detatched_multiFamily
부산광역시 금정구 장전동,2**,월세,30,2000,30,2015,수림로49번길,detatched_multiFamily
부산광역시 금정구 장전동,2**,월세,30,7000,20,2017,부산대학로50번길,detatched_multiFamily
부산광역시 금정구 장전동,3**,월세,30,500,60,2012,금강로,detatched_multiFamily
부산광역시 금정구 장전동,2**,월세,30,1000,55,2021,부산대학로64번길,detatched_multiFamily
부산광역시 금정구 장전동,2**,월세,30,3000,53,2016,부산대학로64번안길,detatched_multiFamily
부산광역시 금정구 장전동,1**,월세,30,9000,15,2019,수림로81번길,detatched_multiFamily
부산광역시 금정구 장전동,2**,월세,30,500,44,2016,부산대학로64번안길,detatched_multiFamily
부산광역시 금정구 장전동,1**,월세,30,1000,70,2014,수림로61번길,detatched_multiFamily
부산광역시 금정구 장전동,2**,월세,30,2000,70,2019,장전온천천로,detatched_multiFamily
부산광역시 금정구 장전동,2**,월세,30,3000,40,2016,부산대학로64번길,detatched_multiFamily
부산광역시 금정구 장전동,2**,월세,30,3000,48,2016,부산대학로64번안길,detatched_multiFamily
부산광역시 금정구 장전동,1**,월세,30,500,52,2015,금강로335번길,detatched_multiFamily
부산광역시 금정구 장전동,4**,월세,30,500,39,2019,부산대학로63번길,detatched_multiFamily
부산광역시 금정구 장전동,2**,월세,30,500,50,2016,수림로45번길,detatched_multiFamily
부산광역시 금정구 장전동,1**,월세,30,2000,36,2016,수림로93번길,detatched_multiFamily
부산광역시 금정구 장전동,1**,월세,30,4000,11,2015,수림로61번길,detatched_multiFamily
부산광역시 금정구 장전동,3**,월세,30,500,35,,장전온천천로105번길,detatched_multiFamily
부산광역시 금정구 장전동,2**,월세,30,1000,48,2017,금정로149번안길,detatched_multiFamily
부산광역시 금정구 장전동,2**,월세,30,1000,48,2017,금정로149번안길,detatched_multiFamily
부산광역시 금정구 장전동,3*,월세,30,4000,25,,,detatched_multiFamily
부산광역시 금정구 장전동,1**,전세,30,12000,0,2016,수림로71번길,detatched_multiFamily
부산광역시 금정구 장전동,2**,전세,30,5000,0,1987,금정로119번길,detatched_multiFamily
부산광역시 금정구 장전동,3*,전세,30,9000,0,2018,수림로93번길,detatched_multiFamily
부산광역시 금정구 장전동,1**,전세,30,8000,0,1989,수림로75번길,detatched_multiFamily
부산광역시 금정구 장전동,1**,전세,30,8000,0,,수림로75번길,detatched_multiFamily
부산광역시 금정구 장전동,1**,전세,30,8000,0,,수림로75번길,detatched_multiFamily
부산광역시 금정구 장전동,1**,월세,30.48,2000,20,1988,수림로,detatched_multiFamily
부산광역시 금정구 장전동,2**,월세,31.11,7500,10,2017,부산대학로50번길,detatched_multiFamily
부산광역시 금정구 장전동,5**,월세,31.2,500,37,,금샘로,detatched_multiFamily
부산광역시 금정구 장전동,5**,월세,31.2,500,35,,금샘로,detatched_multiFamily
부산광역시 금정구 장전동,1**,월세,31.95,200,33,2015,수림로71번길,detatched_multiFamily
부산광역시 금정구 장전동,1**,전세,32.4,6000,0,1999,수림로81번길,detatched_multiFamily
부산광역시 금정구 장전동,2**,월세,33,1000,60,2020,수림로49번길,detatched_multiFamily
부산광역시 금정구 장전동,6**,월세,33,500,20,1990,식물원로44번길,detatched_multiFamily
부산광역시 금정구 장전동,2**,월세,33.06,6000,30,1973,장전로12번길,detatched_multiFamily
부산광역시 금정구 장전동,1**,전세,34.06,5000,0,,금강로347번길,detatched_multiFamily
부산광역시 금정구 장전동,6**,월세,35.8,100,35,1990,,detatched_multiFamily
부산광역시 금정구 장전동,6**,월세,35.8,1000,35,1990,식물원로40번길,detatched_multiFamily
부산광역시 금정구 장전동,3**,월세,36,1000,29,1976,장전온천천로89번길,detatched_multiFamily
부산광역시 금정구 장전동,1**,전세,36,7000,0,1988,금강로347번길,detatched_multiFamily
부산광역시 금정구 장전동,1**,전세,36,7000,0,1988,금강로347번길,detatched_multiFamily
부산광역시 금정구 장전동,1**,월세,36.24,1000,45,2011,수림로75번길,detatched_multiFamily
부산광역시 금정구 장전동,1**,전세,36.24,7000,0,2011,수림로75번길,detatched_multiFamily
부산광역시 금정구 장전동,2**,월세,36.5,3000,20,1998,금정로60번길,detatched_multiFamily
부산광역시 금정구 장전동,1**,월세,37,2000,40,1994,수림로81번길,detatched_multiFamily
부산광역시 금정구 장전동,4**,월세,37.91,500,35,2016,부산대학로49번길,detatched_multiFamily
부산광역시 금정구 장전동,1**,월세,38,3000,25,1988,금강로347번길,detatched_multiFamily
부산광역시 금정구 장전동,3**,월세,38,4500,10,1979,장전로,detatched_multiFamily
부산광역시 금정구 장전동,4**,월세,38.22,3000,20,1988,소정로,detatched_multiFamily
부산광역시 금정구 장전동,1**,월세,39,1000,60,2001,금강로335번길,detatched_multiFamily
부산광역시 금정구 장전동,3**,월세,39,500,40,1978,장전온천천로89번길,detatched_multiFamily
부산광역시 금정구 장전동,3**,월세,39.6,1000,40,,장전온천천로95번길,detatched_multiFamily
부산광역시 금정구 장전동,2**,월세,40,300,30,2015,금정로149번안길,detatched_multiFamily
부산광역시 금정구 장전동,4**,월세,40,2500,5,1991,장전온천천로,detatched_multiFamily
부산광역시 금정구 장전동,4**,월세,40,5000,20,1993,부산대학로38번길,detatched_multiFamily
부산광역시 금정구 장전동,1**,월세,40,2000,42,1984,금강로347번길,detatched_multiFamily
부산광역시 금정구 장전동,2*,월세,40,500,60,1995,금강로321번길,detatched_multiFamily
부산광역시 금정구 장전동,6**,월세,40,2000,20,1990,식물원로44번길,detatched_multiFamily
부산광역시 금정구 장전동,4**,월세,40,2000,60,2016,장전온천천로79번길,detatched_multiFamily
부산광역시 금정구 장전동,4**,월세,40,2000,50,2016,장전온천천로79번길,detatched_multiFamily
부산광역시 금정구 장전동,6**,월세,40,500,25,1990,식물원로44번길,detatched_multiFamily
부산광역시 금정구 장전동,2**,월세,40,500,60,2020,수림로49번길,detatched_multiFamily
부산광역시 금정구 장전동,1**,전세,40,7000,0,2011,수림로75번길,detatched_multiFamily
부산광역시 금정구 장전동,1**,전세,40,8000,0,1983,,detatched_multiFamily
부산광역시 금정구 장전동,4**,전세,40,9000,0,1993,금강로,detatched_multiFamily
부산광역시 금정구 장전동,6**,전세,40.3,5000,0,1993,장전온천천로,detatched_multiFamily
부산광역시 금정구 장전동,6**,전세,40.3,5000,0,1993,장전온천천로,detatched_multiFamily
부산광역시 금정구 장전동,1**,전세,40.56,5500,0,1979,수림로61번길,detatched_multiFamily
부산광역시 금정구 장전동,2**,월세,40.66,1000,30,,장전로18번길,detatched_multiFamily
부산광역시 금정구 장전동,2**,월세,42.12,3000,20,1990,금강로,detatched_multiFamily
부산광역시 금정구 장전동,3**,월세,42.2,200,25,2018,금강로291번길,detatched_multiFamily
부산광역시 금정구 장전동,3**,월세,43,500,25,1992,장전온천천로101번길,detatched_multiFamily
부산광역시 금정구 장전동,1**,월세,43.2,6000,20,1983,금강로347번길,detatched_multiFamily
부산광역시 금정구 장전동,1**,전세,43.29,8000,0,,수림로85번길,detatched_multiFamily
부산광역시 금정구 장전동,1**,전세,44.14,4500,0,1978,수림로91번길,detatched_multiFamily
부산광역시 금정구 장전동,3**,월세,44.16,1000,35,1988,장전로,detatched_multiFamily
부산광역시 금정구 장전동,1**,월세,44.22,500,50,2015,수림로61번길,detatched_multiFamily
부산광역시 금정구 장전동,2**,월세,45,500,55,2016,금정로149번안길,detatched_multiFamily
부산광역시 금정구 장전동,2**,전세,45,5500,0,2017,부산대학로50번길,detatched_multiFamily
부산광역시 금정구 장전동,2**,전세,45.2,5000,0,1980,수림로49번길,detatched_multiFamily
부산광역시 금정구 장전동,3**,월세,45.5,1000,50,1994,부산대학로38번길,detatched_multiFamily
부산광역시 금정구 장전동,1**,월세,46,500,47,2019,금강로347번길,detatched_multiFamily
부산광역시 금정구 장전동,2**,월세,46.77,2000,35,,,detatched_multiFamily
부산광역시 금정구 장전동,9*,월세,47,3000,20,1989,수림로66번길,detatched_multiFamily
부산광역시 금정구 장전동,2*,월세,47.93,1650,15,1973,금강로321번길,detatched_multiFamily
부산광역시 금정구 장전동,2**,월세,48.21,1000,30,1995,부산대학로64번길,detatched_multiFamily
부산광역시 금정구 장전동,1**,월세,48.26,2500,25,1981,수림로66번길,detatched_multiFamily
부산광역시 금정구 장전동,3*,월세,48.26,500,35,2018,수림로93번길,detatched_multiFamily
부산광역시 금정구 장전동,4**,월세,48.6,500,42,1976,금정로,detatched_multiFamily
부산광역시 금정구 장전동,4**,전세,48.6,6000,0,1976,금정로,detatched_multiFamily
부산광역시 금정구 장전동,2**,월세,48.84,5000,20,1983,금강로,detatched_multiFamily
부산광역시 금정구 장전동,3**,월세,49,400,45,1994,부산대학로38번길,detatched_multiFamily
부산광역시 금정구 장전동,1**,전세,49.62,12000,0,2019,수림로81번길,detatched_multiFamily
부산광역시 금정구 장전동,1**,월세,49.7,300,50,2016,수림로91번길,detatched_multiFamily
부산광역시 금정구 장전동,2**,월세,49.8,300,65,1993,금강로279번안길,detatched_multiFamily
부산광역시 금정구 장전동,1**,월세,50,1000,55,1994,금강로321번길,detatched_multiFamily
부산광역시 금정구 장전동,9*,월세,50,1000,35,1987,수림로72번길,detatched_multiFamily
부산광역시 금정구 장전동,9*,월세,50,1000,35,1987,수림로72번길,detatched_multiFamily
부산광역시 금정구 장전동,8*,월세,50,1500,25,1992,수림로,detatched_multiFamily
부산광역시 금정구 장전동,1**,월세,50.76,1000,30,1983,금강로,detatched_multiFamily
부산광역시 금정구 장전동,3**,월세,51,2500,28,1993,장전온천천로95번길,detatched_multiFamily
부산광역시 금정구 장전동,3**,월세,51,4000,25,1993,장전온천천로95번길,detatched_multiFamily
부산광역시 금정구 장전동,1**,월세,51,4000,20,1993,수림로71번길,detatched_multiFamily
부산광역시 금정구 장전동,4**,전세,51.48,12000,0,2015,금강로,detatched_multiFamily
부산광역시 금정구 장전동,4**,전세,51.48,12000,0,2015,금강로,detatched_multiFamily
부산광역시 금정구 장전동,4**,월세,51.88,300,29,2015,장전온천천로79번길,detatched_multiFamily
부산광역시 금정구 장전동,2**,월세,54.3,300,55,1982,금강로321번길,detatched_multiFamily
부산광역시 금정구 장전동,2**,월세,54.3,300,55,1982,금강로321번길,detatched_multiFamily
부산광역시 금정구 장전동,2**,월세,55,5500,5,1990,금강로279번안길,detatched_multiFamily
부산광역시 금정구 장전동,3**,월세,55.21,1000,41,1979,장전온천천로89번길,detatched_multiFamily
부산광역시 금정구 장전동,3**,월세,55.21,1000,41,1979,장전온천천로89번길,detatched_multiFamily
부산광역시 금정구 장전동,1**,월세,55.38,1000,50,2001,수림로61번길,detatched_multiFamily
부산광역시 금정구 장전동,1**,월세,55.58,500,45,1988,금강로347번길,detatched_multiFamily
부산광역시 금정구 장전동,2**,월세,56,1000,65,2017,금강로321번안길,detatched_multiFamily
부산광역시 금정구 장전동,1**,월세,56.52,1000,40,1987,수림로91번길,detatched_multiFamily
부산광역시 금정구 장전동,6**,월세,57.15,3000,28,1992,식물원로44번길,detatched_multiFamily
부산광역시 금정구 장전동,3**,월세,57.42,3000,40,1993,장전로20번길,detatched_multiFamily
부산광역시 금정구 장전동,6**,월세,57.59,8000,20,1996,,detatched_multiFamily
부산광역시 금정구 장전동,6**,월세,59.4,500,15,,식물원로44번길,detatched_multiFamily
부산광역시 금정구 장전동,3**,월세,59.57,1000,45,1979,금정로,detatched_multiFamily
부산광역시 금정구 장전동,1**,월세,60,8000,15,1988,수림로,detatched_multiFamily
부산광역시 금정구 장전동,6*,월세,60,8000,11,,,detatched_multiFamily
부산광역시 금정구 장전동,1**,전세,60,8000,0,1988,수림로,detatched_multiFamily
부산광역시 금정구 장전동,1**,전세,60,8000,0,,수림로,detatched_multiFamily
부산광역시 금정구 장전동,1**,전세,60,4000,0,1992,금강로347번길,detatched_multiFamily
부산광역시 금정구 장전동,3**,월세,60.16,500,78,1976,금정로,detatched_multiFamily
부산광역시 금정구 장전동,6*,월세,60.7,3000,40,1975,금정로185번길,detatched_multiFamily
부산광역시 금정구 장전동,1**,월세,60.74,2000,65,1994,금강로369번길,detatched_multiFamily
부산광역시 금정구 장전동,1**,월세,61,1000,40,1993,수림로85번길,detatched_multiFamily
부산광역시 금정구 장전동,2**,월세,61.25,500,60,1995,금강로321번길,detatched_multiFamily
부산광역시 금정구 장전동,6**,월세,61.76,3000,30,1991,식물원로40번길,detatched_multiFamily
부산광역시 금정구 장전동,5**,전세,62.22,20000,0,,,detatched_multiFamily
부산광역시 금정구 장전동,3**,월세,62.48,1000,35,1978,금정로,detatched_multiFamily
부산광역시 금정구 장전동,2**,전세,62.64,5000,0,2019,부산대학로64번길,detatched_multiFamily
부산광역시 금정구 장전동,4**,전세,63,3000,0,2014,금강로291번길,detatched_multiFamily
부산광역시 금정구 장전동,1**,월세,63.17,2000,50,1979,금강로379번길,detatched_multiFamily
부산광역시 금정구 장전동,1**,월세,63.48,1000,38,1988,수림로,detatched_multiFamily
부산광역시 금정구 장전동,2**,월세,63.69,500,30,2020,부산대학로50번길,detatched_multiFamily
부산광역시 금정구 장전동,2**,월세,63.69,500,30,2020,부산대학로50번길,detatched_multiFamily
부산광역시 금정구 장전동,4**,월세,63.97,2000,27,2014,금강로291번길,detatched_multiFamily
부산광역시 금정구 장전동,1**,월세,64.25,300,20,1982,금강로369번길,detatched_multiFamily
부산광역시 금정구 장전동,1**,월세,64.67,9000,10,1997,부산대학로64번길,detatched_multiFamily
부산광역시 금정구 장전동,3**,월세,65.55,200,28,2012,부산대학로63번길,detatched_multiFamily
부산광역시 금정구 장전동,1**,월세,66,3000,18,2016,수림로91번길,detatched_multiFamily
부산광역시 금정구 장전동,6**,전세,66.12,10000,0,1972,식물원로40번길,detatched_multiFamily
부산광역시 금정구 장전동,2**,전세,67.86,3000,0,2012,장전온천천로119번길,detatched_multiFamily
부산광역시 금정구 장전동,6*,전세,68,11000,0,1995,금정로,detatched_multiFamily
부산광역시 금정구 장전동,3**,전세,68.32,7500,0,2020,장전온천천로101번길,detatched_multiFamily
부산광역시 금정구 장전동,2**,월세,69.72,3000,40,1990,장전로18번길,detatched_multiFamily
부산광역시 금정구 장전동,1**,월세,70.06,1000,34,2011,수림로75번길,detatched_multiFamily
부산광역시 금정구 장전동,5**,월세,70.1,3000,25,1988,,detatched_multiFamily
부산광역시 금정구 장전동,3**,전세,70.56,5500,0,2018,부산대학로64번길,detatched_multiFamily
부산광역시 금정구 장전동,1**,월세,71.05,2000,18,2015,수림로91번길,detatched_multiFamily
부산광역시 금정구 장전동,1**,전세,71.15,5000,0,2011,금강로347번길,detatched_multiFamily
부산광역시 금정구 장전동,4**,월세,71.5,300,29,2010,부산대학로49번길,detatched_multiFamily
부산광역시 금정구 장전동,3**,월세,71.58,1500,15,1975,장전온천천로83번길,detatched_multiFamily
부산광역시 금정구 장전동,1**,월세,72.25,3000,20,2015,수림로61번길,detatched_multiFamily
부산광역시 금정구 장전동,1**,전세,72.4,10000,0,1977,,detatched_multiFamily
부산광역시 금정구 장전동,1**,월세,73.56,1000,25,1993,수림로85번길,detatched_multiFamily
부산광역시 금정구 장전동,3**,월세,73.6,500,50,1992,장전온천천로95번길,detatched_multiFamily
부산광역시 금정구 장전동,4**,월세,75.13,2000,22,2014,금강로291번길,detatched_multiFamily
부산광역시 금정구 장전동,4**,월세,75.24,500,43,1995,금강로,detatched_multiFamily
부산광역시 금정구 장전동,1**,전세,75.54,5000,0,2015,수림로71번길,detatched_multiFamily
부산광역시 금정구 장전동,2**,월세,75.9,5000,30,1994,수림로49번길,detatched_multiFamily
부산광역시 금정구 장전동,1**,월세,76.3,500,29,2011,수림로85번길,detatched_multiFamily
부산광역시 금정구 장전동,1**,월세,76.84,500,75,2002,수림로61번길,detatched_multiFamily
부산광역시 금정구 장전동,4**,월세,77.11,300,30,2012,금강로279번길,detatched_multiFamily
부산광역시 금정구 장전동,1**,월세,77.27,300,25,2011,수림로75번길,detatched_multiFamily
부산광역시 금정구 장전동,1**,월세,77.3,100,25,1988,수림로,detatched_multiFamily
부산광역시 금정구 장전동,1**,월세,77.46,500,34,2015,금강로335번길,detatched_multiFamily
부산광역시 금정구 장전동,3**,월세,77.78,500,30,2010,부산대학로64번길,detatched_multiFamily
부산광역시 금정구 장전동,3**,전세,77.88,6000,0,2013,부산대학로64번길,detatched_multiFamily
부산광역시 금정구 장전동,1**,월세,77.93,2000,55,1977,수림로62번길,detatched_multiFamily
부산광역시 금정구 장전동,1**,전세,78.03,13000,0,2017,수림로85번길,detatched_multiFamily
부산광역시 금정구 장전동,1**,월세,78.08,12000,20,2015,수림로91번길,detatched_multiFamily
부산광역시 금정구 장전동,4**,전세,78.61,4500,0,2011,금강로291번길,detatched_multiFamily
부산광역시 금정구 장전동,1**,월세,78.85,2500,45,1986,금정로,detatched_multiFamily
부산광역시 금정구 장전동,1**,월세,78.85,2500,45,1986,금정로,detatched_multiFamily
부산광역시 금정구 장전동,3*,월세,79.4,500,40,2017,수림로93번길,detatched_multiFamily
부산광역시 금정구 장전동,1**,월세,79.54,200,25,2011,수림로75번길,detatched_multiFamily
부산광역시 금정구 장전동,1**,전세,79.96,15000,0,2014,수림로81번길,detatched_multiFamily
부산광역시 금정구 장전동,2**,월세,80.3,200,28,2010,부산대학로50번길,detatched_multiFamily
부산광역시 금정구 장전동,1**,월세,81.04,4000,50,2003,수림로61번길,detatched_multiFamily
부산광역시 금정구 장전동,1**,전세,81.12,10000,0,1985,금강로379번길,detatched_multiFamily
부산광역시 금정구 장전동,2**,월세,82.38,500,43,2019,부산대학로64번길,detatched_multiFamily
부산광역시 금정구 장전동,4**,월세,82.64,2000,40,1983,부산대학로49번길,detatched_multiFamily
부산광역시 금정구 장전동,1**,전세,83.21,6000,0,2018,수림로61번길,detatched_multiFamily
부산광역시 금정구 장전동,1**,전세,83.46,4500,0,2004,수림로91번길,detatched_multiFamily
부산광역시 금정구 장전동,2**,월세,83.67,500,33,2016,부산대학로64번안길,detatched_multiFamily
부산광역시 금정구 장전동,3**,월세,83.78,2000,15,2017,금강로,detatched_multiFamily
부산광역시 금정구 장전동,4**,월세,84.24,300,30,2003,장전온천천로73번길,detatched_multiFamily
부산광역시 금정구 장전동,5**,월세,84.47,2000,45,2017,금샘로18번길,detatched_multiFamily
부산광역시 금정구 장전동,3**,전세,84.91,4500,0,2011,금강로,detatched_multiFamily
부산광역시 금정구 장전동,1**,월세,85,1000,75,2017,수림로91번길,detatched_multiFamily
부산광역시 금정구 장전동,1**,월세,85,19000,8,2016,수림로91번길,detatched_multiFamily
부산광역시 금정구 장전동,1**,월세,85.86,300,26,2011,수림로81번길,detatched_multiFamily
부산광역시 금정구 장전동,9*,월세,86.41,2000,30,1989,수림로66번길,detatched_multiFamily
부산광역시 금정구 장전동,2**,월세,86.64,2000,30,1993,금정로149번안길,detatched_multiFamily
부산광역시 금정구 장전동,2**,월세,86.8,200,32,2012,부산대학로64번안길,detatched_multiFamily
부산광역시 금정구 장전동,2**,월세,87.92,3000,60,2004,장전온천천로119번길,detatched_multiFamily
부산광역시 금정구 장전동,3**,월세,88.8,200,35,2013,장전온천천로89번길,detatched_multiFamily
부산광역시 금정구 장전동,3**,월세,88.89,5000,40,2005,장전온천천로,detatched_multiFamily
부산광역시 금정구 장전동,2**,월세,89.87,500,30,2017,금정로149번안길,detatched_multiFamily
부산광역시 금정구 장전동,6**,월세,90,5000,40,1990,식물원로44번길,detatched_multiFamily
부산광역시 금정구 장전동,1**,월세,90.1,3000,28,2016,수림로71번길,detatched_multiFamily
부산광역시 금정구 장전동,4**,월세,90.95,100,30,2014,금강로,detatched_multiFamily
부산광역시 금정구 장전동,1**,전세,91.33,5000,0,2017,수림로81번길,detatched_multiFamily
부산광역시 금정구 장전동,2**,월세,91.4,500,29,2014,장전온천천로,detatched_multiFamily
부산광역시 금정구 장전동,1**,월세,92.58,200,23,1992,수림로75번길,detatched_multiFamily
부산광역시 금정구 장전동,2*,월세,93.34,2500,20,1995,금강로321번길,detatched_multiFamily
부산광역시 금정구 장전동,2**,월세,93.51,300,27,2011,금강로279번안길,detatched_multiFamily
부산광역시 금정구 장전동,4**,월세,93.69,2000,60,1993,부산대학로38번길,detatched_multiFamily
부산광역시 금정구 장전동,1**,월세,93.83,2000,40,,금강로321번길,detatched_multiFamily
부산광역시 금정구 장전동,2*,월세,94.14,300,27,2010,금강로321번길,detatched_multiFamily
부산광역시 금정구 장전동,3**,월세,94.4,500,30,2000,부산대학로64번길,detatched_multiFamily
부산광역시 금정구 장전동,2**,월세,95.14,2000,23,2010,부산대학로64번길,detatched_multiFamily
부산광역시 금정구 장전동,2**,월세,95.23,500,34,2011,,detatched_multiFamily
부산광역시 금정구 장전동,2**,월세,95.23,500,36,2011,금강로321번안길,detatched_multiFamily
부산광역시 금정구 장전동,3**,월세,95.55,500,30,2013,금강로,detatched_multiFamily
부산광역시 금정구 장전동,1**,전세,95.62,7000,0,2019,,detatched_multiFamily
부산광역시 금정구 장전동,3**,전세,96.54,5000,0,2011,부산대학로38번길,detatched_multiFamily
부산광역시 금정구 장전동,3**,전세,96.54,5000,0,2011,부산대학로38번길,detatched_multiFamily
부산광역시 금정구 장전동,3**,월세,97.38,1000,29,2013,금정로119번길,detatched_multiFamily
부산광역시 금정구 장전동,2**,월세,97.39,500,42,2018,금강로321번길,detatched_multiFamily
부산광역시 금정구 장전동,1**,월세,97.94,500,40,2018,,detatched_multiFamily
부산광역시 금정구 장전동,1**,전세,97.94,4500,0,2018,수림로85번길,detatched_multiFamily
부산광역시 금정구 장전동,2**,월세,99.5,500,36,2010,금강로279번길,detatched_multiFamily
부산광역시 금정구 장전동,3**,월세,100.86,100,29,2000,부산대학로50번길,detatched_multiFamily
부산광역시 금정구 장전동,3**,월세,101.76,200,35,2000,부산대학로64번길,detatched_multiFamily
부산광역시 금정구 장전동,3**,월세,102,2000,28,1993,장전온천천로95번길,detatched_multiFamily
부산광역시 금정구 장전동,1**,월세,102.39,500,25,1984,금강로347번길,detatched_multiFamily
부산광역시 금정구 장전동,1**,월세,102.48,500,30,2015,금강로335번길,detatched_multiFamily
부산광역시 금정구 장전동,1**,월세,103.26,200,26,2001,수림로91번길,detatched_multiFamily
부산광역시 금정구 장전동,6**,월세,103.47,3000,30,1976,중앙대로1531번길,detatched_multiFamily
부산광역시 금정구 장전동,3**,월세,103.5,10000,10,1995,금강로279번길,detatched_multiFamily
부산광역시 금정구 장전동,2**,월세,106.49,300,29,2015,금강로279번안길,detatched_multiFamily
부산광역시 금정구 장전동,2**,월세,107.32,500,30,1997,부산대학로64번길,detatched_multiFamily
부산광역시 금정구 장전동,1**,월세,108.72,500,45,2011,수림로75번길,detatched_multiFamily
부산광역시 금정구 장전동,1**,전세,109.47,6000,0,2017,금강로,detatched_multiFamily
부산광역시 금정구 장전동,1**,월세,112.41,300,30,2016,수림로61번길,detatched_multiFamily
부산광역시 금정구 장전동,1**,월세,112.41,300,30,2016,,detatched_multiFamily
부산광역시 금정구 장전동,5**,월세,113.94,6000,10,1998,금샘로18번길,detatched_multiFamily
부산광역시 금정구 장전동,1**,전세,115,6000,0,2016,금강로347번길,detatched_multiFamily
부산광역시 금정구 장전동,2**,월세,118.99,500,35,2015,금강로279번안길,detatched_multiFamily
부산광역시 금정구 장전동,4**,월세,119.6,300,30,2011,금강로279번안길,detatched_multiFamily
부산광역시 금정구 장전동,3**,월세,137.16,2000,30,2021,부산대학로64번길,detatched_multiFamily
부산광역시 금정구 장전동,1**,월세,141.09,400,27,2015,금강로335번길,detatched_multiFamily
부산광역시 금정구 장전동,4**,월세,142.05,500,30,2003,금강로291번길,detatched_multiFamily
부산광역시 금정구 장전동,1**,월세,150.1,2000,24,2018,수림로85번길,detatched_multiFamily
부산광역시 금정구 장전동,1**,월세,160.21,2500,15,1983,수림로85번길,detatched_multiFamily
부산광역시 금정구 장전동,2*,월세,162.2,300,35,1997,금강로321번길,detatched_multiFamily
부산광역시 금정구 장전동,1**,월세,163.6,300,33,2017,수림로85번길,detatched_multiFamily
부산광역시 금정구 장전동,1**,월세,166,1000,31,2011,수림로81번길,detatched_multiFamily
부산광역시 금정구 장전동,5**,월세,198.14,300,39,2017,금샘로18번길,detatched_multiFamily
부산광역시 금정구 장전동,2**,전세,237.54,5000,0,,장전온천천로113번길,detatched_multiFamily
부산광역시 금정구 장전동,1**,월세,241.56,2000,34,2018,수림로85번길,detatched_multiFamily
부산광역시 금정구 청룡동,7*,월세,16.5,100,22,1983,청룡예전로43번길,detatched_multiFamily
부산광역시 금정구 청룡동,3*,월세,20,150,20,1987,금강로754번길,detatched_multiFamily
부산광역시 금정구 청룡동,3*,월세,23.2,300,23,2012,팔송로18번길,detatched_multiFamily
부산광역시 금정구 청룡동,4*,월세,30,300,27,2010,청룡로34번길,detatched_multiFamily
부산광역시 금정구 청룡동,8*,월세,55.22,2000,40,1986,중앙대로,detatched_multiFamily
부산광역시 금정구 청룡동,4*,월세,60,4000,10,1991,청룡예전로43번길,detatched_multiFamily
부산광역시 금정구 청룡동,2**,전세,69.51,13000,0,1980,청룡예전로99번안길,detatched_multiFamily
부산광역시 금정구 청룡동,2*,전세,81.99,10000,0,1988,팔송로12번길,detatched_multiFamily
부산광역시 금정구 청룡동,7*,월세,93.93,5000,40,1985,청룡예전로43번길,detatched_multiFamily
부산광역시 금정구 청룡동,3*,월세,108.64,3000,29,1994,팔송로24번길,detatched_multiFamily
부산광역시 금정구 청룡동,4*,월세,118.26,5000,30,1995,청룡로34번길,detatched_multiFamily
부산광역시 금정구 청룡동,2**,전세,134,13000,0,1980,청룡예전로99번안길,detatched_multiFamily
부산광역시 금정구 청룡동,8*,월세,165,1000,25,1992,청룡예전로,detatched_multiFamily
부산광역시 금정구 회동동,2**,전세,26.4,3500,0,1977,회천로5번길,detatched_multiFamily
부산광역시 금정구 회동동,1**,전세,34.02,4500,0,1978,회천로32번길,detatched_multiFamily
부산광역시 금정구 회동동,2**,전세,48.6,6000,0,1977,회천로5번길,detatched_multiFamily
부산광역시 금정구 회동동,2**,월세,49.92,500,30,1976,금사로,detatched_multiFamily
부산광역시 금정구 회동동,1**,월세,55.2,5000,10,1983,회천로19번길,detatched_multiFamily
부산광역시 금정구 회동동,2**,월세,58.73,6000,10,1986,,detatched_multiFamily
부산광역시 금정구 회동동,2**,전세,60.13,6500,0,1979,회천로5번길,detatched_multiFamily
부산광역시 금정구 회동동,1**,전세,60.5,4500,0,1978,회천로13번길,detatched_multiFamily
부산광역시 금정구 회동동,4**,전세,63.4,5000,0,,,detatched_multiFamily
부산광역시 금정구 회동동,1**,전세,66,4500,0,1987,회천로13번길,detatched_multiFamily
부산광역시 금정구 회동동,1**,월세,66.37,6000,20,,회천로19번길,detatched_multiFamily
부산광역시 금정구 회동동,1**,전세,66.37,8000,0,,회천로19번길,detatched_multiFamily
부산광역시 금정구 회동동,2**,전세,70.2,5500,0,1984,회천로5번길,detatched_multiFamily
부산광역시 금정구 회동동,3**,전세,73.55,7000,0,1985,회천로26번길,detatched_multiFamily
부산광역시 금정구 회동동,4**,월세,74.03,2000,20,,,detatched_multiFamily
부산광역시 금정구 회동동,1**,월세,84,2500,25,1983,회천로19번길,detatched_multiFamily
부산광역시 금정구 회동동,1**,월세,84,2500,25,1983,회천로19번길,detatched_multiFamily
부산광역시 금정구 회동동,1**,전세,105.6,3500,0,1983,회천로19번길,detatched_multiFamily
부산광역시 기장군 기장읍 교리,3**,월세,20,500,33,2016,차성동로,detatched_multiFamily
부산광역시 기장군 기장읍 교리,3**,월세,20,300,35,2011,차성동로,detatched_multiFamily
부산광역시 기장군 기장읍 교리,3**,월세,20,300,35,2016,차성동로154번길,detatched_multiFamily
부산광역시 기장군 기장읍 교리,3**,월세,20,200,30,2012,차성동로,detatched_multiFamily
부산광역시 기장군 기장읍 교리,3**,전세,22.13,4000,0,2011,차성동로172번길,detatched_multiFamily
부산광역시 기장군 기장읍 교리,3**,월세,22.95,1000,30,2011,차성동로,detatched_multiFamily
부산광역시 기장군 기장읍 교리,3**,전세,23.76,6000,0,2015,차성로404번길,detatched_multiFamily
부산광역시 기장군 기장읍 교리,3**,월세,24,200,30,2015,차성로404번길,detatched_multiFamily
부산광역시 기장군 기장읍 교리,3**,월세,24.79,300,33,2014,차성동로,detatched_multiFamily
부산광역시 기장군 기장읍 교리,3**,월세,25,300,28,2015,차성동로,detatched_multiFamily
부산광역시 기장군 기장읍 교리,3**,월세,25,4000,12,2012,차성동로182번길,detatched_multiFamily
부산광역시 기장군 기장읍 교리,3**,월세,25,300,21,2010,차성동로,detatched_multiFamily
부산광역시 기장군 기장읍 교리,3**,월세,25,200,25,2014,차성로418번길,detatched_multiFamily
부산광역시 기장군 기장읍 교리,3**,월세,25,200,25,2010,차성동로,detatched_multiFamily
부산광역시 기장군 기장읍 교리,3**,월세,25.96,300,31,2012,차성동로,detatched_multiFamily
부산광역시 기장군 기장읍 교리,3**,월세,26.4,4000,15,2012,차성동로182번길,detatched_multiFamily
부산광역시 기장군 기장읍 교리,3**,전세,26.4,4000,0,2016,,detatched_multiFamily
부산광역시 기장군 기장읍 교리,3**,전세,26.88,5000,0,2019,차성로390번길,detatched_multiFamily
부산광역시 기장군 기장읍 교리,3**,전세,27,3500,0,2015,차성로404번길,detatched_multiFamily
부산광역시 기장군 기장읍 교리,3**,전세,27.05,5500,0,2015,차성로404번길,detatched_multiFamily
부산광역시 기장군 기장읍 교리,3**,전세,28.83,5000,0,2018,차성로404번길,detatched_multiFamily
부산광역시 기장군 기장읍 교리,3**,전세,28.91,3500,0,2012,차성동로182번길,detatched_multiFamily
부산광역시 기장군 기장읍 교리,3**,전세,28.91,3500,0,2012,차성동로182번길,detatched_multiFamily
부산광역시 기장군 기장읍 교리,3**,전세,29.75,6000,0,2015,차성로404번길,detatched_multiFamily
부산광역시 기장군 기장읍 교리,3**,전세,29.75,6000,0,2015,,detatched_multiFamily
부산광역시 기장군 기장읍 교리,3**,월세,30,300,35,2014,차성로,detatched_multiFamily
부산광역시 기장군 기장읍 교리,3**,월세,30,300,40,2014,차성로,detatched_multiFamily
부산광역시 기장군 기장읍 교리,3**,월세,30,500,50,2019,차성로390번길,detatched_multiFamily
부산광역시 기장군 기장읍 교리,7**,월세,30,300,40,,,detatched_multiFamily
부산광역시 기장군 기장읍 교리,3**,월세,30,100,44,2014,차성로,detatched_multiFamily
부산광역시 기장군 기장읍 교리,3**,월세,30,500,28,2012,차성동로,detatched_multiFamily
부산광역시 기장군 기장읍 교리,3**,전세,30,6500,0,2019,차성로390번길,detatched_multiFamily
부산광역시 기장군 기장읍 교리,3**,전세,30,5000,0,2018,차성로404번길,detatched_multiFamily
부산광역시 기장군 기장읍 교리,3**,전세,31.4,5500,0,2016,차성로,detatched_multiFamily
부산광역시 기장군 기장읍 교리,3**,전세,32,7000,0,2016,,detatched_multiFamily
부산광역시 기장군 기장읍 교리,3**,전세,32,7000,0,2016,,detatched_multiFamily
부산광역시 기장군 기장읍 교리,3**,전세,32,7000,0,2016,차성로,detatched_multiFamily
부산광역시 기장군 기장읍 교리,3**,전세,32.6,4500,0,2012,차성동로182번길,detatched_multiFamily
부산광역시 기장군 기장읍 교리,3**,전세,32.6,4000,0,2012,차성동로182번길,detatched_multiFamily
부산광역시 기장군 기장읍 교리,3**,월세,32.9,1500,35,2012,차성동로182번길,detatched_multiFamily
부산광역시 기장군 기장읍 교리,3**,월세,32.9,1500,35,2012,차성동로182번길,detatched_multiFamily
부산광역시 기장군 기장읍 교리,3**,월세,33,500,42,2014,차성로404번길,detatched_multiFamily
부산광역시 기장군 기장읍 교리,3**,월세,33,500,29,2015,차성동로178번길,detatched_multiFamily
부산광역시 기장군 기장읍 교리,3**,월세,33,2000,28,2016,차성동로,detatched_multiFamily
부산광역시 기장군 기장읍 교리,3**,월세,33,500,35,2011,차성동로154번길,detatched_multiFamily
부산광역시 기장군 기장읍 교리,3**,월세,33,200,34,2011,차성로412번길,detatched_multiFamily
부산광역시 기장군 기장읍 교리,3**,월세,33,500,45,2011,차성동로182번길,detatched_multiFamily
부산광역시 기장군 기장읍 교리,3**,월세,33,500,45,2015,차성동로,detatched_multiFamily
부산광역시 기장군 기장읍 교리,3**,월세,33,500,40,2014,차성로,detatched_multiFamily
부산광역시 기장군 기장읍 교리,3**,전세,33,5000,0,2015,차성로404번길,detatched_multiFamily
부산광역시 기장군 기장읍 교리,3**,전세,33,7000,0,2016,차성로,detatched_multiFamily
부산광역시 기장군 기장읍 교리,3**,전세,33,5000,0,2011,차성동로,detatched_multiFamily
부산광역시 기장군 기장읍 교리,3**,전세,33,6500,0,2016,차성로,detatched_multiFamily
부산광역시 기장군 기장읍 교리,3**,전세,33,6500,0,,차성로,detatched_multiFamily
부산광역시 기장군 기장읍 교리,3**,전세,33,5000,0,2018,차성로404번길,detatched_multiFamily
부산광역시 기장군 기장읍 교리,3**,전세,33,5000,0,2018,차성로404번길,detatched_multiFamily
부산광역시 기장군 기장읍 교리,3**,전세,33,5000,0,2018,,detatched_multiFamily
부산광역시 기장군 기장읍 교리,3**,전세,33,5000,0,2015,차성로404번길,detatched_multiFamily
부산광역시 기장군 기장읍 교리,3**,전세,33,6500,0,2016,차성로,detatched_multiFamily
부산광역시 기장군 기장읍 교리,3**,전세,33,6500,0,2016,차성로,detatched_multiFamily
부산광역시 기장군 기장읍 교리,3**,월세,33.06,300,38,2016,차성로390번길,detatched_multiFamily
부산광역시 기장군 기장읍 교리,3**,전세,33.1,5000,0,2018,차성로404번길,detatched_multiFamily
부산광역시 기장군 기장읍 교리,3**,월세,36.3,4000,6,2011,차성동로172번길,detatched_multiFamily
부산광역시 기장군 기장읍 교리,3**,전세,39,5000,0,2012,,detatched_multiFamily
부산광역시 기장군 기장읍 교리,3**,전세,39,5000,0,2012,차성동로,detatched_multiFamily
부산광역시 기장군 기장읍 교리,3**,전세,39.2,5900,0,2016,차성로397번길,detatched_multiFamily
부산광역시 기장군 기장읍 교리,3**,월세,44.28,1000,30,1996,차성동로,detatched_multiFamily
부산광역시 기장군 기장읍 교리,2*,월세,49.5,500,35,2010,차성로417번길,detatched_multiFamily
부산광역시 기장군 기장읍 교리,3**,월세,50,500,30,1995,차성동로,detatched_multiFamily
부산광역시 기장군 기장읍 교리,3**,월세,54.65,200,30,2011,차성동로,detatched_multiFamily
부산광역시 기장군 기장읍 교리,3**,전세,60,7500,0,2018,차성로404번길,detatched_multiFamily
부산광역시 기장군 기장읍 교리,3**,월세,71.92,1000,33,2016,차성동로,detatched_multiFamily
부산광역시 기장군 기장읍 교리,3**,월세,75.22,400,42,2018,차성로412번길,detatched_multiFamily
부산광역시 기장군 기장읍 교리,3**,월세,86.82,100,37,2016,차성동로154번길,detatched_multiFamily
부산광역시 기장군 기장읍 교리,3**,월세,86.82,100,35,2016,차성동로154번길,detatched_multiFamily
부산광역시 기장군 기장읍 교리,3**,월세,86.82,200,35,2016,차성동로154번길,detatched_multiFamily
부산광역시 기장군 기장읍 교리,3**,월세,86.82,100,35,2016,차성동로154번길,detatched_multiFamily
부산광역시 기장군 기장읍 교리,3**,월세,86.82,100,42,2016,차성동로154번길,detatched_multiFamily
부산광역시 기장군 기장읍 교리,3**,월세,86.82,100,37,2016,차성동로154번길,detatched_multiFamily
부산광역시 기장군 기장읍 교리,3**,월세,86.82,100,37,2016,차성동로154번길,detatched_multiFamily
부산광역시 기장군 기장읍 교리,3**,전세,97.59,4000,0,2009,차성동로,detatched_multiFamily
부산광역시 기장군 기장읍 교리,3**,월세,104.8,300,28,2016,차성동로,detatched_multiFamily
부산광역시 기장군 기장읍 교리,3**,월세,104.8,2000,23,2016,차성동로,detatched_multiFamily
부산광역시 기장군 기장읍 교리,3**,월세,119.34,1000,35,2016,차성로390번길,detatched_multiFamily
부산광역시 기장군 기장읍 교리,3**,월세,120.34,500,33,2016,차성동로,detatched_multiFamily
부산광역시 기장군 기장읍 교리,3**,월세,123.65,200,30,2011,차성동로,detatched_multiFamily
부산광역시 기장군 기장읍 교리,3**,월세,130.14,3000,20,2011,차성동로,detatched_multiFamily
부산광역시 기장군 기장읍 교리,3**,전세,130.14,5000,0,2011,차성동로,detatched_multiFamily
부산광역시 기장군 기장읍 교리,3**,월세,131.82,200,28,2010,차성동로172번길,detatched_multiFamily
부산광역시 기장군 기장읍 교리,3**,월세,135.09,100,30,2015,차성동로,detatched_multiFamily
부산광역시 기장군 기장읍 교리,3**,전세,135.72,5000,0,,,detatched_multiFamily
부산광역시 기장군 기장읍 교리,3**,월세,136.47,300,34,2013,차성동로154번길,detatched_multiFamily
부산광역시 기장군 기장읍 교리,3**,월세,136.47,100,33,2013,차성동로154번길,detatched_multiFamily
부산광역시 기장군 기장읍 교리,3**,월세,137.1,150,40,2012,차성동로,detatched_multiFamily
부산광역시 기장군 기장읍 교리,3**,월세,137.69,200,40,2011,차성동로154번길,detatched_multiFamily
부산광역시 기장군 기장읍 교리,3**,월세,143.9,300,32,2012,차성동로,detatched_multiFamily
부산광역시 기장군 기장읍 교리,3**,월세,151.21,500,29,2015,차성동로178번길,detatched_multiFamily
부산광역시 기장군 기장읍 교리,3**,전세,154.1,5000,0,2018,차성로404번길,detatched_multiFamily
부산광역시 기장군 기장읍 교리,3**,월세,160.7,1000,39,2016,차성로,detatched_multiFamily
부산광역시 기장군 기장읍 교리,3**,월세,172.6,1000,60,2011,차성로412번길,detatched_multiFamily
부산광역시 기장군 기장읍 교리,3**,월세,181.38,200,29,2010,차성동로154번길,detatched_multiFamily
부산광역시 기장군 기장읍 교리,3**,월세,181.38,300,35,2010,차성동로154번길,detatched_multiFamily
부산광역시 기장군 기장읍 교리,3**,월세,181.38,200,32,2010,차성동로154번길,detatched_multiFamily
부산광역시 기장군 기장읍 교리,3**,전세,199.3,5000,0,2011,차성동로182번길,detatched_multiFamily
부산광역시 기장군 기장읍 당사리,5**,월세,47.23,1000,40,2011,당사로8길,detatched_multiFamily
부산광역시 기장군 기장읍 당사리,5**,월세,121.4,4000,110,2010,당사로4길,detatched_multiFamily
부산광역시 기장군 기장읍 당사리,5**,월세,141.04,2000,150,2011,당사로8길,detatched_multiFamily
부산광역시 기장군 기장읍 대라리,4**,월세,11.57,50,15,1972,차성로287번길,detatched_multiFamily
부산광역시 기장군 기장읍 대라리,2**,월세,12.32,300,29,2014,차성동로5번길,detatched_multiFamily
부산광역시 기장군 기장읍 대라리,1**,월세,16.38,100,33,2011,차성로201번길,detatched_multiFamily
부산광역시 기장군 기장읍 대라리,1**,월세,16.5,300,33,2018,차성동로31번길,detatched_multiFamily
부산광역시 기장군 기장읍 대라리,1**,월세,19.68,500,28,2022,차성동로31번길,detatched_multiFamily
부산광역시 기장군 기장읍 대라리,1**,월세,20,1000,18,1994,차성동로31번길,detatched_multiFamily
부산광역시 기장군 기장읍 대라리,5**,월세,20,1000,33,2014,차성남로35번길,detatched_multiFamily
부산광역시 기장군 기장읍 대라리,1***,월세,20,500,30,2016,차성서로,detatched_multiFamily
부산광역시 기장군 기장읍 대라리,8*,월세,20,2000,30,2018,차성동로50번길,detatched_multiFamily
부산광역시 기장군 기장읍 대라리,9*,월세,20.84,300,30,2011,차성남로88번길,detatched_multiFamily
부산광역시 기장군 기장읍 대라리,1**,월세,21,200,18,1968,차성동로,detatched_multiFamily
부산광역시 기장군 기장읍 대라리,9**,월세,21.72,200,23,2011,차성남로,detatched_multiFamily
부산광역시 기장군 기장읍 대라리,1***,월세,22,300,27,2007,차성로253번길,detatched_multiFamily
부산광역시 기장군 기장읍 대라리,1***,전세,22.15,5000,0,2016,차성서로,detatched_multiFamily
부산광역시 기장군 기장읍 대라리,1**,월세,22.7,500,36,2022,차성동로31번길,detatched_multiFamily
부산광역시 기장군 기장읍 대라리,1**,월세,22.7,1000,35,2022,차성동로31번길,detatched_multiFamily
부산광역시 기장군 기장읍 대라리,1***,월세,23,500,37,2016,차성서로,detatched_multiFamily
부산광역시 기장군 기장읍 대라리,1**,월세,23.1,300,22,2011,차성동로20번길,detatched_multiFamily
부산광역시 기장군 기장읍 대라리,1**,전세,23.14,4000,0,2011,차성로215번길,detatched_multiFamily
부산광역시 기장군 기장읍 대라리,3**,전세,23.38,5000,0,2018,대청로13번길,detatched_multiFamily
부산광역시 기장군 기장읍 대라리,,전세,23.38,5000,0,,,detatched_multiFamily
부산광역시 기장군 기장읍 대라리,1**,전세,23.69,6000,0,2018,차성로249번길,detatched_multiFamily
부산광역시 기장군 기장읍 대라리,1**,전세,23.69,6000,0,2018,차성로249번길,detatched_multiFamily
부산광역시 기장군 기장읍 대라리,1**,월세,24,500,28,2016,차성로242번길,detatched_multiFamily
부산광역시 기장군 기장읍 대라리,1**,전세,24.45,3500,0,2017,대청로21번길,detatched_multiFamily
부산광역시 기장군 기장읍 대라리,1**,월세,25,300,30,2017,대청로,detatched_multiFamily
부산광역시 기장군 기장읍 대라리,1**,전세,25.23,5000,0,2011,대청로45번길,detatched_multiFamily
부산광역시 기장군 기장읍 대라리,9*,월세,26,300,45,2020,차성남로89번길,detatched_multiFamily
부산광역시 기장군 기장읍 대라리,3**,월세,26,300,30,2021,,detatched_multiFamily
부산광역시 기장군 기장읍 대라리,3**,월세,26.4,3000,25,2018,차성로249번길,detatched_multiFamily
부산광역시 기장군 기장읍 대라리,3**,월세,26.4,500,45,2018,차성로249번길,detatched_multiFamily
부산광역시 기장군 기장읍 대라리,4**,월세,26.4,500,28,2015,차성로277번길,detatched_multiFamily
부산광역시 기장군 기장읍 대라리,3**,월세,26.4,2000,28,2018,차성로249번길,detatched_multiFamily
부산광역시 기장군 기장읍 대라리,1**,전세,26.4,5000,0,2018,대청로22번길,detatched_multiFamily
부산광역시 기장군 기장읍 대라리,1**,월세,26.78,400,46,2016,차성로253번길,detatched_multiFamily
부산광역시 기장군 기장읍 대라리,1**,전세,27,4000,0,2018,차성로249번길,detatched_multiFamily
부산광역시 기장군 기장읍 대라리,1**,전세,27.28,6000,0,2019,대청로36번길,detatched_multiFamily
부산광역시 기장군 기장읍 대라리,4**,월세,27.3,1000,35,2013,,detatched_multiFamily
부산광역시 기장군 기장읍 대라리,1**,월세,27.6,200,29,2014,대청로36번길,detatched_multiFamily
부산광역시 기장군 기장읍 대라리,4**,월세,28.31,500,40,2013,차성로277번길,detatched_multiFamily
부산광역시 기장군 기장읍 대라리,9*,월세,28.32,500,48,2020,차성남로89번길,detatched_multiFamily
부산광역시 기장군 기장읍 대라리,1***,전세,28.4,4000,0,2016,차성서로,detatched_multiFamily
부산광역시 기장군 기장읍 대라리,2**,월세,28.94,300,40,,대청로,detatched_multiFamily
부산광역시 기장군 기장읍 대라리,8*,전세,29.03,7000,0,2018,차성동로50번길,detatched_multiFamily
부산광역시 기장군 기장읍 대라리,1**,월세,29.13,300,34,2016,차성로242번길,detatched_multiFamily
부산광역시 기장군 기장읍 대라리,5**,월세,29.5,200,25,,차성로277번길,detatched_multiFamily
부산광역시 기장군 기장읍 대라리,1**,월세,30,300,30,2017,대청로,detatched_multiFamily
부산광역시 기장군 기장읍 대라리,1**,월세,30,300,25,2011,대청로21번길,detatched_multiFamily
부산광역시 기장군 기장읍 대라리,1**,월세,30,3000,25,2017,대청로,detatched_multiFamily
부산광역시 기장군 기장읍 대라리,1**,월세,30,3000,25,2017,대청로21번길,detatched_multiFamily
부산광역시 기장군 기장읍 대라리,9**,월세,30,2000,28,2015,차성서로,detatched_multiFamily
부산광역시 기장군 기장읍 대라리,9**,월세,30,300,25,2010,차성로287번길,detatched_multiFamily
부산광역시 기장군 기장읍 대라리,5**,월세,30,300,43,2014,차성남로35번길,detatched_multiFamily
부산광역시 기장군 기장읍 대라리,1***,월세,30,300,30,2016,차성로253번길,detatched_multiFamily
부산광역시 기장군 기장읍 대라리,9**,월세,30,2000,28,2015,차성서로,detatched_multiFamily
부산광역시 기장군 기장읍 대라리,1**,월세,30,200,30,2017,대청로,detatched_multiFamily
부산광역시 기장군 기장읍 대라리,4**,월세,32.29,1000,22,2015,차성로277번길,detatched_multiFamily
부산광역시 기장군 기장읍 대라리,1**,월세,32.32,1000,36,2022,차성동로31번길,detatched_multiFamily
부산광역시 기장군 기장읍 대라리,1***,월세,33,300,45,2018,차성로253번길,detatched_multiFamily
부산광역시 기장군 기장읍 대라리,1***,월세,33,4500,15,2016,,detatched_multiFamily
부산광역시 기장군 기장읍 대라리,1***,월세,33,500,30,2018,차성로253번길,detatched_multiFamily
부산광역시 기장군 기장읍 대라리,1**,월세,33,500,40,2017,대청로,detatched_multiFamily
부산광역시 기장군 기장읍 대라리,8*,월세,33,500,30,2018,차성동로50번길,detatched_multiFamily
부산광역시 기장군 기장읍 대라리,1**,월세,33,1000,44,2022,차성동로31번길,detatched_multiFamily
부산광역시 기장군 기장읍 대라리,9*,월세,33,300,33,2009,차성남로89번길,detatched_multiFamily
부산광역시 기장군 기장읍 대라리,1***,월세,33,500,47,2016,차성서로,detatched_multiFamily
부산광역시 기장군 기장읍 대라리,1**,월세,33,500,45,2018,대청로22번길,detatched_multiFamily
부산광역시 기장군 기장읍 대라리,1**,월세,33,1000,42,2018,대청로22번길,detatched_multiFamily
부산광역시 기장군 기장읍 대라리,4**,월세,33,300,45,2015,차성로277번길,detatched_multiFamily
부산광역시 기장군 기장읍 대라리,9**,월세,33,300,43,2015,차성서로,detatched_multiFamily
부산광역시 기장군 기장읍 대라리,9**,월세,33,300,45,2015,차성서로,detatched_multiFamily
부산광역시 기장군 기장읍 대라리,1**,전세,33,4000,0,2018,대청로22번길,detatched_multiFamily
부산광역시 기장군 기장읍 대라리,1**,전세,33,4000,0,2018,대청로22번길,detatched_multiFamily
부산광역시 기장군 기장읍 대라리,9**,월세,33.65,1000,42,2017,차성남로,detatched_multiFamily
부산광역시 기장군 기장읍 대라리,1***,월세,35,4000,10,2016,차성서로,detatched_multiFamily
부산광역시 기장군 기장읍 대라리,1**,월세,36.6,500,25,,차성로253번길,detatched_multiFamily
부산광역시 기장군 기장읍 대라리,1**,월세,38.3,1000,35,,차성로242번길,detatched_multiFamily
부산광역시 기장군 기장읍 대라리,2**,월세,39,500,40,2017,대청로,detatched_multiFamily
부산광역시 기장군 기장읍 대라리,4**,월세,39,300,46,2013,차성남로41번길,detatched_multiFamily
부산광역시 기장군 기장읍 대라리,1**,월세,40,1000,35,2000,대청로,detatched_multiFamily
부산광역시 기장군 기장읍 대라리,1**,월세,40,1000,35,2000,대청로,detatched_multiFamily
부산광역시 기장군 기장읍 대라리,4**,월세,40,500,31,2015,차성로277번길,detatched_multiFamily
부산광역시 기장군 기장읍 대라리,4**,월세,40,300,43,2015,차성로277번길,detatched_multiFamily
부산광역시 기장군 기장읍 대라리,9**,월세,40,1000,43,2011,차성서로101번길,detatched_multiFamily
부산광역시 기장군 기장읍 대라리,4**,월세,40,300,43,2015,차성로277번길,detatched_multiFamily
부산광역시 기장군 기장읍 대라리,1**,월세,43,1000,38,1999,대청로,detatched_multiFamily
부산광역시 기장군 기장읍 대라리,1**,전세,45,5500,0,2010,차성서로,detatched_multiFamily
부산광역시 기장군 기장읍 대라리,1**,월세,46.96,300,40,1991,차성동로25번길,detatched_multiFamily
부산광역시 기장군 기장읍 대라리,4**,전세,48.93,6000,0,1979,차성로287번길,detatched_multiFamily
부산광역시 기장군 기장읍 대라리,1**,월세,54.38,1000,40,1981,대청로45번길,detatched_multiFamily
부산광역시 기장군 기장읍 대라리,8*,월세,55.19,500,31,1981,차성동로51번길,detatched_multiFamily
부산광역시 기장군 기장읍 대라리,7**,월세,56.92,500,45,1996,차성남로65번길,detatched_multiFamily
부산광역시 기장군 기장읍 대라리,1**,월세,59,2000,45,1991,차성동로31번길,detatched_multiFamily
부산광역시 기장군 기장읍 대라리,9**,월세,61.65,500,30,2003,차성서로,detatched_multiFamily
부산광역시 기장군 기장읍 대라리,1**,월세,65.94,1000,30,1991,차성동로31번길,detatched_multiFamily
부산광역시 기장군 기장읍 대라리,1**,월세,68.58,500,75,2022,차성동로31번길,detatched_multiFamily
부산광역시 기장군 기장읍 대라리,1**,월세,70,1000,35,1991,차성로,detatched_multiFamily
부산광역시 기장군 기장읍 대라리,1**,월세,71.36,1000,50,1992,차성동로25번길,detatched_multiFamily
부산광역시 기장군 기장읍 대라리,1**,월세,82.64,1000,80,2017,대청로21번길,detatched_multiFamily
부산광역시 기장군 기장읍 대라리,1**,전세,83,7000,0,2003,차성동로19번길,detatched_multiFamily
부산광역시 기장군 기장읍 대라리,1**,월세,85.26,5000,30,2003,대청로36번길,detatched_multiFamily
부산광역시 기장군 기장읍 대라리,1**,월세,96.7,300,35,2018,차성로190번길,detatched_multiFamily
부산광역시 기장군 기장읍 대라리,9*,월세,97.69,3000,70,2021,차성동로50번길,detatched_multiFamily
부산광역시 기장군 기장읍 대라리,1***,월세,109.38,300,35,2016,차성로253번길,detatched_multiFamily
부산광역시 기장군 기장읍 대라리,1***,월세,109.38,300,29,2016,차성로253번길,detatched_multiFamily
부산광역시 기장군 기장읍 대라리,1**,월세,110.19,100,37,2014,대청로36번길,detatched_multiFamily
부산광역시 기장군 기장읍 대라리,3**,월세,110.28,500,35,2018,대청로13번길,detatched_multiFamily
부산광역시 기장군 기장읍 대라리,3**,월세,110.28,300,30,2018,대청로13번길,detatched_multiFamily
부산광역시 기장군 기장읍 대라리,1**,월세,111.9,500,40,2015,대청로36번길,detatched_multiFamily
부산광역시 기장군 기장읍 대라리,1**,월세,112.74,200,40,2014,대청로36번길,detatched_multiFamily
부산광역시 기장군 기장읍 대라리,1**,월세,112.74,200,30,2014,대청로36번길,detatched_multiFamily
부산광역시 기장군 기장읍 대라리,1**,월세,112.74,300,27,2014,대청로36번길,detatched_multiFamily
부산광역시 기장군 기장읍 대라리,1**,월세,112.74,100,32,2014,대청로36번길,detatched_multiFamily
부산광역시 기장군 기장읍 대라리,1**,월세,112.74,300,26,2014,대청로36번길,detatched_multiFamily
부산광역시 기장군 기장읍 대라리,1**,월세,112.74,500,20,2014,대청로36번길,detatched_multiFamily
부산광역시 기장군 기장읍 대라리,1**,월세,112.74,100,27,2014,대청로36번길,detatched_multiFamily
부산광역시 기장군 기장읍 대라리,1**,월세,112.74,200,40,2014,대청로36번길,detatched_multiFamily
부산광역시 기장군 기장읍 대라리,1**,월세,115.25,200,36,2011,차성로201번길,detatched_multiFamily
부산광역시 기장군 기장읍 대라리,1**,월세,115.25,200,28,2011,차성로201번길,detatched_multiFamily
부산광역시 기장군 기장읍 대라리,8*,전세,116.12,7000,0,2018,차성동로50번길,detatched_multiFamily
부산광역시 기장군 기장읍 대라리,3**,월세,116.92,300,30,2018,대청로13번길,detatched_multiFamily
부산광역시 기장군 기장읍 대라리,3**,월세,116.92,1000,29,2018,대청로13번길,detatched_multiFamily
부산광역시 기장군 기장읍 대라리,3**,월세,116.92,300,30,2018,대청로13번길,detatched_multiFamily
부산광역시 기장군 기장읍 대라리,3**,월세,118.8,500,29,1946,대청로13번길,detatched_multiFamily
부산광역시 기장군 기장읍 대라리,3**,월세,118.8,300,29,2021,,detatched_multiFamily
부산광역시 기장군 기장읍 대라리,1**,월세,119.78,3000,58,2017,대청로,detatched_multiFamily
부산광역시 기장군 기장읍 대라리,1**,월세,119.78,400,37,2017,대청로,detatched_multiFamily
부산광역시 기장군 기장읍 대라리,1**,월세,122.64,1500,30,2017,대청로,detatched_multiFamily
부산광역시 기장군 기장읍 대라리,9*,월세,123.1,500,48,2021,차성동로50번길,detatched_multiFamily
부산광역시 기장군 기장읍 대라리,9*,월세,123.1,500,48,2021,차성동로50번길,detatched_multiFamily
부산광역시 기장군 기장읍 대라리,9*,월세,123.1,500,48,2021,차성동로50번길,detatched_multiFamily
부산광역시 기장군 기장읍 대라리,1**,월세,123.46,300,33,2018,차성동로31번길,detatched_multiFamily
부산광역시 기장군 기장읍 대라리,1**,월세,123.46,500,37,2018,차성동로31번길,detatched_multiFamily
부산광역시 기장군 기장읍 대라리,1**,월세,126.87,700,43,2018,차성로249번길,detatched_multiFamily
부산광역시 기장군 기장읍 대라리,1**,월세,126.87,1000,40,2018,차성로249번길,detatched_multiFamily
부산광역시 기장군 기장읍 대라리,1**,전세,127.6,4000,0,2018,차성로249번길,detatched_multiFamily
부산광역시 기장군 기장읍 대라리,1**,전세,127.6,4000,0,2018,차성로249번길,detatched_multiFamily
부산광역시 기장군 기장읍 대라리,1**,월세,129.26,500,41,2022,차성동로31번길,detatched_multiFamily
부산광역시 기장군 기장읍 대라리,3**,월세,130.34,200,25,2018,차성로253번길,detatched_multiFamily
부산광역시 기장군 기장읍 대라리,9**,전세,132.26,3500,0,2011,차성남로,detatched_multiFamily
부산광역시 기장군 기장읍 대라리,9**,전세,132.26,3500,0,2011,차성남로,detatched_multiFamily
부산광역시 기장군 기장읍 대라리,1**,월세,135.25,4000,15,2018,대청로22번길,detatched_multiFamily
부산광역시 기장군 기장읍 대라리,1**,전세,135.25,4500,0,2018,대청로22번길,detatched_multiFamily
부산광역시 기장군 기장읍 대라리,1**,월세,135.46,1000,30,2018,대청로22번길,detatched_multiFamily
부산광역시 기장군 기장읍 대라리,9**,월세,139.06,500,23,2011,차성남로,detatched_multiFamily
부산광역시 기장군 기장읍 대라리,1**,전세,140.56,4300,0,2016,차성로253번길,detatched_multiFamily
부산광역시 기장군 기장읍 대라리,1***,월세,149.7,300,38,2016,차성로253번길,detatched_multiFamily
부산광역시 기장군 기장읍 대라리,9**,월세,149.72,200,37,2013,차성서로101번길,detatched_multiFamily
부산광역시 기장군 기장읍 대라리,1**,월세,151.38,1000,29,2011,대청로45번길,detatched_multiFamily
부산광역시 기장군 기장읍 대라리,5**,월세,152.17,300,40,2014,차성남로35번길,detatched_multiFamily
부산광역시 기장군 기장읍 대라리,1**,월세,152.46,300,39,2011,대청로14번길,detatched_multiFamily
부산광역시 기장군 기장읍 대라리,2**,월세,155.7,500,28,2014,차성동로5번길,detatched_multiFamily
부산광역시 기장군 기장읍 대라리,2**,월세,155.7,1000,23,2014,차성동로5번길,detatched_multiFamily
부산광역시 기장군 기장읍 대라리,2**,월세,155.7,300,30,2014,차성동로5번길,detatched_multiFamily
부산광역시 기장군 기장읍 대라리,4**,월세,155.96,1000,20,2013,차성남로41번길,detatched_multiFamily
부산광역시 기장군 기장읍 대라리,1**,월세,157.48,300,30,2011,차성로241번길,detatched_multiFamily
부산광역시 기장군 기장읍 대라리,4**,월세,158.9,1000,30,2015,차성로277번길,detatched_multiFamily
부산광역시 기장군 기장읍 대라리,1***,월세,161.04,300,28,2016,차성서로,detatched_multiFamily
부산광역시 기장군 기장읍 대라리,1**,전세,168.37,4500,0,2012,차성남로88번길,detatched_multiFamily
부산광역시 기장군 기장읍 대라리,9**,월세,171.66,3000,19,2015,차성서로,detatched_multiFamily
부산광역시 기장군 기장읍 대라리,9**,월세,171.66,1000,38,2015,차성서로,detatched_multiFamily
부산광역시 기장군 기장읍 대라리,3**,월세,171.98,300,40,2021,,detatched_multiFamily
부산광역시 기장군 기장읍 대라리,9*,월세,172.38,2000,120,1987,차성남로89번길,detatched_multiFamily
부산광역시 기장군 기장읍 대라리,9**,월세,174.9,200,32,2011,차성남로27번길,detatched_multiFamily
부산광역시 기장군 기장읍 대라리,1***,월세,179.88,2000,19,2009,차성로277번길,detatched_multiFamily
부산광역시 기장군 기장읍 대라리,1**,월세,182.2,300,36,2017,차성로215번길,detatched_multiFamily
부산광역시 기장군 기장읍 대라리,9**,월세,190.36,300,35,2018,차성서로109번길,detatched_multiFamily
부산광역시 기장군 기장읍 대라리,9**,월세,190.36,1500,30,2018,차성서로109번길,detatched_multiFamily
부산광역시 기장군 기장읍 대라리,1**,월세,193.32,500,65,2017,차성동로19번길,detatched_multiFamily
부산광역시 기장군 기장읍 대라리,1**,월세,197.7,500,47,2017,차성동로19번길,detatched_multiFamily
부산광역시 기장군 기장읍 대라리,1**,월세,197.7,4000,17,2017,차성동로19번길,detatched_multiFamily
부산광역시 기장군 기장읍 대라리,1**,월세,197.7,1000,40,2017,차성동로19번길,detatched_multiFamily
부산광역시 기장군 기장읍 대라리,9**,월세,199.34,500,46,2017,차성남로,detatched_multiFamily
부산광역시 기장군 기장읍 대라리,9**,월세,201.87,500,43,2017,차성남로,detatched_multiFamily
부산광역시 기장군 기장읍 대라리,9**,월세,201.87,1000,42,2017,차성남로,detatched_multiFamily
부산광역시 기장군 기장읍 대변리,5**,월세,37.02,500,25,1987,무양2길,detatched_multiFamily
부산광역시 기장군 기장읍 대변리,4**,월세,129.48,3000,90,1977,대변로,detatched_multiFamily
부산광역시 기장군 기장읍 동부리,1**,전세,16.02,5500,0,1990,읍내로,detatched_multiFamily
부산광역시 기장군 기장읍 동부리,3**,전세,17.17,5000,0,2019,차성동로126번길,detatched_multiFamily
부산광역시 기장군 기장읍 동부리,3**,전세,17.31,5500,0,2019,차성동로126번길,detatched_multiFamily
부산광역시 기장군 기장읍 동부리,3**,전세,18.18,6000,0,2013,차성동로,detatched_multiFamily
부산광역시 기장군 기장읍 동부리,3**,전세,18.9,12500,0,2013,차성동로,detatched_multiFamily
부산광역시 기장군 기장읍 동부리,3**,월세,20,300,40,2011,차성동로142번길,detatched_multiFamily
부산광역시 기장군 기장읍 동부리,1**,전세,20.02,4000,0,2018,,detatched_multiFamily
부산광역시 기장군 기장읍 동부리,3**,전세,21,4000,0,2010,차성동로,detatched_multiFamily
부산광역시 기장군 기장읍 동부리,3**,전세,23.1,4800,0,2013,차성동로,detatched_multiFamily
부산광역시 기장군 기장읍 동부리,3**,전세,23.1,4800,0,2013,차성동로,detatched_multiFamily
부산광역시 기장군 기장읍 동부리,3**,월세,25,500,29,2016,차성로,detatched_multiFamily
부산광역시 기장군 기장읍 동부리,3**,월세,25,300,27,2013,차성동로122번길,detatched_multiFamily
부산광역시 기장군 기장읍 동부리,3**,전세,25.33,6000,0,,,detatched_multiFamily
부산광역시 기장군 기장읍 동부리,1**,월세,26,1000,23,2015,차성로334번길,detatched_multiFamily
부산광역시 기장군 기장읍 동부리,4**,월세,26,500,29,2018,차성동로142번길,detatched_multiFamily
부산광역시 기장군 기장읍 동부리,3**,전세,26,4000,0,2010,차성동로,detatched_multiFamily
부산광역시 기장군 기장읍 동부리,4**,월세,26.4,1000,30,2018,차성동로142번길,detatched_multiFamily
부산광역시 기장군 기장읍 동부리,1**,월세,27,1000,38,2016,,detatched_multiFamily
부산광역시 기장군 기장읍 동부리,3**,월세,27.59,2000,30,2014,차성동로126번길,detatched_multiFamily
부산광역시 기장군 기장읍 동부리,3**,월세,28,500,32,2014,차성동로126번길,detatched_multiFamily
부산광역시 기장군 기장읍 동부리,3**,월세,29.7,300,43,2011,차성동로142번길,detatched_multiFamily
부산광역시 기장군 기장읍 동부리,3**,월세,30,2500,21,2011,차성동로142번길,detatched_multiFamily
부산광역시 기장군 기장읍 동부리,3**,월세,30,500,43,2011,차성동로142번길,detatched_multiFamily
부산광역시 기장군 기장읍 동부리,1**,전세,30,5500,0,2016,,detatched_multiFamily
부산광역시 기장군 기장읍 동부리,1**,전세,30,5500,0,2016,차성로,detatched_multiFamily
부산광역시 기장군 기장읍 동부리,1**,전세,30,5500,0,2016,,detatched_multiFamily
부산광역시 기장군 기장읍 동부리,1**,월세,30.11,3000,18,2016,차성로,detatched_multiFamily
부산광역시 기장군 기장읍 동부리,4**,월세,33,2000,36,2018,차성동로142번길,detatched_multiFamily
부산광역시 기장군 기장읍 동부리,4**,전세,33,7000,0,2018,차성동로142번길,detatched_multiFamily
부산광역시 기장군 기장읍 동부리,4**,전세,33,6000,0,2018,차성동로142번길,detatched_multiFamily
부산광역시 기장군 기장읍 동부리,4**,월세,36.2,500,45,2018,차성동로142번길,detatched_multiFamily
부산광역시 기장군 기장읍 동부리,1**,전세,40,4000,0,2016,차성로,detatched_multiFamily
부산광역시 기장군 기장읍 동부리,1**,월세,41.4,2000,20,1992,차성로322번길,detatched_multiFamily
부산광역시 기장군 기장읍 동부리,3**,월세,43,500,35,2002,배산로,detatched_multiFamily
부산광역시 기장군 기장읍 동부리,2**,월세,47.18,4000,10,1994,차성동로87번길,detatched_multiFamily
부산광역시 기장군 기장읍 동부리,2**,월세,47.18,4000,8,1994,차성동로87번길,detatched_multiFamily
부산광역시 기장군 기장읍 동부리,3**,월세,48.66,100,25,2013,차성동로,detatched_multiFamily
부산광역시 기장군 기장읍 동부리,3**,월세,49.59,2000,45,2007,차성동로102번길,detatched_multiFamily
부산광역시 기장군 기장읍 동부리,3**,전세,50.42,6000,0,2017,차성동로106번길,detatched_multiFamily
부산광역시 기장군 기장읍 동부리,1**,전세,55.62,5000,0,1996,차성동로73번길,detatched_multiFamily
부산광역시 기장군 기장읍 동부리,3**,전세,68.42,10000,0,1996,차성동로,detatched_multiFamily
부산광역시 기장군 기장읍 동부리,3**,월세,72.55,2000,15,2007,차성동로102번길,detatched_multiFamily
부산광역시 기장군 기장읍 동부리,1**,월세,82.5,5000,50,2018,차성로326번길,detatched_multiFamily
부산광역시 기장군 기장읍 동부리,3**,월세,97.86,700,27,2017,차성동로106번길,detatched_multiFamily
부산광역시 기장군 기장읍 동부리,3**,월세,97.86,200,35,2017,차성동로106번길,detatched_multiFamily
부산광역시 기장군 기장읍 동부리,3**,월세,99.88,1000,30,2013,차성동로,detatched_multiFamily
부산광역시 기장군 기장읍 동부리,1**,월세,108.45,1000,55,1996,차성로,detatched_multiFamily
부산광역시 기장군 기장읍 동부리,3**,월세,117.35,500,30,2019,차성동로126번길,detatched_multiFamily
부산광역시 기장군 기장읍 동부리,3**,월세,117.35,500,40,2019,차성동로126번길,detatched_multiFamily
부산광역시 기장군 기장읍 동부리,3**,월세,117.35,1000,34,2019,차성동로126번길,detatched_multiFamily
부산광역시 기장군 기장읍 동부리,3**,전세,117.35,5500,0,2019,차성동로126번길,detatched_multiFamily
부산광역시 기장군 기장읍 동부리,2**,전세,120.01,20000,0,2021,차성동로,detatched_multiFamily
부산광역시 기장군 기장읍 동부리,2**,월세,125.09,5000,60,2020,차성동로,detatched_multiFamily
부산광역시 기장군 기장읍 동부리,3**,월세,125.22,300,30,2018,차성동로142번길,detatched_multiFamily
부산광역시 기장군 기장읍 동부리,3**,월세,125.22,500,30,2018,차성동로142번길,detatched_multiFamily
부산광역시 기장군 기장읍 동부리,3**,월세,125.51,1000,35,2019,차성동로126번길,detatched_multiFamily
부산광역시 기장군 기장읍 동부리,3**,월세,125.51,4000,15,2019,차성동로126번길,detatched_multiFamily
부산광역시 기장군 기장읍 동부리,3**,월세,125.51,2000,30,2019,차성동로126번길,detatched_multiFamily
부산광역시 기장군 기장읍 동부리,1**,월세,142.6,300,40,2016,차성로334번길,detatched_multiFamily
부산광역시 기장군 기장읍 동부리,3**,전세,143.1,25000,0,2019,차성동로126번길,detatched_multiFamily
부산광역시 기장군 기장읍 동부리,1**,월세,163.8,500,43,2016,차성로,detatched_multiFamily
부산광역시 기장군 기장읍 동부리,3**,월세,195.82,500,30,2011,차성동로142번길,detatched_multiFamily
부산광역시 기장군 기장읍 동부리,3**,월세,228.3,100,30,2010,차성서로,detatched_multiFamily
부산광역시 기장군 기장읍 서부리,6*,월세,32.62,1500,35,2016,읍내로15번길,detatched_multiFamily
부산광역시 기장군 기장읍 서부리,6*,월세,163.1,400,43,2016,읍내로15번길,detatched_multiFamily
부산광역시 기장군 기장읍 시랑리,1**,전세,23,1000,0,1971,동암2길,detatched_multiFamily
부산광역시 기장군 기장읍 시랑리,1**,월세,24.18,2000,33,2018,동암해안길,detatched_multiFamily
부산광역시 기장군 기장읍 시랑리,5**,월세,33,300,50,2020,공수2길,detatched_multiFamily
부산광역시 기장군 기장읍 시랑리,5**,월세,33,500,45,2020,공수2길,detatched_multiFamily
부산광역시 기장군 기장읍 시랑리,6**,월세,57,1000,55,2017,당사로5길,detatched_multiFamily
부산광역시 기장군 기장읍 시랑리,6**,전세,66,15000,0,2018,당사로5길,detatched_multiFamily
부산광역시 기장군 기장읍 시랑리,6**,월세,77,1000,62,2010,당사로3길,detatched_multiFamily
부산광역시 기장군 기장읍 시랑리,6**,전세,90.69,13000,0,2012,당사로3길,detatched_multiFamily
부산광역시 기장군 기장읍 시랑리,6**,전세,245.02,60000,0,2010,당사로3길,detatched_multiFamily
부산광역시 기장군 기장읍 시랑리,6**,전세,245.02,60000,0,2010,당사로3길,detatched_multiFamily
부산광역시 기장군 기장읍 신천리,2**,월세,52.28,1000,50,2018,죽성로,detatched_multiFamily
부산광역시 기장군 기장읍 죽성리,8*,월세,44,2500,23,2002,죽성로,detatched_multiFamily
부산광역시 기장군 기장읍 죽성리,8*,월세,44,2500,15,2002,죽성로,detatched_multiFamily
부산광역시 기장군 기장읍 청강리,2**,전세,15,5000,0,1994,기장대로413번길,detatched_multiFamily
부산광역시 기장군 기장읍 청강리,2**,전세,20.91,4000,0,,대청로71번길,detatched_multiFamily
부산광역시 기장군 기장읍 청강리,1**,월세,23.1,1000,30,2016,청강로85번길,detatched_multiFamily
부산광역시 기장군 기장읍 청강리,2**,월세,30,400,48,2017,청강로91번길,detatched_multiFamily
부산광역시 기장군 기장읍 청강리,2**,월세,33,4000,5,2015,대청로71번길,detatched_multiFamily
부산광역시 기장군 기장읍 청강리,*,월세,39.9,1000,60,1936,죽성로,detatched_multiFamily
부산광역시 기장군 기장읍 청강리,9*,월세,45,500,30,1992,차성남로88번길,detatched_multiFamily
부산광역시 기장군 기장읍 청강리,2**,월세,125.48,500,35,2017,청강로91번길,detatched_multiFamily
부산광역시 기장군 기장읍 청강리,2**,월세,129.48,300,33,2015,대청로71번길,detatched_multiFamily
부산광역시 기장군 기장읍 청강리,2**,월세,136.62,300,35,2015,대청로71번길,detatched_multiFamily
부산광역시 기장군 기장읍 청강리,2**,월세,136.62,300,29,2015,대청로71번길,detatched_multiFamily
부산광역시 기장군 일광읍    문중리,9*,전세,83.34,10000,0,1994,문오성길,detatched_multiFamily
부산광역시 기장군 일광읍    삼성리,7**,월세,20.78,500,42,2018,기장해안로,detatched_multiFamily
부산광역시 기장군 일광읍    삼성리,7**,월세,22.98,500,33,,기장해안로,detatched_multiFamily
부산광역시 기장군 일광읍    삼성리,8**,월세,23.43,1000,55,2021,해빛6로,detatched_multiFamily
부산광역시 기장군 일광읍    삼성리,8**,월세,23.43,1000,55,2021,해빛6로,detatched_multiFamily
부산광역시 기장군 일광읍    삼성리,8**,월세,24.85,1000,55,2021,해빛6로,detatched_multiFamily
부산광역시 기장군 일광읍    삼성리,8**,월세,25.55,500,40,2020,해빛6로,detatched_multiFamily
부산광역시 기장군 일광읍    삼성리,8**,월세,26.08,1000,55,2021,해빛6로,detatched_multiFamily
부산광역시 기장군 일광읍    삼성리,8**,월세,28.74,1000,55,2021,해빛6로,detatched_multiFamily
부산광역시 기장군 일광읍    삼성리,8**,월세,28.74,1000,55,2021,해빛6로,detatched_multiFamily
부산광역시 기장군 일광읍    삼성리,1**,월세,29.73,1000,10,1978,기장해안로,detatched_multiFamily
부산광역시 기장군 일광읍    삼성리,8**,월세,29.84,1000,63,2021,해빛6로,detatched_multiFamily
부산광역시 기장군 일광읍    삼성리,8**,월세,29.94,1000,63,2021,해빛6로,detatched_multiFamily
부산광역시 기장군 일광읍    삼성리,8**,월세,30,1000,60,2021,해빛6로,detatched_multiFamily
부산광역시 기장군 일광읍    삼성리,7**,월세,32.01,500,47,2018,기장해안로,detatched_multiFamily
부산광역시 기장군 일광읍    삼성리,8**,월세,48.57,1000,70,2021,해빛6로,detatched_multiFamily
부산광역시 기장군 일광읍    삼성리,8**,월세,48.6,1000,55,2021,해빛6로,detatched_multiFamily
부산광역시 기장군 일광읍    삼성리,8**,월세,48.6,1000,55,2021,해빛6로,detatched_multiFamily
부산광역시 기장군 일광읍    삼성리,8**,월세,48.6,1000,55,2021,해빛6로,detatched_multiFamily
부산광역시 기장군 일광읍    삼성리,8**,월세,55.65,2000,70,2022,해빛6로,detatched_multiFamily
부산광역시 기장군 일광읍    삼성리,8**,월세,55.65,1000,70,2022,해빛6로,detatched_multiFamily
부산광역시 기장군 일광읍    삼성리,8**,월세,59.01,1000,70,,해빛6로,detatched_multiFamily
부산광역시 기장군 일광읍    삼성리,8**,월세,59.58,2000,70,2022,해빛6로,detatched_multiFamily
부산광역시 기장군 일광읍    삼성리,8**,월세,60,1000,100,2021,해빛6로,detatched_multiFamily
부산광역시 기장군 일광읍    삼성리,8*,월세,69.72,1000,40,1984,삼성길,detatched_multiFamily
부산광역시 기장군 일광읍    삼성리,3*,월세,70.11,500,50,,일광로,detatched_multiFamily
부산광역시 기장군 일광읍    삼성리,8*,월세,72.96,1000,40,1984,삼성길,detatched_multiFamily
부산광역시 기장군 일광읍    삼성리,1**,월세,75.86,2000,75,1995,일역길,detatched_multiFamily
부산광역시 기장군 일광읍    원리,*,월세,17,500,25,1978,원당길,detatched_multiFamily
부산광역시 기장군 일광읍    원리,4*,월세,98.9,1500,35,1997,장곡길,detatched_multiFamily
부산광역시 기장군 일광읍    이천리,7**,월세,15.6,300,30,2013,이천10길,detatched_multiFamily
부산광역시 기장군 일광읍    이천리,7**,월세,21,500,30,2012,이천6길,detatched_multiFamily
부산광역시 기장군 일광읍    이천리,8**,월세,24.3,500,47,2021,이천8길,detatched_multiFamily
부산광역시 기장군 일광읍    이천리,9**,월세,25,300,40,2018,,detatched_multiFamily
부산광역시 기장군 일광읍    이천리,7**,월세,26,300,35,2012,이천6길,detatched_multiFamily
부산광역시 기장군 일광읍    이천리,7**,월세,27,300,40,2012,이천6길,detatched_multiFamily
부산광역시 기장군 일광읍    이천리,7**,월세,30,300,30,2013,이천10길,detatched_multiFamily
부산광역시 기장군 일광읍    이천리,7**,월세,33,300,35,2012,이천6길,detatched_multiFamily
부산광역시 기장군 일광읍    이천리,7**,월세,33,300,40,2012,이천6길,detatched_multiFamily
부산광역시 기장군 일광읍    이천리,7**,월세,33,300,40,2012,이천6길,detatched_multiFamily
부산광역시 기장군 일광읍    이천리,7**,월세,33,300,40,2012,이천6길,detatched_multiFamily
부산광역시 기장군 일광읍    이천리,7**,월세,33,300,35,2012,이천6길,detatched_multiFamily
부산광역시 기장군 일광읍    이천리,7**,월세,33,100,40,2012,이천6길,detatched_multiFamily
부산광역시 기장군 일광읍    이천리,7**,월세,33,300,40,2012,이천6길,detatched_multiFamily
부산광역시 기장군 일광읍    이천리,7**,월세,66,1000,40,2012,이천6길,detatched_multiFamily
부산광역시 기장군 일광읍    이천리,7**,월세,66,1000,40,2012,이천6길,detatched_multiFamily
부산광역시 기장군 일광읍    이천리,7**,월세,69.93,1000,60,2002,이천10길,detatched_multiFamily
부산광역시 기장군 일광읍    이천리,9**,월세,72.36,3000,67,,이천6길,detatched_multiFamily
부산광역시 기장군 일광읍    이천리,3**,월세,75.9,500,20,,이천3길,detatched_multiFamily
부산광역시 기장군 일광읍    이천리,9**,월세,114.97,300,40,2018,,detatched_multiFamily
부산광역시 기장군 일광읍    이천리,9**,월세,114.97,300,40,2018,,detatched_multiFamily
부산광역시 기장군 일광읍    이천리,4**,월세,116.32,7000,40,2013,이천8길,detatched_multiFamily
부산광역시 기장군 일광읍    이천리,5**,전세,127.81,25000,0,1965,일광로,detatched_multiFamily
부산광역시 기장군 일광읍    칠암리,6*,월세,39.96,2000,40,2022,일광로,detatched_multiFamily
부산광역시 기장군 일광읍    칠암리,3*,전세,49.75,7000,0,1957,,detatched_multiFamily
부산광역시 기장군 일광읍    칠암리,7*,전세,99.24,17000,0,2017,,detatched_multiFamily
부산광역시 기장군 일광읍    화전리,2**,월세,70.08,500,30,2011,화전2길,detatched_multiFamily
부산광역시 기장군 장안읍 길천리,1**,월세,20,100,35,2011,길천2길,detatched_multiFamily
부산광역시 기장군 장안읍 길천리,2**,월세,23.1,100,33,,길천길,detatched_multiFamily
부산광역시 기장군 장안읍 길천리,1**,월세,61.3,1000,12,1971,길천길,detatched_multiFamily
부산광역시 기장군 장안읍 길천리,1**,월세,66.63,300,35,2013,길천2길,detatched_multiFamily
부산광역시 기장군 장안읍 길천리,1**,월세,67.35,500,35,2013,길천2길,detatched_multiFamily
부산광역시 기장군 장안읍 길천리,1**,월세,76.03,2000,35,2007,길천2길,detatched_multiFamily
부산광역시 기장군 장안읍 길천리,1**,월세,76.03,1000,30,2007,길천2길,detatched_multiFamily
부산광역시 기장군 장안읍 월내리,2**,전세,62.95,6000,0,,해맞이로,detatched_multiFamily
부산광역시 기장군 장안읍 좌천리,1**,월세,21,300,30,2010,좌천2길,detatched_multiFamily
부산광역시 기장군 장안읍 좌천리,7*,월세,26.4,1000,20,1955,좌천1길,detatched_multiFamily
부산광역시 기장군 장안읍 좌천리,1**,전세,29,2000,0,2010,좌천2길,detatched_multiFamily
부산광역시 기장군 장안읍 좌천리,2**,월세,33,1000,30,2014,좌천로,detatched_multiFamily
부산광역시 기장군 장안읍 좌천리,1**,월세,49.5,5000,10,2010,좌천2길,detatched_multiFamily
부산광역시 기장군 장안읍 좌천리,5*,월세,90.11,1000,30,2014,좌천시장1길,detatched_multiFamily
부산광역시 기장군 정관읍 달산리,1***,전세,20,3500,0,2011,달산1길,detatched_multiFamily
부산광역시 기장군 정관읍 달산리,1***,월세,20.38,300,30,2019,달산3길,detatched_multiFamily
부산광역시 기장군 정관읍 달산리,1***,월세,20.38,300,30,2019,달산3길,detatched_multiFamily
부산광역시 기장군 정관읍 달산리,1***,월세,21.94,300,33,2019,달산3길,detatched_multiFamily
부산광역시 기장군 정관읍 달산리,1***,월세,25,300,24,2016,달산4길,detatched_multiFamily
부산광역시 기장군 정관읍 달산리,1***,월세,25,300,26,2018,달산3길,detatched_multiFamily
부산광역시 기장군 정관읍 달산리,1***,월세,25,200,24,2017,달산4길,detatched_multiFamily
부산광역시 기장군 정관읍 달산리,1***,월세,25,300,40,2015,달산3길,detatched_multiFamily
부산광역시 기장군 정관읍 달산리,1***,월세,25,200,20,2011,달산1길,detatched_multiFamily
부산광역시 기장군 정관읍 달산리,1***,월세,25,200,25,2011,달산1길,detatched_multiFamily
부산광역시 기장군 정관읍 달산리,1***,월세,25,200,30,2011,달산1길,detatched_multiFamily
부산광역시 기장군 정관읍 달산리,1***,월세,25,200,30,2011,달산1길,detatched_multiFamily
부산광역시 기장군 정관읍 달산리,1***,전세,25.6,4500,0,2015,달산4길,detatched_multiFamily
부산광역시 기장군 정관읍 달산리,9**,월세,26,300,30,2017,달산4길,detatched_multiFamily
부산광역시 기장군 정관읍 달산리,1***,월세,26,300,28,2015,달산1길,detatched_multiFamily
부산광역시 기장군 정관읍 달산리,9**,전세,26.43,4500,0,2015,달산4길,detatched_multiFamily
부산광역시 기장군 정관읍 달산리,9**,전세,26.43,4500,0,2015,달산4길,detatched_multiFamily
부산광역시 기장군 정관읍 달산리,1***,월세,27,200,30,2012,달산1길,detatched_multiFamily
부산광역시 기장군 정관읍 달산리,1***,전세,27,4500,0,2015,,detatched_multiFamily
부산광역시 기장군 정관읍 달산리,1***,전세,27,4500,0,,,detatched_multiFamily
부산광역시 기장군 정관읍 달산리,1***,전세,27,5000,0,2015,,detatched_multiFamily
부산광역시 기장군 정관읍 달산리,1***,월세,28,200,33,2017,달산4길,detatched_multiFamily
부산광역시 기장군 정관읍 달산리,1***,월세,28,100,32,2017,달산2길,detatched_multiFamily
부산광역시 기장군 정관읍 달산리,1***,월세,28,300,30,2017,달산4길,detatched_multiFamily
부산광역시 기장군 정관읍 달산리,1***,월세,28,300,23,2012,달산1길,detatched_multiFamily
부산광역시 기장군 정관읍 달산리,1***,월세,28,300,23,2015,달산4길,detatched_multiFamily
부산광역시 기장군 정관읍 달산리,1***,월세,28,100,33,2017,달산2길,detatched_multiFamily
부산광역시 기장군 정관읍 달산리,1***,월세,28,200,25,2012,달산1길,detatched_multiFamily
부산광역시 기장군 정관읍 달산리,1***,월세,28,4000,4,2012,달산1길,detatched_multiFamily
부산광역시 기장군 정관읍 달산리,1***,월세,28,200,30,2017,달산1길,detatched_multiFamily
부산광역시 기장군 정관읍 달산리,1***,월세,28,200,25,2012,달산1길,detatched_multiFamily
부산광역시 기장군 정관읍 달산리,1***,월세,29,300,33,,달산1길,detatched_multiFamily
부산광역시 기장군 정관읍 달산리,9**,월세,29,3500,10,2017,달산4길,detatched_multiFamily
부산광역시 기장군 정관읍 달산리,1***,월세,29,200,23,2011,달산1길,detatched_multiFamily
부산광역시 기장군 정관읍 달산리,1***,전세,29,5500,0,2015,달산2길,detatched_multiFamily
부산광역시 기장군 정관읍 달산리,1***,전세,29,4500,0,2015,,detatched_multiFamily
부산광역시 기장군 정관읍 달산리,1***,월세,29.63,300,40,2014,달산1길,detatched_multiFamily
부산광역시 기장군 정관읍 달산리,9**,월세,30,300,30,2017,달산4길,detatched_multiFamily
부산광역시 기장군 정관읍 달산리,1***,월세,30,500,40,2015,달산1길,detatched_multiFamily
부산광역시 기장군 정관읍 달산리,1***,월세,30,250,37,2016,달산1길,detatched_multiFamily
부산광역시 기장군 정관읍 달산리,1***,월세,30,200,30,2017,달산1길,detatched_multiFamily
부산광역시 기장군 정관읍 달산리,1***,월세,30,200,30,2011,달산1길,detatched_multiFamily
부산광역시 기장군 정관읍 달산리,1***,월세,30,300,33,2015,달산4길,detatched_multiFamily
부산광역시 기장군 정관읍 달산리,9**,월세,30,500,35,2015,달산4길,detatched_multiFamily
부산광역시 기장군 정관읍 달산리,1***,월세,30,200,30,2011,달산1길,detatched_multiFamily
부산광역시 기장군 정관읍 달산리,9**,월세,30,300,28,2016,달산4길,detatched_multiFamily
부산광역시 기장군 정관읍 달산리,1***,월세,30,300,36,2015,달산1길,detatched_multiFamily
부산광역시 기장군 정관읍 달산리,1***,월세,30,300,30,2015,달산4길,detatched_multiFamily
부산광역시 기장군 정관읍 달산리,1***,월세,30,200,30,2015,달산4길,detatched_multiFamily
부산광역시 기장군 정관읍 달산리,1***,월세,30,300,28,2018,달산4길,detatched_multiFamily
부산광역시 기장군 정관읍 달산리,1***,월세,30,3000,15,2015,달산2길,detatched_multiFamily
부산광역시 기장군 정관읍 달산리,1***,월세,30,200,30,2011,달산1길,detatched_multiFamily
부산광역시 기장군 정관읍 달산리,1***,월세,30,100,30,2011,달산4길,detatched_multiFamily
부산광역시 기장군 정관읍 달산리,1***,월세,30,250,37,2016,달산1길,detatched_multiFamily
부산광역시 기장군 정관읍 달산리,1***,월세,30,300,30,2017,달산3길,detatched_multiFamily
부산광역시 기장군 정관읍 달산리,9**,월세,30,300,40,2015,달산4길,detatched_multiFamily
부산광역시 기장군 정관읍 달산리,1***,월세,30,500,28,2018,달산4길,detatched_multiFamily
부산광역시 기장군 정관읍 달산리,1***,월세,30,300,30,2017,달산4길,detatched_multiFamily
부산광역시 기장군 정관읍 달산리,1***,월세,30,500,30,2016,달산1길,detatched_multiFamily
부산광역시 기장군 정관읍 달산리,1***,월세,30,300,30,2011,달산1길,detatched_multiFamily
부산광역시 기장군 정관읍 달산리,1***,월세,30,200,40,,,detatched_multiFamily
부산광역시 기장군 정관읍 달산리,1***,월세,30,200,40,,,detatched_multiFamily
부산광역시 기장군 정관읍 달산리,1***,월세,30,300,32,2016,달산1길,detatched_multiFamily
부산광역시 기장군 정관읍 달산리,1***,월세,30,300,33,2016,달산1길,detatched_multiFamily
부산광역시 기장군 정관읍 달산리,1***,월세,30,300,35,2015,달산4길,detatched_multiFamily
부산광역시 기장군 정관읍 달산리,1***,월세,30,300,30,2015,달산4길,detatched_multiFamily
부산광역시 기장군 정관읍 달산리,1***,전세,30,5000,0,2014,달산1길,detatched_multiFamily
부산광역시 기장군 정관읍 달산리,1***,전세,30,3000,0,2010,산단1로,detatched_multiFamily
부산광역시 기장군 정관읍 달산리,1***,전세,30,3500,0,2015,달산1길,detatched_multiFamily
부산광역시 기장군 정관읍 달산리,9**,전세,31,4500,0,2015,달산4길,detatched_multiFamily
부산광역시 기장군 정관읍 달산리,9**,월세,31.23,500,35,2015,,detatched_multiFamily
부산광역시 기장군 정관읍 달산리,9**,월세,32,500,40,2017,달산4길,detatched_multiFamily
부산광역시 기장군 정관읍 달산리,1***,월세,32,500,30,2016,달산1길,detatched_multiFamily
부산광역시 기장군 정관읍 달산리,1***,전세,32,4500,0,2017,달산2길,detatched_multiFamily
부산광역시 기장군 정관읍 달산리,1***,전세,32,5000,0,2015,달산2길,detatched_multiFamily
부산광역시 기장군 정관읍 달산리,9**,월세,33,500,30,2015,달산4길,detatched_multiFamily
부산광역시 기장군 정관읍 달산리,1***,월세,33,300,30,2017,달산3길,detatched_multiFamily
부산광역시 기장군 정관읍 달산리,1***,월세,33,300,43,2018,달산3길,detatched_multiFamily
부산광역시 기장군 정관읍 달산리,1***,월세,33,0,45,2022,달산2길,detatched_multiFamily
부산광역시 기장군 정관읍 달산리,1***,월세,33,200,30,2011,달산1길,detatched_multiFamily
부산광역시 기장군 정관읍 달산리,9**,월세,33,500,33,2016,달산4길,detatched_multiFamily
부산광역시 기장군 정관읍 달산리,1***,월세,33,300,35,2015,달산2길,detatched_multiFamily
부산광역시 기장군 정관읍 달산리,1***,월세,33,200,43,2018,달산3길,detatched_multiFamily
부산광역시 기장군 정관읍 달산리,1***,월세,33,300,30,2017,달산4길,detatched_multiFamily
부산광역시 기장군 정관읍 달산리,9**,월세,33,300,34,2016,달산4길,detatched_multiFamily
부산광역시 기장군 정관읍 달산리,1***,월세,33,300,35,2022,달산2길,detatched_multiFamily
부산광역시 기장군 정관읍 달산리,9**,월세,33,3000,15,2016,달산4길,detatched_multiFamily
부산광역시 기장군 정관읍 달산리,9**,월세,33,3000,28,2016,달산4길,detatched_multiFamily
부산광역시 기장군 정관읍 달산리,1***,월세,33,300,45,2016,달산4길,detatched_multiFamily
부산광역시 기장군 정관읍 달산리,9**,월세,33,300,30,2015,달산4길,detatched_multiFamily
부산광역시 기장군 정관읍 달산리,1***,월세,33,500,30,2022,달산2길,detatched_multiFamily
부산광역시 기장군 정관읍 달산리,1***,월세,33,1000,40,2016,달산4길,detatched_multiFamily
부산광역시 기장군 정관읍 달산리,1***,전세,33,6000,0,2016,달산4길,detatched_multiFamily
부산광역시 기장군 정관읍 달산리,1***,전세,33,5000,0,2014,달산2길,detatched_multiFamily
부산광역시 기장군 정관읍 달산리,9**,전세,33,5000,0,2017,달산4길,detatched_multiFamily
부산광역시 기장군 정관읍 달산리,9**,전세,33,4500,0,2015,달산4길,detatched_multiFamily
부산광역시 기장군 정관읍 달산리,1***,전세,33,4700,0,2015,달산4길,detatched_multiFamily
부산광역시 기장군 정관읍 달산리,9**,전세,33,5000,0,2015,,detatched_multiFamily
부산광역시 기장군 정관읍 달산리,9**,전세,33,5000,0,2015,달산4길,detatched_multiFamily
부산광역시 기장군 정관읍 달산리,9**,전세,33,5000,0,2015,달산4길,detatched_multiFamily
부산광역시 기장군 정관읍 달산리,9**,전세,33,3500,0,2010,달산4길,detatched_multiFamily
부산광역시 기장군 정관읍 달산리,1***,전세,33,4800,0,2015,,detatched_multiFamily
부산광역시 기장군 정관읍 달산리,1***,전세,33,4000,0,2015,달산2길,detatched_multiFamily
부산광역시 기장군 정관읍 달산리,1***,전세,33,4500,0,2015,,detatched_multiFamily
부산광역시 기장군 정관읍 달산리,9**,월세,35,500,38,2016,달산4길,detatched_multiFamily
부산광역시 기장군 정관읍 달산리,1***,월세,35,1000,35,2014,달산3길,detatched_multiFamily
부산광역시 기장군 정관읍 달산리,1***,월세,35,500,30,,달산1길,detatched_multiFamily
부산광역시 기장군 정관읍 달산리,9**,월세,35,500,35,2016,달산4길,detatched_multiFamily
부산광역시 기장군 정관읍 달산리,1***,월세,35,500,30,2016,달산4길,detatched_multiFamily
부산광역시 기장군 정관읍 달산리,1***,월세,35,300,49,,달산1길,detatched_multiFamily
부산광역시 기장군 정관읍 달산리,9**,월세,35,300,40,2014,달산4길,detatched_multiFamily
부산광역시 기장군 정관읍 달산리,1***,전세,35,4500,0,2015,달산2길,detatched_multiFamily
부산광역시 기장군 정관읍 달산리,1***,전세,35,5200,0,2014,달산1길,detatched_multiFamily
부산광역시 기장군 정관읍 달산리,1***,월세,36.93,250,52,2015,달산3길,detatched_multiFamily
부산광역시 기장군 정관읍 달산리,1***,전세,37,6000,0,2014,달산1길,detatched_multiFamily
부산광역시 기장군 정관읍 달산리,1***,전세,37,6000,0,2014,달산1길,detatched_multiFamily
부산광역시 기장군 정관읍 달산리,1***,전세,37,6000,0,2014,달산1길,detatched_multiFamily
부산광역시 기장군 정관읍 달산리,1***,월세,39,200,50,2016,달산1길,detatched_multiFamily
부산광역시 기장군 정관읍 달산리,9**,월세,40,500,41,2016,달산4길,detatched_multiFamily
부산광역시 기장군 정관읍 달산리,1***,월세,40,300,28,2015,달산4길,detatched_multiFamily
부산광역시 기장군 정관읍 달산리,1***,월세,40,300,45,2015,달산1길,detatched_multiFamily
부산광역시 기장군 정관읍 달산리,1***,월세,40,300,30,2015,달산3길,detatched_multiFamily
부산광역시 기장군 정관읍 달산리,1***,월세,40,500,29,2015,달산4길,detatched_multiFamily
부산광역시 기장군 정관읍 달산리,1***,월세,40,4000,31,2018,달산4길,detatched_multiFamily
부산광역시 기장군 정관읍 달산리,1***,월세,40,500,38,2014,달산1길,detatched_multiFamily
부산광역시 기장군 정관읍 달산리,9**,월세,40,500,51,2017,달산4길,detatched_multiFamily
부산광역시 기장군 정관읍 달산리,1***,월세,40,2000,30,2018,달산3길,detatched_multiFamily
부산광역시 기장군 정관읍 달산리,1***,월세,40,300,32,2017,달산3길,detatched_multiFamily
부산광역시 기장군 정관읍 달산리,1***,전세,40,6500,0,2015,달산3길,detatched_multiFamily
부산광역시 기장군 정관읍 달산리,1***,전세,40,6000,0,,달산1길,detatched_multiFamily
부산광역시 기장군 정관읍 달산리,1***,전세,40,8000,0,2018,달산4길,detatched_multiFamily
부산광역시 기장군 정관읍 달산리,1***,월세,40.38,500,30,2014,달산1길,detatched_multiFamily
부산광역시 기장군 정관읍 달산리,1***,월세,40.38,500,30,2014,달산1길,detatched_multiFamily
부산광역시 기장군 정관읍 달산리,1***,월세,41.54,1000,20,2015,달산1길,detatched_multiFamily
부산광역시 기장군 정관읍 달산리,1***,월세,43,5000,20,2015,달산3길,detatched_multiFamily
부산광역시 기장군 정관읍 달산리,1***,월세,43,1000,30,2017,달산4길,detatched_multiFamily
부산광역시 기장군 정관읍 달산리,9**,월세,45,5000,15,2014,달산4길,detatched_multiFamily
부산광역시 기장군 정관읍 달산리,1***,월세,45,500,43,2015,달산2길,detatched_multiFamily
부산광역시 기장군 정관읍 달산리,1***,월세,45,2000,48,2015,달산2길,detatched_multiFamily
부산광역시 기장군 정관읍 달산리,1***,월세,45,300,28,2011,달산1길,detatched_multiFamily
부산광역시 기장군 정관읍 달산리,1***,월세,45,500,35,2014,달산1길,detatched_multiFamily
부산광역시 기장군 정관읍 달산리,1***,월세,45,300,28,2016,달산3길,detatched_multiFamily
부산광역시 기장군 정관읍 달산리,1***,전세,45,6500,0,2015,달산3길,detatched_multiFamily
부산광역시 기장군 정관읍 달산리,1***,월세,46,300,50,2015,달산2길,detatched_multiFamily
부산광역시 기장군 정관읍 달산리,9**,전세,46,6500,0,2017,달산4길,detatched_multiFamily
부산광역시 기장군 정관읍 달산리,1***,전세,46,8000,0,2016,달산4길,detatched_multiFamily
부산광역시 기장군 정관읍 달산리,1***,월세,46.07,7000,6,2016,,detatched_multiFamily
부산광역시 기장군 정관읍 달산리,1***,전세,46.12,8500,0,2014,달산1길,detatched_multiFamily
부산광역시 기장군 정관읍 달산리,1***,월세,46.28,500,30,2014,달산1길,detatched_multiFamily
부산광역시 기장군 정관읍 달산리,1***,월세,48,2000,33,2016,달산1길,detatched_multiFamily
부산광역시 기장군 정관읍 달산리,9**,월세,49,500,50,2017,달산4길,detatched_multiFamily
부산광역시 기장군 정관읍 달산리,9**,전세,49.5,5000,0,2013,달산4길,detatched_multiFamily
부산광역시 기장군 정관읍 달산리,1***,월세,49.84,3000,30,2019,달산3길,detatched_multiFamily
부산광역시 기장군 정관읍 달산리,1***,월세,50,200,50,2015,달산4길,detatched_multiFamily
부산광역시 기장군 정관읍 달산리,1***,월세,50,500,45,2015,달산2길,detatched_multiFamily
부산광역시 기장군 정관읍 달산리,1***,월세,50,500,42,2017,달산1길,detatched_multiFamily
부산광역시 기장군 정관읍 달산리,9**,월세,50,500,40,2017,달산4길,detatched_multiFamily
부산광역시 기장군 정관읍 달산리,1***,전세,50,6500,0,2015,달산3길,detatched_multiFamily
부산광역시 기장군 정관읍 달산리,1***,전세,50,6500,0,2015,달산3길,detatched_multiFamily
부산광역시 기장군 정관읍 달산리,1***,전세,50,5500,0,2017,달산4길,detatched_multiFamily
부산광역시 기장군 정관읍 달산리,1***,전세,50,7000,0,2014,,detatched_multiFamily
부산광역시 기장군 정관읍 달산리,1***,전세,50,7000,0,2014,달산2길,detatched_multiFamily
부산광역시 기장군 정관읍 달산리,1***,전세,50,6500,0,2015,달산3길,detatched_multiFamily
부산광역시 기장군 정관읍 달산리,1***,월세,56,3000,25,2015,달산3길,detatched_multiFamily
부산광역시 기장군 정관읍 달산리,1***,전세,57.71,15750,0,2019,달산3길,detatched_multiFamily
부산광역시 기장군 정관읍 달산리,1***,전세,58.67,7000,0,2019,달산1길,detatched_multiFamily
부산광역시 기장군 정관읍 달산리,9**,월세,60,500,47,2012,달산4길,detatched_multiFamily
부산광역시 기장군 정관읍 달산리,9**,월세,66.86,1000,50,2011,달산4길,detatched_multiFamily
부산광역시 기장군 정관읍 달산리,2**,월세,71.54,500,35,2011,산단5로,detatched_multiFamily
부산광역시 기장군 정관읍 달산리,2**,월세,71.54,1000,40,2011,산단5로,detatched_multiFamily
부산광역시 기장군 정관읍 달산리,2**,월세,71.54,500,35,2011,산단5로,detatched_multiFamily
부산광역시 기장군 정관읍 달산리,1***,월세,74,1000,30,2012,달산1길,detatched_multiFamily
부산광역시 기장군 정관읍 달산리,1***,월세,77.28,5000,60,2015,달산3길,detatched_multiFamily
부산광역시 기장군 정관읍 달산리,1***,월세,79,500,55,2012,달산1길,detatched_multiFamily
부산광역시 기장군 정관읍 달산리,1***,전세,82.39,12000,0,2017,달산2길,detatched_multiFamily
부산광역시 기장군 정관읍 달산리,1***,월세,94.23,2000,80,2015,달산1길,detatched_multiFamily
부산광역시 기장군 정관읍 달산리,1***,월세,97.72,500,43,2020,달산1길,detatched_multiFamily
부산광역시 기장군 정관읍 달산리,1***,전세,99.55,14000,0,2012,달산1길,detatched_multiFamily
부산광역시 기장군 정관읍 달산리,1***,월세,101.86,1500,50,2012,달산4길,detatched_multiFamily
부산광역시 기장군 정관읍 달산리,1***,월세,103.47,200,35,2015,달산1길,detatched_multiFamily
부산광역시 기장군 정관읍 달산리,1***,월세,103.72,1000,35,2016,달산1길,detatched_multiFamily
부산광역시 기장군 정관읍 달산리,9**,월세,103.76,500,30,2016,달산4길,detatched_multiFamily
부산광역시 기장군 정관읍 달산리,1***,월세,103.85,200,36,2015,달산1길,detatched_multiFamily
부산광역시 기장군 정관읍 달산리,1***,월세,103.99,300,38,2017,달산4길,detatched_multiFamily
부산광역시 기장군 정관읍 달산리,1***,월세,104.11,500,28,2017,달산3길,detatched_multiFamily
부산광역시 기장군 정관읍 달산리,9**,전세,107.23,4500,0,2016,달산4길,detatched_multiFamily
부산광역시 기장군 정관읍 달산리,1***,월세,108.46,300,51,2017,달산1길,detatched_multiFamily
부산광역시 기장군 정관읍 달산리,9**,월세,108.8,300,42,2016,달산4길,detatched_multiFamily
부산광역시 기장군 정관읍 달산리,1***,월세,110.07,300,30,2015,달산3길,detatched_multiFamily
부산광역시 기장군 정관읍 달산리,1***,월세,116.27,500,40,2014,달산1길,detatched_multiFamily
부산광역시 기장군 정관읍 달산리,1***,월세,129.88,500,30,2017,달산4길,detatched_multiFamily
부산광역시 기장군 정관읍 달산리,1***,월세,140.27,500,35,2016,달산4길,detatched_multiFamily
부산광역시 기장군 정관읍 매학리,7**,월세,25,200,31,,달산길,detatched_multiFamily
부산광역시 기장군 정관읍 매학리,7**,월세,25,200,27,2011,달산길,detatched_multiFamily
부산광역시 기장군 정관읍 매학리,7**,월세,25,200,31,2010,달산길,detatched_multiFamily
부산광역시 기장군 정관읍 매학리,7**,월세,25,200,31,,달산길,detatched_multiFamily
부산광역시 기장군 정관읍 매학리,7**,월세,25,200,30,2011,달산2길,detatched_multiFamily
부산광역시 기장군 정관읍 매학리,7**,월세,27,200,30,2012,달산길,detatched_multiFamily
부산광역시 기장군 정관읍 매학리,7**,월세,27.01,300,35,,정관중앙로,detatched_multiFamily
부산광역시 기장군 정관읍 매학리,7**,전세,27.01,8500,0,,정관중앙로,detatched_multiFamily
부산광역시 기장군 정관읍 매학리,7**,월세,28,500,30,2016,달산2길,detatched_multiFamily
부산광역시 기장군 정관읍 매학리,7**,월세,28,500,25,2012,구연2로,detatched_multiFamily
부산광역시 기장군 정관읍 매학리,7**,월세,28,200,28,2011,달산길,detatched_multiFamily
부산광역시 기장군 정관읍 매학리,7**,월세,29,2000,15,2011,달산길,detatched_multiFamily
부산광역시 기장군 정관읍 매학리,7**,월세,29,2000,30,2011,달산길,detatched_multiFamily
부산광역시 기장군 정관읍 매학리,7**,월세,29,200,30,2011,달산길,detatched_multiFamily
부산광역시 기장군 정관읍 매학리,7**,전세,29,4000,0,2011,,detatched_multiFamily
부산광역시 기장군 정관읍 매학리,7**,전세,29,3500,0,2011,달산길,detatched_multiFamily
부산광역시 기장군 정관읍 매학리,7**,월세,30,300,32,2016,달산2길,detatched_multiFamily
부산광역시 기장군 정관읍 매학리,8**,월세,30,300,33,2016,달산2길,detatched_multiFamily
부산광역시 기장군 정관읍 매학리,8**,월세,30,500,33,2017,달산길,detatched_multiFamily
부산광역시 기장군 정관읍 매학리,8**,월세,30,300,35,2016,달산1길,detatched_multiFamily
부산광역시 기장군 정관읍 매학리,7**,월세,30,300,35,2016,달산2길,detatched_multiFamily
부산광역시 기장군 정관읍 매학리,7**,월세,30,200,25,2011,달산길,detatched_multiFamily
부산광역시 기장군 정관읍 매학리,7**,월세,30,300,40,2017,달산2길,detatched_multiFamily
부산광역시 기장군 정관읍 매학리,7**,월세,30,300,28,2014,달산2길,detatched_multiFamily
부산광역시 기장군 정관읍 매학리,7**,월세,30,200,25,2011,달산길,detatched_multiFamily
부산광역시 기장군 정관읍 매학리,8**,월세,30,300,35,2017,달산길,detatched_multiFamily
부산광역시 기장군 정관읍 매학리,7**,월세,30,300,41,2017,달산2길,detatched_multiFamily
부산광역시 기장군 정관읍 매학리,7**,월세,30,1500,30,2017,달산2길,detatched_multiFamily
부산광역시 기장군 정관읍 매학리,7**,월세,30,100,30,2004,구연1로,detatched_multiFamily
부산광역시 기장군 정관읍 매학리,7**,월세,30,300,28,2017,달산길,detatched_multiFamily
부산광역시 기장군 정관읍 매학리,7**,월세,32,300,30,2018,달산길,detatched_multiFamily
부산광역시 기장군 정관읍 매학리,8**,월세,33,500,40,2016,달산2길,detatched_multiFamily
부산광역시 기장군 정관읍 매학리,7**,월세,33,300,35,2017,달산길,detatched_multiFamily
부산광역시 기장군 정관읍 매학리,7**,월세,33,200,40,2019,달산길,detatched_multiFamily
부산광역시 기장군 정관읍 매학리,7**,월세,33,300,40,2017,달산길,detatched_multiFamily
부산광역시 기장군 정관읍 매학리,8**,월세,33,200,33,2016,달산2길,detatched_multiFamily
부산광역시 기장군 정관읍 매학리,8**,월세,33,500,30,2013,달산1길,detatched_multiFamily
부산광역시 기장군 정관읍 매학리,8**,월세,33,300,29,2015,달산1길,detatched_multiFamily
부산광역시 기장군 정관읍 매학리,8**,월세,33,500,40,2016,달산2길,detatched_multiFamily
부산광역시 기장군 정관읍 매학리,7**,전세,33,4500,0,2011,달산길,detatched_multiFamily
부산광역시 기장군 정관읍 매학리,7**,전세,33,5000,0,2011,달산길,detatched_multiFamily
부산광역시 기장군 정관읍 매학리,7**,월세,33.52,500,45,2019,달산길,detatched_multiFamily
부산광역시 기장군 정관읍 매학리,7**,월세,33.52,500,42,2019,달산길,detatched_multiFamily
부산광역시 기장군 정관읍 매학리,7**,월세,35,1000,43,2017,구연2로,detatched_multiFamily
부산광역시 기장군 정관읍 매학리,7**,월세,35,500,40,2015,구연2로,detatched_multiFamily
부산광역시 기장군 정관읍 매학리,7**,월세,36,300,40,2015,구연2로,detatched_multiFamily
부산광역시 기장군 정관읍 매학리,7**,월세,40,500,50,2017,구연2로,detatched_multiFamily
부산광역시 기장군 정관읍 매학리,7**,전세,40,7000,0,2014,구연2로,detatched_multiFamily
부산광역시 기장군 정관읍 매학리,7**,전세,40.5,5500,0,2017,달산2길,detatched_multiFamily
부산광역시 기장군 정관읍 매학리,7**,전세,42.1,7000,0,2014,구연2로,detatched_multiFamily
부산광역시 기장군 정관읍 매학리,8**,월세,43,500,45,2013,달산1길,detatched_multiFamily
부산광역시 기장군 정관읍 매학리,8**,월세,45,1000,40,2015,달산길,detatched_multiFamily
부산광역시 기장군 정관읍 매학리,7**,월세,45,5000,27,2017,구연2로,detatched_multiFamily
부산광역시 기장군 정관읍 매학리,7**,월세,45,8400,10,2017,구연2로,detatched_multiFamily
부산광역시 기장군 정관읍 매학리,7**,전세,45,9000,0,2014,구연방곡로,detatched_multiFamily
부산광역시 기장군 정관읍 매학리,8**,전세,45,9000,0,2017,달산길,detatched_multiFamily
부산광역시 기장군 정관읍 매학리,8**,전세,49.97,6000,0,2016,달산2길,detatched_multiFamily
부산광역시 기장군 정관읍 매학리,7**,월세,50,1000,40,2013,달산2길,detatched_multiFamily
부산광역시 기장군 정관읍 매학리,7**,월세,50,5000,25,2016,달산2길,detatched_multiFamily
부산광역시 기장군 정관읍 매학리,8**,월세,50,500,50,2013,달산2길,detatched_multiFamily
부산광역시 기장군 정관읍 매학리,8**,월세,50,500,50,2013,달산2길,detatched_multiFamily
부산광역시 기장군 정관읍 매학리,8**,전세,50,7000,0,2016,달산1길,detatched_multiFamily
부산광역시 기장군 정관읍 매학리,7**,월세,53,6500,8,2012,달산길,detatched_multiFamily
부산광역시 기장군 정관읍 매학리,7**,전세,53,8500,0,2017,달산2길,detatched_multiFamily
부산광역시 기장군 정관읍 매학리,8**,월세,54,6000,15,2014,달산1길,detatched_multiFamily
부산광역시 기장군 정관읍 매학리,8**,월세,54,6000,15,2014,달산1길,detatched_multiFamily
부산광역시 기장군 정관읍 매학리,7**,월세,54,2000,40,2012,달산길,detatched_multiFamily
부산광역시 기장군 정관읍 매학리,7**,월세,55.2,6800,6,2012,달산길,detatched_multiFamily
부산광역시 기장군 정관읍 매학리,7**,전세,56,8000,0,2015,구연2로,detatched_multiFamily
부산광역시 기장군 정관읍 매학리,8**,월세,56.19,1000,50,2017,달산길,detatched_multiFamily
부산광역시 기장군 정관읍 매학리,7**,월세,56.2,3000,25,2012,달산1길,detatched_multiFamily
부산광역시 기장군 정관읍 매학리,7**,월세,56.84,500,65,,정관중앙로,detatched_multiFamily
부산광역시 기장군 정관읍 매학리,7**,월세,58,2000,45,2017,달산2길,detatched_multiFamily
부산광역시 기장군 정관읍 매학리,7**,전세,59.91,5000,0,2009,,detatched_multiFamily
부산광역시 기장군 정관읍 매학리,7**,전세,59.91,5000,0,2009,구연2로,detatched_multiFamily
부산광역시 기장군 정관읍 매학리,8**,월세,60,500,50,2016,달산1길,detatched_multiFamily
부산광역시 기장군 정관읍 매학리,8**,월세,60,500,50,2016,달산1길,detatched_multiFamily
부산광역시 기장군 정관읍 매학리,7**,전세,60.3,8000,0,2014,구연방곡로,detatched_multiFamily
부산광역시 기장군 정관읍 매학리,7**,전세,60.3,8000,0,2014,구연방곡로,detatched_multiFamily
부산광역시 기장군 정관읍 매학리,7**,전세,60.3,9000,0,2014,구연방곡로,detatched_multiFamily
부산광역시 기장군 정관읍 매학리,8**,월세,62,3000,55,2016,달산2길,detatched_multiFamily
부산광역시 기장군 정관읍 매학리,7**,월세,66,2000,55,2013,달산길,detatched_multiFamily
부산광역시 기장군 정관읍 매학리,8**,월세,69.4,1000,45,2013,달산길,detatched_multiFamily
부산광역시 기장군 정관읍 매학리,8**,월세,69.4,1000,50,2013,달산길,detatched_multiFamily
부산광역시 기장군 정관읍 매학리,8**,월세,69.4,1000,50,2013,달산길,detatched_multiFamily
부산광역시 기장군 정관읍 매학리,7**,월세,70.68,500,42,2004,구연로,detatched_multiFamily
부산광역시 기장군 정관읍 매학리,7**,전세,74.84,13500,0,,정관중앙로,detatched_multiFamily
부산광역시 기장군 정관읍 매학리,7**,전세,77.02,7500,0,2014,구연2로,detatched_multiFamily
부산광역시 기장군 정관읍 매학리,7**,전세,78.84,13500,0,,정관중앙로,detatched_multiFamily
부산광역시 기장군 정관읍 매학리,7**,월세,84.57,3000,40,2006,구연2로,detatched_multiFamily
부산광역시 기장군 정관읍 매학리,7**,월세,86.56,1000,70,2017,구연2로,detatched_multiFamily
부산광역시 기장군 정관읍 매학리,7**,월세,105.11,2000,50,2014,달산길,detatched_multiFamily
부산광역시 기장군 정관읍 매학리,7**,월세,105.49,300,30,2010,달산길,detatched_multiFamily
부산광역시 기장군 정관읍 매학리,7**,월세,112.14,5000,22,2004,구연2로,detatched_multiFamily
부산광역시 기장군 정관읍 매학리,8**,전세,115.65,14500,0,2010,산단2로,detatched_multiFamily
부산광역시 기장군 정관읍 매학리,7**,월세,117.52,3000,32,2004,구연1로,detatched_multiFamily
부산광역시 기장군 정관읍 매학리,7**,전세,124.65,16000,0,2009,구연1로,detatched_multiFamily
부산광역시 기장군 정관읍 매학리,5**,월세,132.23,100,30,2003,정관상곡1길,detatched_multiFamily
부산광역시 기장군 정관읍 매학리,7**,월세,143.86,300,35,2016,달산2길,detatched_multiFamily
부산광역시 기장군 정관읍 모전리,7**,월세,20,300,29,2014,모전2길,detatched_multiFamily
부산광역시 기장군 정관읍 모전리,7**,월세,23,500,35,2011,모전3길,detatched_multiFamily
부산광역시 기장군 정관읍 모전리,6**,월세,26.4,500,38,2019,모전2길,detatched_multiFamily
부산광역시 기장군 정관읍 모전리,6**,전세,32.45,8000,0,2022,모전로,detatched_multiFamily
부산광역시 기장군 정관읍 모전리,6**,월세,33,500,38,2017,모전2길,detatched_multiFamily
부산광역시 기장군 정관읍 모전리,6**,전세,33,5000,0,2017,모전1길,detatched_multiFamily
부산광역시 기장군 정관읍 모전리,6**,전세,33,3500,0,2012,모전3길,detatched_multiFamily
부산광역시 기장군 정관읍 모전리,7**,월세,33.7,7000,20,2012,모전2길,detatched_multiFamily
부산광역시 기장군 정관읍 모전리,6**,전세,34,6000,0,2013,모전3길,detatched_multiFamily
부산광역시 기장군 정관읍 모전리,7**,월세,35,400,38,2018,모전3길,detatched_multiFamily
부산광역시 기장군 정관읍 모전리,6**,전세,35.71,5000,0,2017,모전3길,detatched_multiFamily
부산광역시 기장군 정관읍 모전리,6**,월세,36,1000,40,2015,,detatched_multiFamily
부산광역시 기장군 정관읍 모전리,6**,월세,36,1000,40,2015,모전2길,detatched_multiFamily
부산광역시 기장군 정관읍 모전리,6**,월세,36,500,37,2017,모전2길,detatched_multiFamily
부산광역시 기장군 정관읍 모전리,7**,월세,36,9500,10,2019,모전1길,detatched_multiFamily
부산광역시 기장군 정관읍 모전리,6**,월세,39,300,38,2016,모전1길,detatched_multiFamily
부산광역시 기장군 정관읍 모전리,7**,전세,39.83,9450,0,2019,,detatched_multiFamily
부산광역시 기장군 정관읍 모전리,7**,월세,40,500,40,2018,모전3길,detatched_multiFamily
부산광역시 기장군 정관읍 모전리,6**,월세,41.82,1000,45,2021,모전2길,detatched_multiFamily
부산광역시 기장군 정관읍 모전리,6**,월세,42,300,48,2015,모전2길,detatched_multiFamily
부산광역시 기장군 정관읍 모전리,6**,전세,44,7000,0,2014,모전2길,detatched_multiFamily
부산광역시 기장군 정관읍 모전리,6**,전세,48.21,8000,0,2015,모전1길,detatched_multiFamily
부산광역시 기장군 정관읍 모전리,6**,월세,48.24,2000,45,2019,모전2길,detatched_multiFamily
부산광역시 기장군 정관읍 모전리,7**,월세,48.28,500,42,2014,모전3길,detatched_multiFamily
부산광역시 기장군 정관읍 모전리,6**,월세,48.28,500,50,2017,모전2길,detatched_multiFamily
부산광역시 기장군 정관읍 모전리,7**,월세,48.28,1000,43,2014,모전3길,detatched_multiFamily
부산광역시 기장군 정관읍 모전리,7**,전세,48.28,7700,0,2014,모전3길,detatched_multiFamily
부산광역시 기장군 정관읍 모전리,6**,전세,50,8000,0,2014,모전1길,detatched_multiFamily
부산광역시 기장군 정관읍 모전리,6**,전세,53,9000,0,2018,모전1길,detatched_multiFamily
부산광역시 기장군 정관읍 모전리,6**,월세,54,4000,35,2017,모전2길,detatched_multiFamily
부산광역시 기장군 정관읍 모전리,6**,전세,55.1,7000,0,2013,모전2길,detatched_multiFamily
부산광역시 기장군 정관읍 모전리,6**,월세,56.1,1000,50,2016,모전3길,detatched_multiFamily
부산광역시 기장군 정관읍 모전리,6**,월세,57,1000,45,2012,모전3길,detatched_multiFamily
부산광역시 기장군 정관읍 모전리,6**,월세,57.94,10000,20,2018,모전1길,detatched_multiFamily
부산광역시 기장군 정관읍 모전리,6**,전세,59,8000,0,2017,모전로,detatched_multiFamily
부산광역시 기장군 정관읍 모전리,6**,전세,59,8000,0,,모전로,detatched_multiFamily
부산광역시 기장군 정관읍 모전리,6**,월세,60,1000,50,2018,모전3길,detatched_multiFamily
부산광역시 기장군 정관읍 모전리,7**,월세,60,1000,40,2015,모전2길,detatched_multiFamily
부산광역시 기장군 정관읍 모전리,6**,월세,60,1000,30,2012,모전3길,detatched_multiFamily
부산광역시 기장군 정관읍 모전리,6**,전세,60,12000,0,2017,모전3길,detatched_multiFamily
부산광역시 기장군 정관읍 모전리,6**,전세,60,8800,0,2018,모전1길,detatched_multiFamily
부산광역시 기장군 정관읍 모전리,7**,월세,60.05,1000,45,2014,모전1길,detatched_multiFamily
부산광역시 기장군 정관읍 모전리,6**,전세,65,6500,0,2012,모전3길,detatched_multiFamily
부산광역시 기장군 정관읍 모전리,6**,월세,66,1000,50,2013,모전1길,detatched_multiFamily
부산광역시 기장군 정관읍 모전리,6**,전세,66,8000,0,2016,,detatched_multiFamily
부산광역시 기장군 정관읍 모전리,7**,월세,66.9,10000,5,2019,모전1길,detatched_multiFamily
부산광역시 기장군 정관읍 모전리,6**,전세,69.66,15000,0,2018,모전3길,detatched_multiFamily
부산광역시 기장군 정관읍 모전리,6**,월세,75,2000,65,2018,모전3길,detatched_multiFamily
부산광역시 기장군 정관읍 모전리,6**,월세,75,1000,90,2019,모전2길,detatched_multiFamily
부산광역시 기장군 정관읍 모전리,6**,전세,81.48,17000,0,2018,모전3길,detatched_multiFamily
부산광역시 기장군 정관읍 모전리,6**,전세,82.88,15000,0,2015,모전1길,detatched_multiFamily
부산광역시 기장군 정관읍 모전리,7**,월세,87.26,5000,40,2012,모전2길,detatched_multiFamily
부산광역시 기장군 정관읍 모전리,6**,월세,89.72,6000,45,2017,,detatched_multiFamily
부산광역시 기장군 정관읍 모전리,6**,월세,91.88,500,44,2015,모전3길,detatched_multiFamily
부산광역시 기장군 정관읍 모전리,6**,월세,94.98,3500,45,2011,모전2길,detatched_multiFamily
부산광역시 기장군 정관읍 모전리,6**,월세,95.7,2000,80,2022,모전로,detatched_multiFamily
부산광역시 기장군 정관읍 방곡리,3**,월세,24,300,30,2012,방곡2로,detatched_multiFamily
부산광역시 기장군 정관읍 방곡리,3**,월세,25,300,27,2011,방곡3로,detatched_multiFamily
부산광역시 기장군 정관읍 방곡리,3**,월세,27,1500,35,2014,방곡3로,detatched_multiFamily
부산광역시 기장군 정관읍 방곡리,3**,월세,27,300,27,2013,방곡로,detatched_multiFamily
부산광역시 기장군 정관읍 방곡리,4**,월세,29,300,27,2011,방곡5로,detatched_multiFamily
부산광역시 기장군 정관읍 방곡리,3**,월세,30,300,30,2012,방곡로,detatched_multiFamily
부산광역시 기장군 정관읍 방곡리,4**,월세,30.33,500,40,2015,구연방곡로,detatched_multiFamily
부산광역시 기장군 정관읍 방곡리,4**,월세,32,1000,30,2017,방곡5로,detatched_multiFamily
부산광역시 기장군 정관읍 방곡리,3**,월세,32.24,500,45,2014,방곡로,detatched_multiFamily
부산광역시 기장군 정관읍 방곡리,4**,월세,33,300,29,2011,방곡5로,detatched_multiFamily
부산광역시 기장군 정관읍 방곡리,4**,월세,33,500,40,2016,정관덕산길,detatched_multiFamily
부산광역시 기장군 정관읍 방곡리,3**,월세,33,4000,10,2014,방곡로,detatched_multiFamily
부산광역시 기장군 정관읍 방곡리,3**,전세,33,4000,0,2014,방곡로,detatched_multiFamily
부산광역시 기장군 정관읍 방곡리,4**,전세,33,5500,0,2015,정관덕산길,detatched_multiFamily
부산광역시 기장군 정관읍 방곡리,3**,전세,33,4500,0,2014,방곡로,detatched_multiFamily
부산광역시 기장군 정관읍 방곡리,3**,전세,33,4500,0,2014,방곡로,detatched_multiFamily
부산광역시 기장군 정관읍 방곡리,4**,월세,33.8,500,38,2015,구연방곡로,detatched_multiFamily
부산광역시 기장군 정관읍 방곡리,3**,전세,35,4500,0,2013,방곡로,detatched_multiFamily
부산광역시 기장군 정관읍 방곡리,4**,전세,35,5000,0,2017,방곡5로,detatched_multiFamily
부산광역시 기장군 정관읍 방곡리,3**,월세,36,500,30,2014,방곡로,detatched_multiFamily
부산광역시 기장군 정관읍 방곡리,4**,월세,36.33,500,40,2015,구연방곡로,detatched_multiFamily
부산광역시 기장군 정관읍 방곡리,3**,월세,37.9,500,35,2019,방곡2로,detatched_multiFamily
부산광역시 기장군 정관읍 방곡리,4**,월세,40,500,37,2015,방곡5로,detatched_multiFamily
부산광역시 기장군 정관읍 방곡리,4**,월세,40,500,40,2015,방곡5로,detatched_multiFamily
부산광역시 기장군 정관읍 방곡리,3**,월세,40,1000,42,2017,방곡로,detatched_multiFamily
부산광역시 기장군 정관읍 방곡리,3**,월세,40,300,28,2012,방곡로,detatched_multiFamily
부산광역시 기장군 정관읍 방곡리,4**,월세,40,500,40,2009,정관덕산길,detatched_multiFamily
부산광역시 기장군 정관읍 방곡리,3**,월세,40,1000,42,2017,방곡로,detatched_multiFamily
부산광역시 기장군 정관읍 방곡리,4**,월세,40,500,40,2012,방곡5로,detatched_multiFamily
부산광역시 기장군 정관읍 방곡리,3**,전세,40,4500,0,2013,방곡로,detatched_multiFamily
부산광역시 기장군 정관읍 방곡리,4**,월세,41.1,1000,25,2012,구연방곡로,detatched_multiFamily
부산광역시 기장군 정관읍 방곡리,3**,전세,42.58,10000,0,2017,방곡로,detatched_multiFamily
부산광역시 기장군 정관읍 방곡리,3**,월세,45,1000,44,2015,방곡2로,detatched_multiFamily
부산광역시 기장군 정관읍 방곡리,4**,월세,45,1000,45,2014,방곡5로,detatched_multiFamily
부산광역시 기장군 정관읍 방곡리,3**,월세,45,500,55,2017,방곡로,detatched_multiFamily
부산광역시 기장군 정관읍 방곡리,4**,월세,45,2000,30,2012,방곡5로,detatched_multiFamily
부산광역시 기장군 정관읍 방곡리,4**,월세,45,500,35,2015,방곡5로,detatched_multiFamily
부산광역시 기장군 정관읍 방곡리,4**,월세,45,1000,45,2012,방곡5로,detatched_multiFamily
부산광역시 기장군 정관읍 방곡리,4**,월세,45,1000,40,2012,방곡5로,detatched_multiFamily
부산광역시 기장군 정관읍 방곡리,3**,월세,45,500,42,2015,방곡2로,detatched_multiFamily
부산광역시 기장군 정관읍 방곡리,4**,월세,45,500,45,2012,방곡5로,detatched_multiFamily
부산광역시 기장군 정관읍 방곡리,3**,월세,45,1000,44,2015,방곡2로,detatched_multiFamily
부산광역시 기장군 정관읍 방곡리,4**,전세,45,8000,0,2015,방곡4로,detatched_multiFamily
부산광역시 기장군 정관읍 방곡리,3**,전세,45,4000,0,2014,방곡로,detatched_multiFamily
부산광역시 기장군 정관읍 방곡리,4**,월세,48,6000,10,2014,방곡5로,detatched_multiFamily
부산광역시 기장군 정관읍 방곡리,3**,월세,48,6000,10,2017,방곡2로,detatched_multiFamily
부산광역시 기장군 정관읍 방곡리,4**,전세,48.78,8000,0,2015,방곡4로,detatched_multiFamily
부산광역시 기장군 정관읍 방곡리,4**,전세,48.78,8000,0,2015,방곡4로,detatched_multiFamily
부산광역시 기장군 정관읍 방곡리,4**,월세,49,1000,50,2016,정관덕산길,detatched_multiFamily
부산광역시 기장군 정관읍 방곡리,3**,전세,49.5,7000,0,2012,방곡로,detatched_multiFamily
부산광역시 기장군 정관읍 방곡리,3**,월세,50,1000,48,2014,방곡로,detatched_multiFamily
부산광역시 기장군 정관읍 방곡리,4**,전세,50,7000,0,2011,구연방곡로,detatched_multiFamily
부산광역시 기장군 정관읍 방곡리,3**,전세,50,9000,0,2015,방곡로,detatched_multiFamily
부산광역시 기장군 정관읍 방곡리,3**,월세,51,500,52,2016,방곡2로,detatched_multiFamily
부산광역시 기장군 정관읍 방곡리,3**,월세,51,500,52,2016,방곡2로,detatched_multiFamily
부산광역시 기장군 정관읍 방곡리,4**,월세,52,1000,50,2019,방곡5로,detatched_multiFamily
부산광역시 기장군 정관읍 방곡리,4**,전세,52,6800,0,2013,방곡5로,detatched_multiFamily
부산광역시 기장군 정관읍 방곡리,4**,월세,52.25,1000,48,2015,구연방곡로,detatched_multiFamily
부산광역시 기장군 정관읍 방곡리,4**,월세,52.4,1000,50,2022,방곡4로,detatched_multiFamily
부산광역시 기장군 정관읍 방곡리,4**,월세,52.4,1000,50,2022,방곡4로,detatched_multiFamily
부산광역시 기장군 정관읍 방곡리,3**,전세,52.93,9000,0,2017,방곡로,detatched_multiFamily
부산광역시 기장군 정관읍 방곡리,3**,전세,53,5000,0,2014,방곡로,detatched_multiFamily
부산광역시 기장군 정관읍 방곡리,3**,전세,53,8000,0,2013,방곡로,detatched_multiFamily
부산광역시 기장군 정관읍 방곡리,3**,월세,55,500,50,2017,방곡2로,detatched_multiFamily
부산광역시 기장군 정관읍 방곡리,3**,월세,55,1000,55,2014,방곡로,detatched_multiFamily
부산광역시 기장군 정관읍 방곡리,3**,월세,55,3000,45,2014,방곡로,detatched_multiFamily
부산광역시 기장군 정관읍 방곡리,3**,월세,55.49,1000,50,2013,방곡로,detatched_multiFamily
부산광역시 기장군 정관읍 방곡리,3**,월세,55.49,500,50,2016,방곡로,detatched_multiFamily
부산광역시 기장군 정관읍 방곡리,3**,전세,56,8000,0,2014,방곡로,detatched_multiFamily
부산광역시 기장군 정관읍 방곡리,3**,전세,56,8000,0,2014,방곡로,detatched_multiFamily
부산광역시 기장군 정관읍 방곡리,3**,월세,56.1,500,75,2012,방곡로,detatched_multiFamily
부산광역시 기장군 정관읍 방곡리,3**,월세,59,1000,55,2014,방곡3로,detatched_multiFamily
부산광역시 기장군 정관읍 방곡리,3**,전세,59,10000,0,2014,방곡로,detatched_multiFamily
부산광역시 기장군 정관읍 방곡리,4**,월세,60,500,45,2015,구연방곡로,detatched_multiFamily
부산광역시 기장군 정관읍 방곡리,3**,전세,61.4,11000,0,2016,방곡1로,detatched_multiFamily
부산광역시 기장군 정관읍 방곡리,3**,월세,66,5000,25,2017,방곡로,detatched_multiFamily
부산광역시 기장군 정관읍 방곡리,4**,월세,66,500,50,,정관덕산길,detatched_multiFamily
부산광역시 기장군 정관읍 방곡리,3**,월세,73.5,5000,60,2018,방곡로,detatched_multiFamily
부산광역시 기장군 정관읍 방곡리,2**,전세,75.9,7000,0,1988,정관덕산1길,detatched_multiFamily
부산광역시 기장군 정관읍 방곡리,4**,월세,78.4,300,30,2009,정관덕산길,detatched_multiFamily
부산광역시 기장군 정관읍 방곡리,4**,월세,78.4,500,30,2009,정관덕산길,detatched_multiFamily
부산광역시 기장군 정관읍 방곡리,3**,월세,82.3,2000,65,2014,방곡3로,detatched_multiFamily
부산광역시 기장군 정관읍 방곡리,3**,월세,83.79,3000,75,2013,방곡로,detatched_multiFamily
부산광역시 기장군 정관읍 방곡리,3**,전세,87.69,6500,0,2014,방곡로,detatched_multiFamily
부산광역시 기장군 정관읍 방곡리,3**,전세,91.9,14000,0,2014,방곡로,detatched_multiFamily
부산광역시 기장군 정관읍 방곡리,3**,월세,100.76,3000,60,2016,방곡로,detatched_multiFamily
부산광역시 기장군 정관읍 방곡리,4**,전세,108.24,3000,0,2014,방곡5로,detatched_multiFamily
부산광역시 기장군 정관읍 방곡리,3**,월세,124.92,2000,55,2013,방곡로,detatched_multiFamily
부산광역시 기장군 정관읍 예림리,5**,월세,38,20,10,1961,예림길,detatched_multiFamily
부산광역시 기장군 정관읍 예림리,5**,월세,49.86,8700,5,,정관로,detatched_multiFamily
부산광역시 기장군 정관읍 예림리,5**,월세,77.63,8700,5,,정관로,detatched_multiFamily
부산광역시 기장군 정관읍 용수리,1***,월세,19.8,100,25,2011,가동2길,detatched_multiFamily
부산광역시 기장군 정관읍 용수리,1***,월세,21.5,100,36,2016,가동2길,detatched_multiFamily
부산광역시 기장군 정관읍 용수리,1***,월세,23,200,26,2011,가동1길,detatched_multiFamily
부산광역시 기장군 정관읍 용수리,1***,월세,23,200,30,2011,가동2길,detatched_multiFamily
부산광역시 기장군 정관읍 용수리,1***,월세,23,2000,10,2011,가동2길,detatched_multiFamily
부산광역시 기장군 정관읍 용수리,1***,월세,23.14,300,30,2013,가동1길,detatched_multiFamily
부산광역시 기장군 정관읍 용수리,1***,월세,24,500,30,2013,가동1길,detatched_multiFamily
부산광역시 기장군 정관읍 용수리,1***,월세,24.05,100,30,2013,가동3로,detatched_multiFamily
부산광역시 기장군 정관읍 용수리,1***,월세,25,3500,3,2011,가동1길,detatched_multiFamily
부산광역시 기장군 정관읍 용수리,1***,월세,26,500,50,2013,가동1길,detatched_multiFamily
부산광역시 기장군 정관읍 용수리,5**,월세,26.4,0,8,,산막길,detatched_multiFamily
부산광역시 기장군 정관읍 용수리,1***,월세,29,2000,25,2013,가동2길,detatched_multiFamily
부산광역시 기장군 정관읍 용수리,1***,월세,29,300,32,2016,가동2길,detatched_multiFamily
부산광역시 기장군 정관읍 용수리,1***,월세,29,300,25,2011,가동2길,detatched_multiFamily
부산광역시 기장군 정관읍 용수리,1***,월세,29,200,25,2011,가동2길,detatched_multiFamily
부산광역시 기장군 정관읍 용수리,1***,월세,29,500,30,2013,가동1길,detatched_multiFamily
부산광역시 기장군 정관읍 용수리,1***,월세,29.07,500,33,2013,가동3로,detatched_multiFamily
부산광역시 기장군 정관읍 용수리,1***,월세,29.5,500,29,2012,가동3로,detatched_multiFamily
부산광역시 기장군 정관읍 용수리,1***,전세,29.7,4000,0,2013,가동1길,detatched_multiFamily
부산광역시 기장군 정관읍 용수리,1***,전세,31,5500,0,2017,가동3로,detatched_multiFamily
부산광역시 기장군 정관읍 용수리,1***,전세,32,6000,0,2013,가동2길,detatched_multiFamily
부산광역시 기장군 정관읍 용수리,1***,전세,32,5000,0,2013,가동2길,detatched_multiFamily
부산광역시 기장군 정관읍 용수리,1***,월세,32.52,2000,40,2013,가동3로,detatched_multiFamily
부산광역시 기장군 정관읍 용수리,1***,전세,32.52,6000,0,2013,가동3로,detatched_multiFamily
부산광역시 기장군 정관읍 용수리,1***,전세,32.8,4000,0,2013,가동1길,detatched_multiFamily
부산광역시 기장군 정관읍 용수리,1***,월세,33,500,35,2013,가동2길,detatched_multiFamily
부산광역시 기장군 정관읍 용수리,1***,월세,33,300,35,2017,가동2길,detatched_multiFamily
부산광역시 기장군 정관읍 용수리,1***,월세,33,500,30,2013,가동2길,detatched_multiFamily
부산광역시 기장군 정관읍 용수리,1***,월세,33,300,30,,,detatched_multiFamily
부산광역시 기장군 정관읍 용수리,1***,월세,33,300,33,2017,가동2길,detatched_multiFamily
부산광역시 기장군 정관읍 용수리,1***,월세,33,300,37,2016,가동3로,detatched_multiFamily
부산광역시 기장군 정관읍 용수리,1***,월세,34.59,300,40,2013,가동3로,detatched_multiFamily
부산광역시 기장군 정관읍 용수리,1***,월세,34.59,500,35,2013,가동3로,detatched_multiFamily
부산광역시 기장군 정관읍 용수리,1***,월세,34.59,500,40,2013,가동3로,detatched_multiFamily
부산광역시 기장군 정관읍 용수리,1***,전세,35,4000,0,2013,가동1길,detatched_multiFamily
부산광역시 기장군 정관읍 용수리,1***,전세,35,4000,0,2013,가동1길,detatched_multiFamily
부산광역시 기장군 정관읍 용수리,1***,월세,35.08,500,45,2016,가동2길,detatched_multiFamily
부산광역시 기장군 정관읍 용수리,1***,월세,36,500,40,2014,가동1길,detatched_multiFamily
부산광역시 기장군 정관읍 용수리,1***,월세,39,500,40,2016,가동2길,detatched_multiFamily
부산광역시 기장군 정관읍 용수리,1***,월세,39.48,500,45,2016,가동1길,detatched_multiFamily
부산광역시 기장군 정관읍 용수리,1***,월세,40,300,35,2016,가동3로,detatched_multiFamily
부산광역시 기장군 정관읍 용수리,1***,월세,40,500,45,2013,가동3로,detatched_multiFamily
부산광역시 기장군 정관읍 용수리,1***,월세,40,300,41,2013,가동2길,detatched_multiFamily
부산광역시 기장군 정관읍 용수리,1***,월세,40,500,51,2016,가동3로,detatched_multiFamily
부산광역시 기장군 정관읍 용수리,1***,월세,40,3000,20,2013,가동1길,detatched_multiFamily
부산광역시 기장군 정관읍 용수리,1***,월세,41,500,45,,,detatched_multiFamily
부산광역시 기장군 정관읍 용수리,1***,월세,42,3000,29,2016,가동2길,detatched_multiFamily
부산광역시 기장군 정관읍 용수리,1***,전세,42.19,9000,0,2017,가동3로,detatched_multiFamily
부산광역시 기장군 정관읍 용수리,1***,전세,42.19,8000,0,2017,가동3로,detatched_multiFamily
부산광역시 기장군 정관읍 용수리,1***,월세,42.97,2000,30,2013,가동1길,detatched_multiFamily
부산광역시 기장군 정관읍 용수리,1***,월세,43,4000,22,2018,가동1길,detatched_multiFamily
부산광역시 기장군 정관읍 용수리,1***,월세,43,500,47,2018,가동2길,detatched_multiFamily
부산광역시 기장군 정관읍 용수리,1***,월세,44.52,1000,50,2016,가동1길,detatched_multiFamily
부산광역시 기장군 정관읍 용수리,1***,월세,44.52,1500,45,2016,가동1길,detatched_multiFamily
부산광역시 기장군 정관읍 용수리,1***,월세,45,500,48,2016,가동1길,detatched_multiFamily
부산광역시 기장군 정관읍 용수리,1***,월세,45,3000,30,2013,가동1길,detatched_multiFamily
부산광역시 기장군 정관읍 용수리,1***,월세,45,2000,40,2013,가동1길,detatched_multiFamily
부산광역시 기장군 정관읍 용수리,1***,전세,45,6000,0,2013,가동1길,detatched_multiFamily
부산광역시 기장군 정관읍 용수리,1***,월세,45.39,2000,45,2017,가동2길,detatched_multiFamily
부산광역시 기장군 정관읍 용수리,1***,월세,45.51,500,47,2013,가동2길,detatched_multiFamily
부산광역시 기장군 정관읍 용수리,1***,월세,47.16,500,45,2017,가동3로,detatched_multiFamily
부산광역시 기장군 정관읍 용수리,1***,월세,48,500,49,2013,가동1길,detatched_multiFamily
부산광역시 기장군 정관읍 용수리,1***,월세,48.4,500,45,2012,가동3로,detatched_multiFamily
부산광역시 기장군 정관읍 용수리,1***,월세,48.4,1000,45,,,detatched_multiFamily
부산광역시 기장군 정관읍 용수리,1***,월세,48.4,1000,45,,,detatched_multiFamily
부산광역시 기장군 정관읍 용수리,1***,월세,49,500,47,2016,가동3로,detatched_multiFamily
부산광역시 기장군 정관읍 용수리,1***,월세,49,500,45,2017,가동3로,detatched_multiFamily
부산광역시 기장군 정관읍 용수리,1***,전세,49,15000,0,2021,가동길,detatched_multiFamily
부산광역시 기장군 정관읍 용수리,1***,전세,49,15000,0,,가동길,detatched_multiFamily
부산광역시 기장군 정관읍 용수리,1***,전세,49,5500,0,2013,가동3로,detatched_multiFamily
부산광역시 기장군 정관읍 용수리,1***,월세,49.5,7000,5,2017,가동1길,detatched_multiFamily
부산광역시 기장군 정관읍 용수리,1***,월세,49.5,7000,5,2017,가동1길,detatched_multiFamily
부산광역시 기장군 정관읍 용수리,1***,월세,49.58,500,48,2014,가동1길,detatched_multiFamily
부산광역시 기장군 정관읍 용수리,1***,월세,49.58,500,50,,,detatched_multiFamily
부산광역시 기장군 정관읍 용수리,1***,월세,50,8000,10,2017,가동2길,detatched_multiFamily
부산광역시 기장군 정관읍 용수리,1***,월세,50.5,500,50,2015,가동1길,detatched_multiFamily
부산광역시 기장군 정관읍 용수리,1***,월세,51,1000,50,2017,가동2길,detatched_multiFamily
부산광역시 기장군 정관읍 용수리,1***,전세,51,8000,0,2017,가동3로,detatched_multiFamily
부산광역시 기장군 정관읍 용수리,1***,전세,52.33,6000,0,2011,가동2길,detatched_multiFamily
부산광역시 기장군 정관읍 용수리,1***,월세,53,7000,8,2013,가동2길,detatched_multiFamily
부산광역시 기장군 정관읍 용수리,1***,월세,53.55,500,45,2012,가동길,detatched_multiFamily
부산광역시 기장군 정관읍 용수리,1***,월세,54.11,8000,12,2013,가동1길,detatched_multiFamily
부산광역시 기장군 정관읍 용수리,1***,월세,54.11,8000,13,2013,가동1길,detatched_multiFamily
부산광역시 기장군 정관읍 용수리,1***,월세,54.12,1000,45,2017,가동3로,detatched_multiFamily
부산광역시 기장군 정관읍 용수리,1***,월세,54.12,1000,45,2017,가동3로,detatched_multiFamily
부산광역시 기장군 정관읍 용수리,1***,월세,56,1000,29,2012,가동1길,detatched_multiFamily
부산광역시 기장군 정관읍 용수리,1***,월세,56,500,43,,,detatched_multiFamily
부산광역시 기장군 정관읍 용수리,1***,월세,56,500,45,2013,가동길,detatched_multiFamily
부산광역시 기장군 정관읍 용수리,1***,월세,56,7000,15,2022,가동1길,detatched_multiFamily
부산광역시 기장군 정관읍 용수리,1***,전세,56,8000,0,2017,가동길,detatched_multiFamily
부산광역시 기장군 정관읍 용수리,1***,월세,56.71,6500,15,2011,가동1길,detatched_multiFamily
부산광역시 기장군 정관읍 용수리,1***,전세,56.82,7000,0,2011,가동길,detatched_multiFamily
부산광역시 기장군 정관읍 용수리,1***,월세,58.75,1000,45,,가동길,detatched_multiFamily
부산광역시 기장군 정관읍 용수리,1***,월세,59,500,55,2011,가동1길,detatched_multiFamily
부산광역시 기장군 정관읍 용수리,1***,월세,61.29,8000,30,2012,가동2길,detatched_multiFamily
부산광역시 기장군 정관읍 용수리,1***,전세,61.29,10000,0,2012,가동2길,detatched_multiFamily
부산광역시 기장군 정관읍 용수리,1***,전세,61.34,8500,0,,,detatched_multiFamily
부산광역시 기장군 정관읍 용수리,1***,월세,62.3,500,45,2011,가동1길,detatched_multiFamily
부산광역시 기장군 정관읍 용수리,1***,월세,62.56,1000,75,2017,가동3로,detatched_multiFamily
부산광역시 기장군 정관읍 용수리,1***,전세,63.54,7350,0,2011,가동1길,detatched_multiFamily
부산광역시 기장군 정관읍 용수리,1***,월세,66,1000,55,2013,가동1길,detatched_multiFamily
부산광역시 기장군 정관읍 용수리,1***,월세,66,1000,55,2013,가동1길,detatched_multiFamily
부산광역시 기장군 정관읍 용수리,1***,월세,66,1000,55,2013,가동1길,detatched_multiFamily
부산광역시 기장군 정관읍 용수리,1***,월세,67.16,8000,50,2013,가동2길,detatched_multiFamily
부산광역시 기장군 정관읍 용수리,1***,전세,67.54,11000,0,2012,가동1길,detatched_multiFamily
부산광역시 기장군 정관읍 용수리,1***,전세,74.83,10000,0,2013,가동2길,detatched_multiFamily
부산광역시 기장군 정관읍 용수리,1***,전세,75,8500,0,,,detatched_multiFamily
부산광역시 기장군 정관읍 용수리,3**,월세,75.16,6000,20,2012,가동옛길,detatched_multiFamily
부산광역시 기장군 정관읍 용수리,1***,월세,79,3000,55,2016,가동2길,detatched_multiFamily
부산광역시 기장군 정관읍 용수리,1***,전세,79,15000,0,2021,가동길,detatched_multiFamily
부산광역시 기장군 정관읍 용수리,1***,전세,79,15000,0,2021,가동길,detatched_multiFamily
부산광역시 기장군 정관읍 용수리,1***,전세,80.38,12000,0,2011,정관5로,detatched_multiFamily
부산광역시 기장군 정관읍 용수리,1***,월세,88.8,1500,80,2017,가동3로,detatched_multiFamily
부산광역시 기장군 정관읍 용수리,1***,월세,90.22,15000,10,2017,가동길,detatched_multiFamily
부산광역시 기장군 정관읍 용수리,1***,월세,90.22,15000,10,2017,가동길,detatched_multiFamily
부산광역시 기장군 정관읍 용수리,1***,월세,98.41,1000,65,2012,가동2길,detatched_multiFamily
부산광역시 기장군 정관읍 용수리,1***,월세,101.11,500,50,2015,가동1길,detatched_multiFamily
부산광역시 기장군 정관읍 용수리,1***,월세,103.44,1000,55,2012,가동길,detatched_multiFamily
부산광역시 기장군 정관읍 용수리,1***,전세,106.72,6000,0,2012,가동1길,detatched_multiFamily
부산광역시 기장군 정관읍 용수리,1***,월세,108.25,3000,50,2017,가동3로,detatched_multiFamily
부산광역시 기장군 정관읍 용수리,4**,월세,114.03,3000,90,2003,산막길,detatched_multiFamily
부산광역시 기장군 정관읍 용수리,1***,월세,121.5,2000,50,2011,가동길,detatched_multiFamily
부산광역시 기장군 정관읍 용수리,1***,월세,121.77,100,27,2012,가동2길,detatched_multiFamily
부산광역시 기장군 정관읍 용수리,1***,월세,133.26,500,45,2013,정관5로,detatched_multiFamily
부산광역시 기장군 정관읍 용수리,1***,전세,142.87,15000,0,,,detatched_multiFamily
부산광역시 기장군 철마면 구칠리,3**,전세,105.32,15000,0,2016,점현길,detatched_multiFamily
부산광역시 기장군 철마면 안평리,2**,월세,70.5,1000,20,1997,안평로11번가길,detatched_multiFamily
부산광역시 기장군 철마면 웅천리,3**,전세,137.43,15000,0,,중리2길,detatched_multiFamily
부산광역시 기장군 철마면 임기리,9**,월세,19,0,20,,탑골길,detatched_multiFamily
부산광역시 기장군 철마면 장전리,3**,월세,54.02,2000,20,,장전1길,detatched_multiFamily
부산광역시 남구 감만동,1**,월세,12,100,20,1973,우암로39번길,detatched_multiFamily
부산광역시 남구 감만동,2*,월세,13,100,25,2004,석포로26번가길,detatched_multiFamily
부산광역시 남구 감만동,4*,월세,13.2,100,12,1985,석포로,detatched_multiFamily
부산광역시 남구 감만동,4*,월세,16.24,100,18,1985,석포로,detatched_multiFamily
부산광역시 남구 감만동,3*,월세,19.8,300,15,1987,석포로58번길,detatched_multiFamily
부산광역시 남구 감만동,3*,월세,20,500,20,,석포로,detatched_multiFamily
부산광역시 남구 감만동,3*,전세,24.08,2400,0,,전선등로36번길,detatched_multiFamily
부산광역시 남구 감만동,3*,전세,25.55,4000,0,1985,전선등로37번길,detatched_multiFamily
부산광역시 남구 감만동,*,월세,28,1000,10,1990,양지골로,detatched_multiFamily
부산광역시 남구 감만동,*,월세,28,1000,10,1990,양지골로,detatched_multiFamily
부산광역시 남구 감만동,3*,월세,30,200,10,1985,석포로58번길,detatched_multiFamily
부산광역시 남구 감만동,2*,월세,30,100,20,2004,석포로26번가길,detatched_multiFamily
부산광역시 남구 감만동,2*,전세,31.64,5000,0,1978,석포로64번길,detatched_multiFamily
부산광역시 남구 감만동,1*,월세,33,200,20,,,detatched_multiFamily
부산광역시 남구 감만동,3*,전세,33,2500,0,1985,전선등로,detatched_multiFamily
부산광역시 남구 감만동,3*,월세,34.78,1000,40,1980,석포로,detatched_multiFamily
부산광역시 남구 감만동,2**,월세,38.82,50,45,1989,양지골로113번길,detatched_multiFamily
부산광역시 남구 감만동,3*,월세,40,1000,20,,석포로,detatched_multiFamily
부산광역시 남구 감만동,3*,월세,40,200,20,,전선등로36번길,detatched_multiFamily
부산광역시 남구 감만동,*,전세,40.93,2500,0,1980,양지골로251번길,detatched_multiFamily
부산광역시 남구 감만동,*,월세,47.52,300,20,1987,양지골로287번길,detatched_multiFamily
부산광역시 남구 감만동,1**,월세,49.19,100,25,1980,홍곡로,detatched_multiFamily
부산광역시 남구 감만동,3*,월세,50,500,25,,전선등로36번길,detatched_multiFamily
부산광역시 남구 감만동,7*,월세,50.4,1000,15,1983,우암로,detatched_multiFamily
부산광역시 남구 감만동,1**,전세,50.4,3000,0,1974,우암로52번길,detatched_multiFamily
부산광역시 남구 감만동,2*,전세,50.68,7000,0,1978,석포로64번길,detatched_multiFamily
부산광역시 남구 감만동,2**,월세,51.67,1500,15,1981,우암로26번길,detatched_multiFamily
부산광역시 남구 감만동,2**,월세,53.24,100,30,1998,우암로,detatched_multiFamily
부산광역시 남구 감만동,3*,월세,55,3000,10,1985,석포로58번길,detatched_multiFamily
부산광역시 남구 감만동,1**,월세,55.21,100,15,,우암로,detatched_multiFamily
부산광역시 남구 감만동,3*,월세,57.02,1000,25,1984,석포로56번길,detatched_multiFamily
부산광역시 남구 감만동,2**,전세,57.72,3000,0,1977,무민사로,detatched_multiFamily
부산광역시 남구 감만동,3*,월세,58.07,2500,10,2015,석포로56번길,detatched_multiFamily
부산광역시 남구 감만동,2**,월세,59.12,500,30,1989,홍곡로22번길,detatched_multiFamily
부산광역시 남구 감만동,4*,전세,59.5,4300,0,,석포로43번길,detatched_multiFamily
부산광역시 남구 감만동,*,월세,60,3000,24,1976,석포로64번길,detatched_multiFamily
부산광역시 남구 감만동,*,월세,60,1000,30,1976,석포로64번길,detatched_multiFamily
부산광역시 남구 감만동,2**,월세,63.46,1000,15,1989,양지골로55번길,detatched_multiFamily
부산광역시 남구 감만동,3**,월세,64.2,50,30,1991,우암로39번길,detatched_multiFamily
부산광역시 남구 감만동,1**,전세,64.23,3000,0,1988,홍곡로47번길,detatched_multiFamily
부산광역시 남구 감만동,2**,전세,64.99,3000,0,1978,양지골로113번길,detatched_multiFamily
부산광역시 남구 감만동,1**,전세,66.12,4000,0,1978,양지골로,detatched_multiFamily
부산광역시 남구 감만동,2*,전세,66.12,5000,0,1975,석포로26번가길,detatched_multiFamily
부산광역시 남구 감만동,1**,월세,67.87,200,25,1978,우암로84번길,detatched_multiFamily
부산광역시 남구 감만동,*,전세,70,5000,0,,석포로56번길,detatched_multiFamily
부산광역시 남구 감만동,4**,전세,70.05,2500,0,1977,무민사로19번길,detatched_multiFamily
부산광역시 남구 감만동,2*,월세,74.16,500,20,1993,석포로64번길,detatched_multiFamily
부산광역시 남구 감만동,*,월세,74.45,0,20,1981,양지골로251번가길,detatched_multiFamily
부산광역시 남구 감만동,1**,전세,77.45,2400,0,1992,우암로,detatched_multiFamily
부산광역시 남구 감만동,2**,전세,78.53,2000,0,1987,우암로52번길,detatched_multiFamily
부산광역시 남구 감만동,1**,월세,81.46,4000,20,1984,우암로70번길,detatched_multiFamily
부산광역시 남구 감만동,*,월세,82.3,1000,15,,양지골로,detatched_multiFamily
부산광역시 남구 감만동,3**,월세,83.5,700,10,1990,우암로,detatched_multiFamily
부산광역시 남구 감만동,3*,월세,97.53,500,25,1985,전선등로,detatched_multiFamily
부산광역시 남구 감만동,3**,월세,101.43,150,15,1991,우암로39번길,detatched_multiFamily
부산광역시 남구 감만동,1**,전세,111.87,3000,0,1978,홍곡로41번길,detatched_multiFamily
부산광역시 남구 감만동,2**,전세,142.07,3000,0,1989,양지골로55번길,detatched_multiFamily
부산광역시 남구 감만동,1**,월세,147.24,1000,29,1989,양지골로169번가길,detatched_multiFamily
부산광역시 남구 대연동,1***,월세,10.1,200,10,1995,석포로83번길,detatched_multiFamily
부산광역시 남구 대연동,1***,월세,11.34,200,28,2010,유엔로157번나길,detatched_multiFamily
부산광역시 남구 대연동,1***,전세,11.8,3500,0,2008,못골번영로39번길,detatched_multiFamily
부산광역시 남구 대연동,3*,월세,12.05,3000,30,,,detatched_multiFamily
부산광역시 남구 대연동,1***,월세,13,300,25,1991,천제등로28번길,detatched_multiFamily
부산광역시 남구 대연동,3*,전세,13.02,3500,0,,,detatched_multiFamily
부산광역시 남구 대연동,5**,전세,13.17,4500,0,,,detatched_multiFamily
부산광역시 남구 대연동,1***,월세,13.2,0,12,,유엔로137번길,detatched_multiFamily
부산광역시 남구 대연동,3**,월세,14,300,36,2010,수영로266번길,detatched_multiFamily
부산광역시 남구 대연동,1***,월세,14,3000,10,1991,진남로153번길,detatched_multiFamily
부산광역시 남구 대연동,3**,월세,14,300,35,2010,수영로266번길,detatched_multiFamily
부산광역시 남구 대연동,8**,월세,14,200,45,2018,유엔평화로38번길,detatched_multiFamily
부산광역시 남구 대연동,5**,월세,14.13,2000,38,2020,,detatched_multiFamily
부산광역시 남구 대연동,5**,월세,14.13,2000,38,2020,용소로34번길,detatched_multiFamily
부산광역시 남구 대연동,1***,전세,14.31,4500,0,2008,못골번영로39번길,detatched_multiFamily
부산광역시 남구 대연동,2**,월세,14.54,100,25,2009,진남로30번길,detatched_multiFamily
부산광역시 남구 대연동,2**,전세,14.91,6000,0,,,detatched_multiFamily
부산광역시 남구 대연동,2**,월세,14.96,200,29,2008,못골번영로46번길,detatched_multiFamily
부산광역시 남구 대연동,1***,월세,15,100,25,1989,석포로,detatched_multiFamily
부산광역시 남구 대연동,1***,월세,15,100,20,,못골로,detatched_multiFamily
부산광역시 남구 대연동,3**,월세,15,200,30,2010,수영로250번길,detatched_multiFamily
부산광역시 남구 대연동,5**,월세,15,300,27,2011,용소로34번길,detatched_multiFamily
부산광역시 남구 대연동,1***,전세,15,4300,0,2008,못골번영로39번길,detatched_multiFamily
부산광역시 남구 대연동,5**,전세,15,5000,0,2009,수영로266번길,detatched_multiFamily
부산광역시 남구 대연동,5**,월세,15.21,500,29,,유엔평화로47번길,detatched_multiFamily
부산광역시 남구 대연동,3*,월세,15.28,1500,22,,,detatched_multiFamily
부산광역시 남구 대연동,2**,월세,15.32,500,40,2020,못골번영로66번길,detatched_multiFamily
부산광역시 남구 대연동,1***,월세,15.64,100,30,2010,못골번영로46번길,detatched_multiFamily
부산광역시 남구 대연동,9**,월세,16,500,33,2016,유엔평화로28번길,detatched_multiFamily
부산광역시 남구 대연동,3**,월세,16,200,30,2010,수영로250번길,detatched_multiFamily
부산광역시 남구 대연동,1***,월세,16,100,18,1988,못골번영로46번길,detatched_multiFamily
부산광역시 남구 대연동,4*,전세,16,4500,0,2002,수영로334번길,detatched_multiFamily
부산광역시 남구 대연동,4*,전세,16,4500,0,2002,수영로334번길,detatched_multiFamily
부산광역시 남구 대연동,1***,전세,16.04,4500,0,,,detatched_multiFamily
부산광역시 남구 대연동,3**,월세,16.2,3000,5,2018,수영로293번길,detatched_multiFamily
부산광역시 남구 대연동,1***,월세,16.49,100,20,1978,석포로,detatched_multiFamily
부산광역시 남구 대연동,1***,월세,16.49,500,30,1978,석포로,detatched_multiFamily
부산광역시 남구 대연동,8**,월세,16.68,200,30,,,detatched_multiFamily
부산광역시 남구 대연동,5**,월세,17,500,35,1972,용소로34번길,detatched_multiFamily
부산광역시 남구 대연동,1***,월세,17,3000,13,2008,못골번영로39번길,detatched_multiFamily
부산광역시 남구 대연동,1***,월세,17,3000,18,2010,유엔로157번나길,detatched_multiFamily
부산광역시 남구 대연동,1***,월세,17,2000,18,2010,유엔로157번나길,detatched_multiFamily
부산광역시 남구 대연동,1***,전세,17.17,4000,0,2010,유엔로157번나길,detatched_multiFamily
부산광역시 남구 대연동,3**,월세,17.28,500,31,2018,수영로293번길,detatched_multiFamily
부산광역시 남구 대연동,2**,월세,17.51,500,41,2017,진남로34번길,detatched_multiFamily
부산광역시 남구 대연동,1***,월세,17.67,200,18,2021,천제등로28번길,detatched_multiFamily
부산광역시 남구 대연동,3**,월세,17.75,1000,30,2018,수영로293번길,detatched_multiFamily
부산광역시 남구 대연동,3**,전세,17.75,5500,0,2018,수영로293번길,detatched_multiFamily
부산광역시 남구 대연동,1***,월세,17.85,3000,10,2010,유엔로157번나길,detatched_multiFamily
부산광역시 남구 대연동,1***,전세,17.85,4000,0,2010,유엔로157번나길,detatched_multiFamily
부산광역시 남구 대연동,1***,월세,18,100,47,2008,유엔로157번가길,detatched_multiFamily
부산광역시 남구 대연동,9**,월세,18,500,33,,유엔평화로22번길,detatched_multiFamily
부산광역시 남구 대연동,8**,월세,18,4000,10,2010,,detatched_multiFamily
부산광역시 남구 대연동,9**,월세,18,500,35,2018,유엔평화로28번길,detatched_multiFamily
부산광역시 남구 대연동,3*,월세,18,2000,24,,용소로13번길,detatched_multiFamily
부산광역시 남구 대연동,1***,월세,18,200,32,2008,유엔로183번길,detatched_multiFamily
부산광역시 남구 대연동,1***,월세,18,200,41,2018,못골번영로,detatched_multiFamily
부산광역시 남구 대연동,1***,월세,18,300,20,1986,석포로127번길,detatched_multiFamily
부산광역시 남구 대연동,8**,월세,18,100,13,1989,유엔평화로47번길,detatched_multiFamily
부산광역시 남구 대연동,6**,전세,18,5000,0,2010,유엔로201번길,detatched_multiFamily
부산광역시 남구 대연동,1***,월세,18.06,4000,22,2017,진남로69번길,detatched_multiFamily
부산광역시 남구 대연동,3**,월세,18.11,500,31,,유엔평화로9번길,detatched_multiFamily
부산광역시 남구 대연동,8**,월세,18.51,150,35,2009,유엔평화로41번길,detatched_multiFamily
부산광역시 남구 대연동,8**,월세,18.57,300,30,2009,유엔평화로41번길,detatched_multiFamily
부산광역시 남구 대연동,5**,월세,18.89,300,28,2011,용소로34번길,detatched_multiFamily
부산광역시 남구 대연동,5**,월세,18.93,500,34,2019,수영로266번길,detatched_multiFamily
부산광역시 남구 대연동,5**,전세,18.93,6000,0,2019,수영로266번길,detatched_multiFamily
부산광역시 남구 대연동,1***,월세,19,2000,24,2017,진남로69번길,detatched_multiFamily
부산광역시 남구 대연동,8**,월세,19,2000,12,2018,유엔로157번가길,detatched_multiFamily
부산광역시 남구 대연동,8**,월세,19.48,200,35,2008,유엔평화로41번길,detatched_multiFamily
부산광역시 남구 대연동,8**,월세,19.48,300,35,2008,유엔평화로41번길,detatched_multiFamily
부산광역시 남구 대연동,1***,월세,19.7,200,21,,못골번영로56번길,detatched_multiFamily
부산광역시 남구 대연동,1***,월세,19.8,1000,15,1992,석포로73번가길,detatched_multiFamily
부산광역시 남구 대연동,1***,월세,19.8,1000,20,1985,석포로127번길,detatched_multiFamily
부산광역시 남구 대연동,8**,월세,19.83,500,42,2018,유엔평화로38번길,detatched_multiFamily
부산광역시 남구 대연동,1***,월세,20,1000,30,2017,못골로53번길,detatched_multiFamily
부산광역시 남구 대연동,1***,월세,20,2000,50,2017,유엔평화로17번길,detatched_multiFamily
부산광역시 남구 대연동,5**,월세,20,8000,15,2020,용소로34번길,detatched_multiFamily
부산광역시 남구 대연동,1***,월세,20,300,26,2010,못골번영로40번길,detatched_multiFamily
부산광역시 남구 대연동,8**,월세,20,1000,36,2018,유엔평화로38번길,detatched_multiFamily
부산광역시 남구 대연동,9**,월세,20,300,40,2016,유엔평화로28번길,detatched_multiFamily
부산광역시 남구 대연동,8**,월세,20,300,37,2010,천제등로,detatched_multiFamily
부산광역시 남구 대연동,5**,월세,20,1000,45,2007,유엔평화로29번길,detatched_multiFamily
부산광역시 남구 대연동,1***,월세,20,150,20,1994,홍곡로,detatched_multiFamily
부산광역시 남구 대연동,1***,월세,20,500,38,2018,못골번영로,detatched_multiFamily
부산광역시 남구 대연동,1***,월세,20,500,20,2017,못골로53번길,detatched_multiFamily
부산광역시 남구 대연동,3**,월세,20,2000,43,2020,수영로250번가길,detatched_multiFamily
부산광역시 남구 대연동,5**,월세,20,3000,22,2009,수영로266번길,detatched_multiFamily
부산광역시 남구 대연동,5**,월세,20,500,25,,유엔로201번길,detatched_multiFamily
부산광역시 남구 대연동,8**,월세,20,500,13,1989,유엔평화로47번길,detatched_multiFamily
부산광역시 남구 대연동,1***,월세,20.46,500,29,,수영로250번길,detatched_multiFamily
부산광역시 남구 대연동,8**,월세,20.48,1000,25,,,detatched_multiFamily
부산광역시 남구 대연동,1***,월세,20.51,300,30,2010,못골로69번길,detatched_multiFamily
부산광역시 남구 대연동,5**,월세,20.54,5000,2,2019,수영로266번길,detatched_multiFamily
부산광역시 남구 대연동,9**,월세,20.6,100,39,2016,유엔로201번길,detatched_multiFamily
부산광역시 남구 대연동,8**,월세,20.66,200,27,,천제등로,detatched_multiFamily
부산광역시 남구 대연동,1***,전세,20.69,4500,0,2010,못골로69번길,detatched_multiFamily
부산광역시 남구 대연동,1***,전세,20.69,4000,0,2010,못골로69번길,detatched_multiFamily
부산광역시 남구 대연동,9**,월세,20.7,200,35,2016,유엔로201번길,detatched_multiFamily
부산광역시 남구 대연동,1***,월세,20.79,500,30,2010,못골로69번길,detatched_multiFamily
부산광역시 남구 대연동,3**,월세,20.95,300,29,2010,수영로250번길,detatched_multiFamily
부산광역시 남구 대연동,1***,월세,21,300,32,2008,못골번영로39번길,detatched_multiFamily
부산광역시 남구 대연동,3**,월세,21.02,4000,20,2018,수영로293번길,detatched_multiFamily
부산광역시 남구 대연동,1*,월세,21.06,500,29,2002,수영로366번길,detatched_multiFamily
부산광역시 남구 대연동,1***,월세,21.16,500,36,,못골로,detatched_multiFamily
부산광역시 남구 대연동,1***,월세,21.16,500,36,,못골로,detatched_multiFamily
부산광역시 남구 대연동,1***,월세,21.17,100,35,2010,못골로69번길,detatched_multiFamily
부산광역시 남구 대연동,6**,월세,21.19,100,26,2008,유엔로183번길,detatched_multiFamily
부산광역시 남구 대연동,8**,월세,21.22,500,40,2009,유엔평화로41번길,detatched_multiFamily
부산광역시 남구 대연동,1***,전세,21.26,4000,0,2010,유엔로157번나길,detatched_multiFamily
부산광역시 남구 대연동,5**,월세,21.33,300,35,2007,유엔평화로29번길,detatched_multiFamily
부산광역시 남구 대연동,6**,월세,21.34,500,26,,용소로64번길,detatched_multiFamily
부산광역시 남구 대연동,6**,전세,21.35,5000,0,2007,용소로64번길,detatched_multiFamily
부산광역시 남구 대연동,6**,전세,21.35,5000,0,2007,용소로64번길,detatched_multiFamily
부산광역시 남구 대연동,6**,전세,21.35,5000,0,2007,용소로64번길,detatched_multiFamily
부산광역시 남구 대연동,4*,월세,21.44,500,55,2022,용소로13번길,detatched_multiFamily
부산광역시 남구 대연동,8**,월세,21.6,300,26,2008,유엔로183번길,detatched_multiFamily
부산광역시 남구 대연동,9**,월세,21.66,500,45,2018,유엔평화로28번길,detatched_multiFamily
부산광역시 남구 대연동,1***,월세,21.7,500,34,2011,천제등로16번길,detatched_multiFamily
부산광역시 남구 대연동,8**,월세,22.04,6000,18,2018,유엔평화로47번길,detatched_multiFamily
부산광역시 남구 대연동,1***,월세,22.04,500,35,2008,못골번영로40번길,detatched_multiFamily
부산광역시 남구 대연동,5**,월세,22.2,500,30,2008,용소로40번길,detatched_multiFamily
부산광역시 남구 대연동,5*,월세,22.53,200,31,2001,용소로19번길,detatched_multiFamily
부산광역시 남구 대연동,3**,월세,23,400,50,2010,수영로266번길,detatched_multiFamily
부산광역시 남구 대연동,9**,월세,23,5000,45,2018,유엔평화로28번길,detatched_multiFamily
부산광역시 남구 대연동,2**,전세,23,6000,0,2020,못골번영로66번길,detatched_multiFamily
부산광역시 남구 대연동,1***,월세,23.1,200,20,1983,석포로127번길,detatched_multiFamily
부산광역시 남구 대연동,6**,월세,23.54,300,38,2007,유엔로201번길,detatched_multiFamily
부산광역시 남구 대연동,2**,전세,24.02,9000,0,2018,진남로30번가길,detatched_multiFamily
부산광역시 남구 대연동,3**,월세,24.52,2000,50,2020,수영로250번가길,detatched_multiFamily
부산광역시 남구 대연동,3**,전세,24.52,9000,0,,수영로250번가길,detatched_multiFamily
부산광역시 남구 대연동,3**,전세,24.52,9000,0,2020,수영로250번가길,detatched_multiFamily
부산광역시 남구 대연동,1***,월세,24.61,500,45,,유엔평화로4번길,detatched_multiFamily
부산광역시 남구 대연동,5**,월세,24.65,500,30,2008,용소로40번길,detatched_multiFamily
부산광역시 남구 대연동,1***,월세,24.74,200,21,2021,못골번영로60번길,detatched_multiFamily
부산광역시 남구 대연동,9**,월세,25,500,60,2020,유엔평화로22번길,detatched_multiFamily
부산광역시 남구 대연동,1***,월세,25,1000,33,1989,유엔평화로9번길,detatched_multiFamily
부산광역시 남구 대연동,2**,월세,25.27,500,35,2017,진남로29번길,detatched_multiFamily
부산광역시 남구 대연동,1***,월세,25.38,200,21,2021,못골번영로56번길,detatched_multiFamily
부산광역시 남구 대연동,8**,월세,25.6,300,31,2008,,detatched_multiFamily
부산광역시 남구 대연동,1***,월세,26,500,25,,유엔평화로14번길,detatched_multiFamily
부산광역시 남구 대연동,9**,월세,26,1000,40,2018,유엔평화로28번길,detatched_multiFamily
부산광역시 남구 대연동,9**,전세,26.94,9000,0,1971,유엔로108번길,detatched_multiFamily
부산광역시 남구 대연동,4*,월세,27,6000,20,2002,수영로334번길,detatched_multiFamily
부산광역시 남구 대연동,4*,전세,27,6000,0,2002,수영로334번길,detatched_multiFamily
부산광역시 남구 대연동,9**,월세,27.07,2000,50,2018,유엔평화로28번길,detatched_multiFamily
부산광역시 남구 대연동,1***,전세,27.13,5000,0,2010,못골로69번길,detatched_multiFamily
부산광역시 남구 대연동,3**,월세,27.84,500,45,2018,수영로293번길,detatched_multiFamily
부산광역시 남구 대연동,5**,월세,27.88,1000,35,2019,수영로266번길,detatched_multiFamily
부산광역시 남구 대연동,1***,월세,28,800,50,2017,유엔평화로17번길,detatched_multiFamily
부산광역시 남구 대연동,1***,월세,28.01,100,22,2010,못골로69번길,detatched_multiFamily
부산광역시 남구 대연동,2**,월세,28.1,1000,50,1970,수영로219번길,detatched_multiFamily
부산광역시 남구 대연동,3**,월세,28.11,4000,35,2018,수영로293번길,detatched_multiFamily
부산광역시 남구 대연동,1***,월세,28.48,200,20,,못골로,detatched_multiFamily
부산광역시 남구 대연동,1***,월세,28.6,500,45,1989,유엔평화로9번길,detatched_multiFamily
부산광역시 남구 대연동,1***,월세,28.68,9000,20,2018,유엔평화로14번길,detatched_multiFamily
부산광역시 남구 대연동,1***,월세,29,300,40,1989,유엔평화로9번길,detatched_multiFamily
부산광역시 남구 대연동,1***,월세,29.5,1500,33,2011,천제등로16번길,detatched_multiFamily
부산광역시 남구 대연동,1***,월세,29.5,300,35,2011,천제등로16번길,detatched_multiFamily
부산광역시 남구 대연동,2**,전세,29.64,10000,0,,진남로30번길,detatched_multiFamily
부산광역시 남구 대연동,1***,월세,29.83,1000,26,2009,유엔로157번나길,detatched_multiFamily
부산광역시 남구 대연동,3**,월세,29.85,8000,10,2018,수영로293번길,detatched_multiFamily
부산광역시 남구 대연동,8**,월세,30,500,30,1990,유엔평화로41번길,detatched_multiFamily
부산광역시 남구 대연동,1***,월세,30,500,42,2017,유엔평화로17번길,detatched_multiFamily
부산광역시 남구 대연동,1***,월세,30,25,25,2006,유엔평화로17번길,detatched_multiFamily
부산광역시 남구 대연동,1***,월세,30,100,25,1988,석포로73번길,detatched_multiFamily
부산광역시 남구 대연동,3**,월세,30,500,52,2018,수영로293번길,detatched_multiFamily
부산광역시 남구 대연동,1***,월세,30,1000,40,2012,진남로64번길,detatched_multiFamily
부산광역시 남구 대연동,9**,월세,30,200,29,,유엔평화로22번길,detatched_multiFamily
부산광역시 남구 대연동,8**,월세,30,1300,50,1974,천제등로38번길,detatched_multiFamily
부산광역시 남구 대연동,1***,월세,30,1000,40,2017,유엔평화로17번길,detatched_multiFamily
부산광역시 남구 대연동,9**,월세,30,1000,58,2020,유엔평화로22번길,detatched_multiFamily
부산광역시 남구 대연동,8**,월세,30,500,13,1989,유엔평화로47번길,detatched_multiFamily
부산광역시 남구 대연동,1***,전세,30.61,10000,0,2018,진남로36번길,detatched_multiFamily
부산광역시 남구 대연동,1***,전세,30.61,10000,0,2018,진남로36번길,detatched_multiFamily
부산광역시 남구 대연동,9*,월세,30.68,500,12,1975,,detatched_multiFamily
부산광역시 남구 대연동,1***,월세,31.05,500,25,1984,진남로64번길,detatched_multiFamily
부산광역시 남구 대연동,8**,월세,31.76,4300,15,2010,유엔평화로47번길,detatched_multiFamily
부산광역시 남구 대연동,1***,월세,31.83,100,25,2010,못골번영로40번길,detatched_multiFamily
부산광역시 남구 대연동,3**,월세,32.08,7000,20,1990,수영로266번길,detatched_multiFamily
부산광역시 남구 대연동,1***,월세,32.27,500,40,1985,수영로,detatched_multiFamily
부산광역시 남구 대연동,8**,월세,32.79,500,30,,유엔로157번가길,detatched_multiFamily
부산광역시 남구 대연동,1***,월세,33,2000,50,2017,유엔평화로17번길,detatched_multiFamily
부산광역시 남구 대연동,1***,월세,33,500,20,1993,석포로127번길,detatched_multiFamily
부산광역시 남구 대연동,7**,월세,33,300,20,1986,유엔평화로125번길,detatched_multiFamily
부산광역시 남구 대연동,산1**,월세,33,200,20,,전선등로71번길,detatched_multiFamily
부산광역시 남구 대연동,8**,월세,33,500,40,,유엔로157번길,detatched_multiFamily
부산광역시 남구 대연동,1***,월세,33,50,12,1976,유엔로96번길,detatched_multiFamily
부산광역시 남구 대연동,1***,월세,33,300,20,1974,석포로127번길,detatched_multiFamily
부산광역시 남구 대연동,1***,월세,33,3200,8,1993,천제등로28번길,detatched_multiFamily
부산광역시 남구 대연동,1***,월세,33,2000,20,,석포로127번길,detatched_multiFamily
부산광역시 남구 대연동,1***,월세,33,100,18,1992,유엔로96번길,detatched_multiFamily
부산광역시 남구 대연동,9**,월세,33,500,25,1975,유엔로,detatched_multiFamily
부산광역시 남구 대연동,1***,월세,33,1000,35,1997,유엔로183번길,detatched_multiFamily
부산광역시 남구 대연동,1***,월세,33,2000,15,1980,석포로73번길,detatched_multiFamily
부산광역시 남구 대연동,1***,전세,33,3000,0,1991,천제등로28번길,detatched_multiFamily
부산광역시 남구 대연동,9**,월세,33.24,1000,34,2016,유엔평화로28번길,detatched_multiFamily
부산광역시 남구 대연동,9**,전세,33.24,8000,0,2016,유엔평화로28번길,detatched_multiFamily
부산광역시 남구 대연동,7**,월세,33.3,2000,30,1991,홍곡로320번길,detatched_multiFamily
부산광역시 남구 대연동,1***,월세,33.3,1000,20,1983,석포로83번길,detatched_multiFamily
부산광역시 남구 대연동,1***,월세,33.3,500,29,1978,석포로,detatched_multiFamily
부산광역시 남구 대연동,1***,월세,33.3,200,18,2021,천제등로28번길,detatched_multiFamily
부산광역시 남구 대연동,1***,월세,33.3,500,25,1993,석포로,detatched_multiFamily
부산광역시 남구 대연동,9**,월세,33.3,1000,10,1972,유엔로96번길,detatched_multiFamily
부산광역시 남구 대연동,1***,월세,33.3,1000,25,1973,천제등로38번길,detatched_multiFamily
부산광역시 남구 대연동,9**,월세,33.3,2500,10,1971,유엔로120번길,detatched_multiFamily
부산광역시 남구 대연동,7**,월세,33.3,2000,30,1991,홍곡로320번길,detatched_multiFamily
부산광역시 남구 대연동,7**,월세,33.3,50,15,1980,유엔평화로,detatched_multiFamily
부산광역시 남구 대연동,1***,월세,33.3,200,10,1987,석포로127번길,detatched_multiFamily
부산광역시 남구 대연동,9**,월세,33.3,500,30,1988,유엔로120번가길,detatched_multiFamily
부산광역시 남구 대연동,1***,월세,33.3,500,15,1981,석포로83번길,detatched_multiFamily
부산광역시 남구 대연동,1***,월세,33.4,5000,25,1990,석포로83번길,detatched_multiFamily
부산광역시 남구 대연동,3*,월세,34,3000,41,2015,용소로13번길,detatched_multiFamily
부산광역시 남구 대연동,5**,월세,34.09,200,32,,용소로46번길,detatched_multiFamily
부산광역시 남구 대연동,1***,월세,34.17,2000,20,1991,진남로,detatched_multiFamily
부산광역시 남구 대연동,1***,월세,34.36,1000,35,1994,천제등로38번길,detatched_multiFamily
부산광역시 남구 대연동,1***,월세,34.77,2000,30,,진남로,detatched_multiFamily
부산광역시 남구 대연동,1***,월세,34.77,2000,30,,진남로,detatched_multiFamily
부산광역시 남구 대연동,1***,전세,35,6500,0,1990,석포로83번길,detatched_multiFamily
부산광역시 남구 대연동,1***,월세,35.01,500,33,1977,유엔평화로17번길,detatched_multiFamily
부산광역시 남구 대연동,9**,전세,35.04,6000,0,1989,유엔평화로29번길,detatched_multiFamily
부산광역시 남구 대연동,1***,월세,35.94,1000,20,1983,석포로83번길,detatched_multiFamily
부산광역시 남구 대연동,1***,월세,36,100,25,1982,유엔로96번길,detatched_multiFamily
부산광역시 남구 대연동,9**,월세,36,1000,20,1985,석포로126번길,detatched_multiFamily
부산광역시 남구 대연동,2**,전세,36,10000,0,2018,진남로30번가길,detatched_multiFamily
부산광역시 남구 대연동,2**,월세,36.97,1000,30,1971,진남로34번길,detatched_multiFamily
부산광역시 남구 대연동,1***,월세,37.36,500,35,2017,못골로53번길,detatched_multiFamily
부산광역시 남구 대연동,1***,월세,37.73,2000,25,1991,진남로36번길,detatched_multiFamily
부산광역시 남구 대연동,3**,월세,37.83,2000,20,1987,수영로250번길,detatched_multiFamily
부산광역시 남구 대연동,9**,전세,38.26,8000,0,2016,유엔평화로28번길,detatched_multiFamily
부산광역시 남구 대연동,1***,전세,38.68,1200,0,1975,못골번영로40번길,detatched_multiFamily
부산광역시 남구 대연동,1***,월세,39,1000,20,1984,진남로69번길,detatched_multiFamily
부산광역시 남구 대연동,1***,월세,39.36,500,20,1991,석포로127번길,detatched_multiFamily
부산광역시 남구 대연동,1***,월세,39.45,5500,5,1991,진남로25번길,detatched_multiFamily
부산광역시 남구 대연동,1***,전세,39.54,2800,0,1981,유엔로96번길,detatched_multiFamily
부산광역시 남구 대연동,1***,월세,40,300,10,1985,전선등로61번길,detatched_multiFamily
부산광역시 남구 대연동,3**,월세,40,300,33,2010,수영로250번길,detatched_multiFamily
부산광역시 남구 대연동,8**,월세,40,7000,10,2018,유엔평화로47번길,detatched_multiFamily
부산광역시 남구 대연동,1***,월세,40,500,50,1989,유엔평화로9번길,detatched_multiFamily
부산광역시 남구 대연동,1***,월세,40,500,22,1993,석포로117번길,detatched_multiFamily
부산광역시 남구 대연동,1***,월세,40,1500,20,1978,석포로91번길,detatched_multiFamily
부산광역시 남구 대연동,8**,월세,40,1000,35,2018,유엔평화로47번길,detatched_multiFamily
부산광역시 남구 대연동,8**,월세,40,4500,10,2010,유엔평화로47번길,detatched_multiFamily
부산광역시 남구 대연동,6**,월세,40,2000,23,2008,유엔로157번가길,detatched_multiFamily
부산광역시 남구 대연동,3**,월세,40,500,35,2015,수영로,detatched_multiFamily
부산광역시 남구 대연동,1***,월세,40,4000,20,1991,못골번영로49번길,detatched_multiFamily
부산광역시 남구 대연동,1***,월세,40,150,30,2013,유엔로157번가길,detatched_multiFamily
부산광역시 남구 대연동,1***,월세,40,500,40,1987,진남로,detatched_multiFamily
부산광역시 남구 대연동,8**,월세,40,2000,17,2010,유엔평화로47번길,detatched_multiFamily
부산광역시 남구 대연동,3**,월세,40,500,29,2010,수영로250번길,detatched_multiFamily
부산광역시 남구 대연동,9**,월세,40,7000,7,2018,유엔평화로28번길,detatched_multiFamily
부산광역시 남구 대연동,8**,월세,40,1000,24,2011,천제등로37번길,detatched_multiFamily
부산광역시 남구 대연동,1***,월세,40,2000,35,2018,유엔평화로14번길,detatched_multiFamily
부산광역시 남구 대연동,8**,전세,40,4500,0,2010,유엔평화로47번길,detatched_multiFamily
부산광역시 남구 대연동,9**,전세,40,8000,0,2016,유엔평화로28번길,detatched_multiFamily
부산광역시 남구 대연동,1***,전세,40.22,3000,0,1985,석포로83번길,detatched_multiFamily
부산광역시 남구 대연동,1***,전세,40.22,4500,0,1985,석포로83번길,detatched_multiFamily
부산광역시 남구 대연동,1***,월세,40.3,1000,35,1991,못골번영로60번길,detatched_multiFamily
부산광역시 남구 대연동,1***,월세,40.9,3000,20,1988,못골로41번길,detatched_multiFamily
부산광역시 남구 대연동,1***,월세,40.92,3000,30,1994,못골번영로,detatched_multiFamily
부산광역시 남구 대연동,1***,전세,41.04,3800,0,1991,진남로,detatched_multiFamily
부산광역시 남구 대연동,1***,전세,41.04,3800,0,1991,,detatched_multiFamily
부산광역시 남구 대연동,2**,월세,41.09,1500,40,2011,못골번영로66번길,detatched_multiFamily
부산광역시 남구 대연동,8**,월세,41.8,500,30,1992,유엔평화로47번길,detatched_multiFamily
부산광역시 남구 대연동,8**,월세,42.37,500,45,2015,유엔평화로47번길,detatched_multiFamily
부산광역시 남구 대연동,1***,전세,42.48,5500,0,,진남로46번길,detatched_multiFamily
부산광역시 남구 대연동,1***,월세,42.52,2000,37,1990,수영로208번길,detatched_multiFamily
부산광역시 남구 대연동,1***,월세,42.55,1000,23,1980,석포로91번길,detatched_multiFamily
부산광역시 남구 대연동,1***,월세,42.9,1500,10,1987,석포로127번길,detatched_multiFamily
부산광역시 남구 대연동,1***,월세,43.07,300,13,,석포로91번길,detatched_multiFamily
부산광역시 남구 대연동,1***,월세,43.11,4000,15,1991,진남로25번길,detatched_multiFamily
부산광역시 남구 대연동,1***,월세,43.6,500,35,1984,진남로36번길,detatched_multiFamily
부산광역시 남구 대연동,1***,월세,44,3000,70,,,detatched_multiFamily
부산광역시 남구 대연동,2**,월세,44.16,800,29,1990,진남로30번가길,detatched_multiFamily
부산광역시 남구 대연동,1***,월세,44.53,3500,20,1973,못골번영로40번길,detatched_multiFamily
부산광역시 남구 대연동,2**,월세,44.73,800,45,1973,진남로30번길,detatched_multiFamily
부산광역시 남구 대연동,2**,월세,45,1000,40,1981,진남로36번길,detatched_multiFamily
부산광역시 남구 대연동,1***,월세,45,1000,15,,석포로,detatched_multiFamily
부산광역시 남구 대연동,3*,월세,46,500,25,1971,수영로346번길,detatched_multiFamily
부산광역시 남구 대연동,1***,월세,46.5,3000,35,1989,진남로153번길,detatched_multiFamily
부산광역시 남구 대연동,1***,월세,46.5,2000,35,1992,진남로,detatched_multiFamily
부산광역시 남구 대연동,9**,월세,46.5,500,20,1991,유엔로96번길,detatched_multiFamily
부산광역시 남구 대연동,2**,전세,46.52,5000,0,,진남로36번길,detatched_multiFamily
부산광역시 남구 대연동,1***,월세,46.54,300,15,,못골번영로50번길,detatched_multiFamily
부산광역시 남구 대연동,2**,전세,46.88,5500,0,2017,진남로29번길,detatched_multiFamily
부산광역시 남구 대연동,2**,전세,46.88,5500,0,2017,진남로29번길,detatched_multiFamily
부산광역시 남구 대연동,4*,월세,47.19,1000,50,2012,수영로334번길,detatched_multiFamily
부산광역시 남구 대연동,5**,월세,47.32,5000,25,1994,,detatched_multiFamily
부산광역시 남구 대연동,5**,월세,47.32,5000,20,1994,유엔로201번길,detatched_multiFamily
부산광역시 남구 대연동,5**,전세,47.32,9000,0,1994,유엔로201번길,detatched_multiFamily
부산광역시 남구 대연동,8**,월세,47.5,1000,46,1974,천제등로38번길,detatched_multiFamily
부산광역시 남구 대연동,1***,전세,47.58,15000,0,1986,진남로64번길,detatched_multiFamily
부산광역시 남구 대연동,1***,월세,47.6,0,20,,못골로53번길,detatched_multiFamily
부산광역시 남구 대연동,1***,전세,47.67,8000,0,1971,석포로83번길,detatched_multiFamily
부산광역시 남구 대연동,1***,전세,48.26,13000,0,1974,진남로46번길,detatched_multiFamily
부산광역시 남구 대연동,3**,월세,48.5,400,20,2010,수영로250번길,detatched_multiFamily
부산광역시 남구 대연동,1***,월세,48.64,2000,30,1979,진남로64번길,detatched_multiFamily
부산광역시 남구 대연동,9**,월세,49,2000,10,1984,석포로126번길,detatched_multiFamily
부산광역시 남구 대연동,1***,월세,49.29,1000,45,1993,석포로127번길,detatched_multiFamily
부산광역시 남구 대연동,1***,월세,49.37,1000,40,1992,못골번영로72번길,detatched_multiFamily
부산광역시 남구 대연동,8**,월세,49.45,3000,20,1994,천제등로,detatched_multiFamily
부산광역시 남구 대연동,1***,월세,49.5,1000,30,1995,천제등로28번길,detatched_multiFamily
부산광역시 남구 대연동,1***,월세,49.59,1000,33,1991,진남로36번길,detatched_multiFamily
부산광역시 남구 대연동,2**,월세,49.78,3000,40,1978,못골번영로72번길,detatched_multiFamily
부산광역시 남구 대연동,3*,월세,49.88,7000,15,2011,용소로13번길,detatched_multiFamily
부산광역시 남구 대연동,3**,월세,50,3000,30,1989,수영로250번가길,detatched_multiFamily
부산광역시 남구 대연동,2**,월세,50,2000,35,1987,못골번영로46번길,detatched_multiFamily
부산광역시 남구 대연동,1***,월세,50,1000,40,1990,유엔평화로14번길,detatched_multiFamily
부산광역시 남구 대연동,1***,월세,50,1000,20,1993,석포로127번길,detatched_multiFamily
부산광역시 남구 대연동,1***,월세,50,1000,20,1993,석포로127번길,detatched_multiFamily
부산광역시 남구 대연동,1***,전세,50.16,9000,0,1985,진남로96번가길,detatched_multiFamily
부산광역시 남구 대연동,1***,월세,50.92,500,35,1995,석포로91번길,detatched_multiFamily
부산광역시 남구 대연동,1***,월세,50.92,500,35,1995,석포로91번길,detatched_multiFamily
부산광역시 남구 대연동,1***,월세,51,1000,25,,석포로,detatched_multiFamily
부산광역시 남구 대연동,1***,월세,52.26,200,28,2010,못골번영로40번길,detatched_multiFamily
부산광역시 남구 대연동,9**,월세,52.4,500,40,1985,유엔로201번길,detatched_multiFamily
부산광역시 남구 대연동,7**,월세,52.56,1000,30,1985,유엔평화로76번길,detatched_multiFamily
부산광역시 남구 대연동,1***,월세,52.61,300,30,2019,천제등로46번길,detatched_multiFamily
부산광역시 남구 대연동,5**,월세,54.15,500,45,1979,유엔평화로41번길,detatched_multiFamily
부산광역시 남구 대연동,1***,전세,54.15,7000,0,1969,석포로91번길,detatched_multiFamily
부산광역시 남구 대연동,1***,월세,54.19,3000,50,1983,진남로64번길,detatched_multiFamily
부산광역시 남구 대연동,1***,월세,54.19,2000,30,1984,진남로64번길,detatched_multiFamily
부산광역시 남구 대연동,1***,월세,54.5,300,20,,진남로116번길,detatched_multiFamily
부산광역시 남구 대연동,1***,월세,54.82,6000,30,,못골번영로56번길,detatched_multiFamily
부산광역시 남구 대연동,8**,월세,55,3000,20,1991,유엔평화로47번길,detatched_multiFamily
부산광역시 남구 대연동,1***,월세,55.1,3000,30,1989,진남로46번길,detatched_multiFamily
부산광역시 남구 대연동,1***,월세,55.1,1000,30,1989,진남로46번길,detatched_multiFamily
부산광역시 남구 대연동,8**,월세,55.27,1000,45,1996,유엔로183번길,detatched_multiFamily
부산광역시 남구 대연동,3*,전세,55.28,8000,0,2011,,detatched_multiFamily
부산광역시 남구 대연동,1***,월세,55.34,0,20,1974,진남로70번길,detatched_multiFamily
부산광역시 남구 대연동,1***,전세,55.54,9000,0,1974,석포로64번길,detatched_multiFamily
부산광역시 남구 대연동,1***,전세,55.54,9000,0,1974,석포로64번길,detatched_multiFamily
부산광역시 남구 대연동,1***,월세,56,500,40,1992,석포로,detatched_multiFamily
부산광역시 남구 대연동,1***,월세,56,1500,20,1996,홍곡로,detatched_multiFamily
부산광역시 남구 대연동,1***,월세,56,1600,20,1996,홍곡로,detatched_multiFamily
부산광역시 남구 대연동,1***,전세,58.14,5500,0,1996,진남로96번길,detatched_multiFamily
부산광역시 남구 대연동,1***,월세,58.58,7000,10,,천제등로38번길,detatched_multiFamily
부산광역시 남구 대연동,1***,전세,58.68,11000,0,1976,진남로70번길,detatched_multiFamily
부산광역시 남구 대연동,1***,전세,58.72,11000,0,1991,진남로36번길,detatched_multiFamily
부산광역시 남구 대연동,1***,월세,58.82,1000,70,1979,유엔평화로14번길,detatched_multiFamily
부산광역시 남구 대연동,1***,월세,58.86,1000,45,1987,천제등로,detatched_multiFamily
부산광역시 남구 대연동,3**,월세,59.07,1000,50,,수영로250번길,detatched_multiFamily
부산광역시 남구 대연동,1***,월세,59.4,2000,20,1987,석포로91번길,detatched_multiFamily
부산광역시 남구 대연동,8**,월세,59.5,3000,35,2000,천제등로,detatched_multiFamily
부산광역시 남구 대연동,9**,월세,59.5,1000,40,1975,유엔평화로28번길,detatched_multiFamily
부산광역시 남구 대연동,1***,전세,59.5,12000,0,1995,못골번영로46번길,detatched_multiFamily
부산광역시 남구 대연동,1***,월세,59.64,2000,39,,천제등로38번길,detatched_multiFamily
부산광역시 남구 대연동,1***,월세,59.66,1000,40,2009,유엔로157번나길,detatched_multiFamily
부산광역시 남구 대연동,1***,월세,60,500,50,,진남로25번길,detatched_multiFamily
부산광역시 남구 대연동,1***,월세,60.16,2000,40,1977,석포로91번길,detatched_multiFamily
부산광역시 남구 대연동,1***,월세,60.26,2000,40,1973,못골번영로72번길,detatched_multiFamily
부산광역시 남구 대연동,9**,월세,61.21,2000,55,1992,석포로,detatched_multiFamily
부산광역시 남구 대연동,1***,전세,61.5,13000,0,1995,못골번영로46번길,detatched_multiFamily
부산광역시 남구 대연동,3**,월세,62,2000,40,1992,수영로250번가길,detatched_multiFamily
부산광역시 남구 대연동,1***,월세,62.41,0,20,,진남로,detatched_multiFamily
부산광역시 남구 대연동,1***,월세,63.24,350,35,1968,천제등로24번길,detatched_multiFamily
부산광역시 남구 대연동,1***,전세,63.28,13500,0,,,detatched_multiFamily
부산광역시 남구 대연동,3**,전세,63.46,13000,0,1981,수영로293번길,detatched_multiFamily
부산광역시 남구 대연동,1***,전세,63.69,5000,0,1991,석포로91번길,detatched_multiFamily
부산광역시 남구 대연동,1***,월세,63.72,100,37,2016,못골번영로46번길,detatched_multiFamily
부산광역시 남구 대연동,1***,전세,63.72,4000,0,2016,못골번영로46번길,detatched_multiFamily
부산광역시 남구 대연동,1***,전세,63.91,2000,0,,석포로73번나길,detatched_multiFamily
부산광역시 남구 대연동,1***,월세,64.31,500,25,1990,석포로,detatched_multiFamily
부산광역시 남구 대연동,3**,월세,64.35,500,40,1988,수영로250번길,detatched_multiFamily
부산광역시 남구 대연동,1***,전세,64.99,8000,0,1990,석포로73번길,detatched_multiFamily
부산광역시 남구 대연동,1***,월세,65.19,2500,35,1974,진남로64번길,detatched_multiFamily
부산광역시 남구 대연동,9**,월세,66,800,30,1990,유엔로,detatched_multiFamily
부산광역시 남구 대연동,1***,전세,66.12,7000,0,1978,못골번영로72번길,detatched_multiFamily
부산광역시 남구 대연동,1***,전세,66.6,3000,0,,석포로83번길,detatched_multiFamily
부산광역시 남구 대연동,8**,월세,66.81,1500,18,2009,유엔평화로29번길,detatched_multiFamily
부산광역시 남구 대연동,1***,월세,66.9,1500,15,1988,석포로127번길,detatched_multiFamily
부산광역시 남구 대연동,1***,월세,66.9,1500,15,1988,석포로127번길,detatched_multiFamily
부산광역시 남구 대연동,8**,월세,66.93,7000,40,,천제등로38번길,detatched_multiFamily
부산광역시 남구 대연동,1***,월세,67.64,100,41,2017,못골로53번길,detatched_multiFamily
부산광역시 남구 대연동,1***,월세,67.69,1500,20,1991,진남로153번길,detatched_multiFamily
부산광역시 남구 대연동,1***,월세,67.69,1000,30,1991,진남로153번길,detatched_multiFamily
부산광역시 남구 대연동,8**,월세,67.78,2000,40,1973,유엔평화로29번길,detatched_multiFamily
부산광역시 남구 대연동,1***,전세,69.3,8000,0,1985,석포로73번길,detatched_multiFamily
부산광역시 남구 대연동,1***,월세,69.42,3000,40,,못골번영로50번길,detatched_multiFamily
부산광역시 남구 대연동,3**,월세,69.97,5000,30,1988,용소로28번길,detatched_multiFamily
부산광역시 남구 대연동,2**,월세,70.04,300,40,2017,진남로34번길,detatched_multiFamily
부산광역시 남구 대연동,9**,월세,70.46,2000,40,,유엔평화로22번길,detatched_multiFamily
부산광역시 남구 대연동,1***,월세,70.74,0,25,1985,수영로219번길,detatched_multiFamily
부산광역시 남구 대연동,1***,전세,70.9,11000,0,,천제등로24번길,detatched_multiFamily
부산광역시 남구 대연동,1***,월세,71.24,5000,30,1978,진남로64번길,detatched_multiFamily
부산광역시 남구 대연동,1***,월세,71.52,100,25,1997,못골번영로,detatched_multiFamily
부산광역시 남구 대연동,1***,월세,71.86,3500,5,,진남로,detatched_multiFamily
부산광역시 남구 대연동,3**,월세,71.91,1000,50,1983,수영로250번길,detatched_multiFamily
부산광역시 남구 대연동,1***,월세,71.92,1000,25,1989,진남로,detatched_multiFamily
부산광역시 남구 대연동,1***,전세,72,7500,0,,,detatched_multiFamily
부산광역시 남구 대연동,1***,전세,72.09,12000,0,,천제등로28번길,detatched_multiFamily
부산광역시 남구 대연동,1***,월세,72.42,2000,15,1993,석포로127번길,detatched_multiFamily
부산광역시 남구 대연동,1***,전세,72.51,11000,0,,석포로83번길,detatched_multiFamily
부산광역시 남구 대연동,7**,전세,72.96,12000,0,1999,신선로,detatched_multiFamily
부산광역시 남구 대연동,1***,월세,74.54,2000,25,1987,석포로73번길,detatched_multiFamily
부산광역시 남구 대연동,2**,월세,74.75,1000,15,1984,황령대로353번길,detatched_multiFamily
부산광역시 남구 대연동,1***,전세,74.75,8000,0,,석포로83번길,detatched_multiFamily
부산광역시 남구 대연동,1***,전세,75.44,4000,0,2010,못골번영로40번길,detatched_multiFamily
부산광역시 남구 대연동,1***,전세,75.44,4000,0,2010,못골번영로40번길,detatched_multiFamily
부산광역시 남구 대연동,1***,전세,75.44,4000,0,2010,못골번영로40번길,detatched_multiFamily
부산광역시 남구 대연동,1***,전세,76.15,3000,0,1994,석포로127번길,detatched_multiFamily
부산광역시 남구 대연동,1***,월세,76.51,100,30,2014,진남로64번길,detatched_multiFamily
부산광역시 남구 대연동,5**,월세,76.66,14000,10,1978,,detatched_multiFamily
부산광역시 남구 대연동,8**,월세,76.7,7000,30,,용소로64번길,detatched_multiFamily
부산광역시 남구 대연동,1***,전세,77.42,5000,0,1976,유엔로96번길,detatched_multiFamily
부산광역시 남구 대연동,2**,전세,78.2,18000,0,2012,진남로36번길,detatched_multiFamily
부산광역시 남구 대연동,1***,전세,79.14,8000,0,1997,진남로,detatched_multiFamily
부산광역시 남구 대연동,5*,월세,79.18,1000,40,2014,수영로334번길,detatched_multiFamily
부산광역시 남구 대연동,1***,전세,80.35,4500,0,1975,석포로,detatched_multiFamily
부산광역시 남구 대연동,2**,월세,80.56,3500,50,1978,못골번영로72번길,detatched_multiFamily
부산광역시 남구 대연동,1***,전세,80.72,20000,0,1985,진남로96번가길,detatched_multiFamily
부산광역시 남구 대연동,1***,월세,80.85,1100,20,1986,진남로,detatched_multiFamily
부산광역시 남구 대연동,8**,월세,80.88,500,45,2002,유엔평화로41번길,detatched_multiFamily
부산광역시 남구 대연동,1***,월세,82.64,0,40,1973,유엔로137번길,detatched_multiFamily
부산광역시 남구 대연동,2**,월세,82.8,100,30,2008,못골번영로46번길,detatched_multiFamily
부산광역시 남구 대연동,2**,전세,82.8,3000,0,2008,못골번영로46번길,detatched_multiFamily
부산광역시 남구 대연동,2**,월세,82.94,100,30,2008,진남로30번길,detatched_multiFamily
부산광역시 남구 대연동,8**,월세,83.56,2000,50,1987,유엔평화로29번길,detatched_multiFamily
부산광역시 남구 대연동,2**,전세,84,26000,0,2017,진남로29번길,detatched_multiFamily
부산광역시 남구 대연동,8**,월세,84.51,2000,45,1989,유엔평화로41번길,detatched_multiFamily
부산광역시 남구 대연동,1***,월세,84.6,300,20,1990,진남로,detatched_multiFamily
부산광역시 남구 대연동,3**,월세,85.5,300,35,2010,,detatched_multiFamily
부산광역시 남구 대연동,1***,월세,85.6,200,28,2014,진남로64번길,detatched_multiFamily
부산광역시 남구 대연동,1***,월세,85.8,1000,33,1989,유엔평화로9번길,detatched_multiFamily
부산광역시 남구 대연동,1***,월세,85.88,100,37,2008,,detatched_multiFamily
부산광역시 남구 대연동,1***,전세,85.88,4000,0,2008,못골번영로39번길,detatched_multiFamily
부산광역시 남구 대연동,1***,전세,85.88,3000,0,2008,못골번영로39번길,detatched_multiFamily
부산광역시 남구 대연동,1***,전세,85.88,4000,0,2008,못골번영로39번길,detatched_multiFamily
부산광역시 남구 대연동,1***,월세,86.4,1000,25,1991,진남로153번길,detatched_multiFamily
부산광역시 남구 대연동,1***,월세,89.02,12000,10,1982,못골로,detatched_multiFamily
부산광역시 남구 대연동,9**,전세,90.03,12000,0,1997,유엔로,detatched_multiFamily
부산광역시 남구 대연동,1***,월세,90.15,4000,40,1987,석포로73번길,detatched_multiFamily
부산광역시 남구 대연동,1***,월세,90.26,2000,50,1988,진남로154번길,detatched_multiFamily
부산광역시 남구 대연동,8**,월세,90.36,2000,90,,천제등로38번길,detatched_multiFamily
부산광역시 남구 대연동,1***,월세,90.59,300,35,2010,진남로69번길,detatched_multiFamily
부산광역시 남구 대연동,1***,월세,90.59,500,35,2010,진남로69번길,detatched_multiFamily
부산광역시 남구 대연동,2**,월세,91.01,200,30,2008,못골번영로46번길,detatched_multiFamily
부산광역시 남구 대연동,1***,월세,91.68,5000,50,1987,못골번영로72번길,detatched_multiFamily
부산광역시 남구 대연동,1***,전세,92.41,20000,0,2021,진남로64번길,detatched_multiFamily
부산광역시 남구 대연동,1***,월세,93.47,1000,25,1988,진남로,detatched_multiFamily
부산광역시 남구 대연동,1***,월세,94.66,200,50,1996,못골번영로,detatched_multiFamily
부산광역시 남구 대연동,5**,월세,94.88,2000,50,2010,수영로266번길,detatched_multiFamily
부산광역시 남구 대연동,8**,전세,95.82,20000,0,2013,,detatched_multiFamily
부산광역시 남구 대연동,1***,전세,95.83,20000,0,2002,유엔로137번길,detatched_multiFamily
부산광역시 남구 대연동,1***,전세,95.83,20000,0,,유엔로137번길,detatched_multiFamily
부산광역시 남구 대연동,6*,전세,97.11,5000,0,2006,,detatched_multiFamily
부산광역시 남구 대연동,1***,전세,97.9,3000,0,1992,진남로,detatched_multiFamily
부산광역시 남구 대연동,1***,월세,98.18,1000,58,1977,진남로96번가길,detatched_multiFamily
부산광역시 남구 대연동,1***,월세,98.46,500,23,1991,못골로69번길,detatched_multiFamily
부산광역시 남구 대연동,1***,월세,99.22,100,15,1987,유엔로108번길,detatched_multiFamily
부산광역시 남구 대연동,5*,월세,99.48,500,36,2001,용소로19번길,detatched_multiFamily
부산광역시 남구 대연동,1***,월세,100.23,5000,20,1987,진남로,detatched_multiFamily
부산광역시 남구 대연동,4*,월세,100.64,1000,22,2002,,detatched_multiFamily
부산광역시 남구 대연동,1***,월세,101.82,3500,35,1994,못골로41번길,detatched_multiFamily
부산광역시 남구 대연동,1***,월세,102.56,300,28,2010,못골번영로40번길,detatched_multiFamily
부산광역시 남구 대연동,1***,월세,102.56,200,27,2010,못골번영로40번길,detatched_multiFamily
부산광역시 남구 대연동,1***,전세,105,4000,0,,전선등로71번길,detatched_multiFamily
부산광역시 남구 대연동,1***,월세,106.01,3000,50,1986,진남로46번길,detatched_multiFamily
부산광역시 남구 대연동,3*,월세,108.06,12000,40,1981,수영로358번길,detatched_multiFamily
부산광역시 남구 대연동,1***,월세,108.53,200,33,2010,못골로69번길,detatched_multiFamily
부산광역시 남구 대연동,8**,월세,109.24,7500,20,2018,유엔평화로47번길,detatched_multiFamily
부산광역시 남구 대연동,8**,월세,109.24,500,40,2018,유엔평화로47번길,detatched_multiFamily
부산광역시 남구 대연동,8**,월세,109.88,2000,20,2010,유엔평화로47번길,detatched_multiFamily
부산광역시 남구 대연동,8**,월세,109.88,300,28,2010,유엔평화로47번길,detatched_multiFamily
부산광역시 남구 대연동,8**,월세,110.06,4000,10,2010,유엔평화로47번길,detatched_multiFamily
부산광역시 남구 대연동,1***,월세,110.2,700,32,2008,못골번영로40번길,detatched_multiFamily
부산광역시 남구 대연동,1***,월세,110.2,200,35,2008,못골번영로40번길,detatched_multiFamily
부산광역시 남구 대연동,1***,월세,112.67,1000,30,,못골번영로,detatched_multiFamily
부산광역시 남구 대연동,5**,월세,112.95,3000,47,2020,용소로34번길,detatched_multiFamily
부산광역시 남구 대연동,5**,월세,112.95,2000,48,2020,용소로34번길,detatched_multiFamily
부산광역시 남구 대연동,5**,전세,112.95,9000,0,2020,용소로34번길,detatched_multiFamily
부산광역시 남구 대연동,1***,월세,115.42,500,43,2017,유엔평화로17번길,detatched_multiFamily
부산광역시 남구 대연동,1***,월세,116,8000,38,1994,천제등로28번길,detatched_multiFamily
부산광역시 남구 대연동,1***,월세,116.2,300,40,2017,진남로69번길,detatched_multiFamily
부산광역시 남구 대연동,1***,월세,116.2,300,40,2017,진남로69번길,detatched_multiFamily
부산광역시 남구 대연동,1***,월세,116.2,3000,13,2017,진남로69번길,detatched_multiFamily
부산광역시 남구 대연동,1***,월세,116.2,500,35,2017,진남로69번길,detatched_multiFamily
부산광역시 남구 대연동,1***,전세,116.2,6000,0,2017,진남로69번길,detatched_multiFamily
부산광역시 남구 대연동,9**,월세,121.25,200,45,2018,유엔평화로28번길,detatched_multiFamily
부산광역시 남구 대연동,1***,월세,121.35,100,26,2017,못골로53번길,detatched_multiFamily
부산광역시 남구 대연동,1***,월세,121.35,2000,27,2017,못골로53번길,detatched_multiFamily
부산광역시 남구 대연동,1***,월세,121.35,200,39,2017,못골로53번길,detatched_multiFamily
부산광역시 남구 대연동,1***,월세,124.17,300,30,2010,못골로69번길,detatched_multiFamily
부산광역시 남구 대연동,1***,월세,124.17,500,30,2010,못골로69번길,detatched_multiFamily
부산광역시 남구 대연동,2**,월세,126.39,2000,25,2017,진남로29번길,detatched_multiFamily
부산광역시 남구 대연동,6**,월세,127.12,100,32,2008,유엔로183번길,detatched_multiFamily
부산광역시 남구 대연동,1***,월세,129.28,500,29,2008,유엔로183번길,detatched_multiFamily
부산광역시 남구 대연동,5**,월세,133.55,1000,30,2010,수영로266번길,detatched_multiFamily
부산광역시 남구 대연동,1***,전세,134.38,15000,0,1994,못골번영로40번길,detatched_multiFamily
부산광역시 남구 대연동,6**,월세,134.48,3000,22,2008,유엔로157번가길,detatched_multiFamily
부산광역시 남구 대연동,6**,월세,134.48,500,32,2008,유엔로157번가길,detatched_multiFamily
부산광역시 남구 대연동,1***,월세,138,3200,8,1993,천제등로28번길,detatched_multiFamily
부산광역시 남구 대연동,9**,월세,140.87,500,50,2020,유엔평화로22번길,detatched_multiFamily
부산광역시 남구 대연동,5**,월세,146.83,300,37,2007,유엔평화로29번길,detatched_multiFamily
부산광역시 남구 대연동,5**,월세,146.83,500,32,2007,유엔평화로29번길,detatched_multiFamily
부산광역시 남구 대연동,8**,월세,148.54,150,35,2009,유엔평화로41번길,detatched_multiFamily
부산광역시 남구 대연동,1***,월세,149.24,100,33,2007,유엔평화로3번길,detatched_multiFamily
부산광역시 남구 대연동,6**,월세,149.42,1000,38,2007,용소로64번길,detatched_multiFamily
부산광역시 남구 대연동,1***,월세,154.41,300,34,2017,진남로69번길,detatched_multiFamily
부산광역시 남구 대연동,1***,월세,157.72,500,42,2012,진남로64번길,detatched_multiFamily
부산광역시 남구 대연동,1***,전세,202,4000,0,1974,진남로46번길,detatched_multiFamily
부산광역시 남구 대연동,2**,전세,205.26,25000,0,2021,황령대로353번길,detatched_multiFamily
부산광역시 남구 문현동,7**,월세,11,0,25,,자유평화로57번길,detatched_multiFamily
부산광역시 남구 문현동,5**,월세,13,300,18,1985,황령대로90번길,detatched_multiFamily
부산광역시 남구 문현동,5**,월세,13,100,15,,황령대로90번길,detatched_multiFamily
부산광역시 남구 문현동,3**,월세,13.2,150,12,,지게골로,detatched_multiFamily
부산광역시 남구 문현동,1**,월세,13.22,200,12,1986,고동골로28번길,detatched_multiFamily
부산광역시 남구 문현동,6**,월세,14,1500,10,1985,전포대로92번나길,detatched_multiFamily
부산광역시 남구 문현동,5**,월세,15,300,10,1983,고동골로,detatched_multiFamily
부산광역시 남구 문현동,5**,월세,15,1500,15,,전포대로78번길,detatched_multiFamily
부산광역시 남구 문현동,2**,월세,15,200,37,2010,고동골로18번길,detatched_multiFamily
부산광역시 남구 문현동,6**,월세,15,500,20,1985,황령대로90번가길,detatched_multiFamily
부산광역시 남구 문현동,2**,월세,15,100,44,2010,고동골로18번길,detatched_multiFamily
부산광역시 남구 문현동,7**,월세,16.74,300,10,1985,문현금융로,detatched_multiFamily
부산광역시 남구 문현동,5**,월세,17,1000,15,,황령대로90번길,detatched_multiFamily
부산광역시 남구 문현동,5**,월세,18,0,15,1978,황령대로90번다길,detatched_multiFamily
부산광역시 남구 문현동,2**,전세,19.8,3900,0,2010,고동골로18번길,detatched_multiFamily
부산광역시 남구 문현동,6*,월세,19.83,1000,15,1980,진남로206번길,detatched_multiFamily
부산광역시 남구 문현동,1**,월세,20,300,27,,문현로66번길,detatched_multiFamily
부산광역시 남구 문현동,6**,월세,20,1000,5,,황령대로90번가길,detatched_multiFamily
부산광역시 남구 문현동,5**,전세,20,2000,0,1971,고동골로69번길,detatched_multiFamily
부산광역시 남구 문현동,5**,전세,20,2000,0,,황령대로74번길,detatched_multiFamily
부산광역시 남구 문현동,2**,월세,20.3,100,30,2012,수영로69번길,detatched_multiFamily
부산광역시 남구 문현동,2**,월세,21.84,200,40,2021,고동골로18번길,detatched_multiFamily
부산광역시 남구 문현동,6**,월세,23,150,16,,황령대로90번가길,detatched_multiFamily
부산광역시 남구 문현동,7*,월세,23.14,2000,15,,진남로188번길,detatched_multiFamily
부산광역시 남구 문현동,7**,월세,23.14,1000,20,1971,남동천로78번길,detatched_multiFamily
부산광역시 남구 문현동,1**,월세,23.14,500,35,,고동골로28번길,detatched_multiFamily
부산광역시 남구 문현동,7**,월세,23.14,1000,10,1968,전포대로67번길,detatched_multiFamily
부산광역시 남구 문현동,2**,월세,23.85,300,40,2021,고동골로18번길,detatched_multiFamily
부산광역시 남구 문현동,2**,전세,25,4500,0,2010,고동골로18번길,detatched_multiFamily
부산광역시 남구 문현동,3**,월세,25.93,10000,5,2020,지게골로,detatched_multiFamily
부산광역시 남구 문현동,2**,월세,26,300,10,1975,수영로65번길,detatched_multiFamily
부산광역시 남구 문현동,2**,월세,26,500,40,2021,고동골로18번길,detatched_multiFamily
부산광역시 남구 문현동,2**,월세,26,500,29,2010,고동골로4번길,detatched_multiFamily
부산광역시 남구 문현동,2**,월세,26,100,29,2010,고동골로4번길,detatched_multiFamily
부산광역시 남구 문현동,2**,월세,26.05,500,15,1968,수영로49번길,detatched_multiFamily
부산광역시 남구 문현동,2**,전세,26.22,2195,0,1985,수영로69번가길,detatched_multiFamily
부산광역시 남구 문현동,2**,월세,26.4,2500,20,2010,고동골로18번길,detatched_multiFamily
부산광역시 남구 문현동,5**,전세,26.4,3000,0,,전포대로92번가길,detatched_multiFamily
부산광역시 남구 문현동,산7*,월세,26.44,20,20,,진남로198번가길,detatched_multiFamily
부산광역시 남구 문현동,2**,월세,26.45,300,15,1985,수영로51번길,detatched_multiFamily
부산광역시 남구 문현동,1***,월세,27,3000,20,,장고개로,detatched_multiFamily
부산광역시 남구 문현동,2**,월세,27.03,500,49,2012,수영로69번길,detatched_multiFamily
부산광역시 남구 문현동,4*,전세,27.04,3000,0,1985,고동골로,detatched_multiFamily
부산광역시 남구 문현동,2**,월세,28,20,20,1985,수영로49번가길,detatched_multiFamily
부산광역시 남구 문현동,5**,월세,29.25,300,30,1985,황령대로90번길,detatched_multiFamily
부산광역시 남구 문현동,5**,전세,29.25,2500,0,1985,황령대로90번길,detatched_multiFamily
부산광역시 남구 문현동,2**,월세,29.92,100,20,2003,수영로69번길,detatched_multiFamily
부산광역시 남구 문현동,5*,월세,30,2000,30,1986,,detatched_multiFamily
부산광역시 남구 문현동,6**,월세,30,1000,17,,전포대로92번나길,detatched_multiFamily
부산광역시 남구 문현동,5**,월세,31.2,500,40,1991,전포대로110번길,detatched_multiFamily
부산광역시 남구 문현동,*,월세,31.8,200,15,1984,고동골로69번길,detatched_multiFamily
부산광역시 남구 문현동,7**,월세,32.1,300,22,1985,전포대로77번길,detatched_multiFamily
부산광역시 남구 문현동,8*,월세,33,2000,20,1988,진남로188번길,detatched_multiFamily
부산광역시 남구 문현동,7*,월세,33,500,15,1996,진남로198번길,detatched_multiFamily
부산광역시 남구 문현동,1**,전세,33,3000,0,1991,,detatched_multiFamily
부산광역시 남구 문현동,4**,전세,33,2000,0,1974,고동골로47번가길,detatched_multiFamily
부산광역시 남구 문현동,산7*,월세,33.05,200,20,1987,진남로188번나길,detatched_multiFamily
부산광역시 남구 문현동,산7*,월세,33.05,200,20,1987,진남로188번나길,detatched_multiFamily
부산광역시 남구 문현동,8*,월세,33.05,100,20,1989,진남로188번길,detatched_multiFamily
부산광역시 남구 문현동,5*,월세,33.05,200,25,1985,진남로216번길,detatched_multiFamily
부산광역시 남구 문현동,8*,월세,33.05,500,28,1988,진남로188번길,detatched_multiFamily
부산광역시 남구 문현동,2**,월세,33.06,4000,10,2016,문현로,detatched_multiFamily
부산광역시 남구 문현동,5**,월세,33.06,100,17,1985,고동골로59번길,detatched_multiFamily
부산광역시 남구 문현동,2**,월세,33.06,200,25,1983,수영로49번길,detatched_multiFamily
부산광역시 남구 문현동,5**,전세,35.1,3000,0,1985,전포대로78번길,detatched_multiFamily
부산광역시 남구 문현동,2**,월세,35.52,1000,33,,수영로39번가길,detatched_multiFamily
부산광역시 남구 문현동,2**,월세,35.52,1500,32,1990,수영로39번가길,detatched_multiFamily
부산광역시 남구 문현동,4**,월세,36,3000,25,1987,고동골로59번길,detatched_multiFamily
부산광역시 남구 문현동,7**,월세,36,500,25,1971,전포대로77번길,detatched_multiFamily
부산광역시 남구 문현동,5**,전세,36.36,5000,0,1983,고동골로69번길,detatched_multiFamily
부산광역시 남구 문현동,5**,전세,36.36,5000,0,1983,고동골로69번길,detatched_multiFamily
부산광역시 남구 문현동,9*,월세,37.1,1000,20,1993,진남로165번가길,detatched_multiFamily
부산광역시 남구 문현동,2**,월세,37.17,2500,20,1974,수영로,detatched_multiFamily
부산광역시 남구 문현동,2**,월세,37.17,2500,20,1974,수영로,detatched_multiFamily
부산광역시 남구 문현동,5*,월세,38.01,100,16,2001,고동골로,detatched_multiFamily
부산광역시 남구 문현동,1**,월세,38.16,4500,13,1986,고동골로72번길,detatched_multiFamily
부산광역시 남구 문현동,산7*,월세,39.6,150,15,,진남로188번나길,detatched_multiFamily
부산광역시 남구 문현동,2**,월세,39.6,500,20,1985,수영로,detatched_multiFamily
부산광역시 남구 문현동,5**,월세,39.67,200,12,1975,고동골로69번길,detatched_multiFamily
부산광역시 남구 문현동,2**,월세,39.67,300,15,1998,수영로69번가길,detatched_multiFamily
부산광역시 남구 문현동,5**,월세,39.67,300,11,1983,고동골로69번가길,detatched_multiFamily
부산광역시 남구 문현동,4*,전세,39.69,3500,0,1992,진남로207번길,detatched_multiFamily
부산광역시 남구 문현동,1**,월세,40,2000,20,,수영로39번가길,detatched_multiFamily
부산광역시 남구 문현동,5**,월세,40,200,15,,고동골로69번길,detatched_multiFamily
부산광역시 남구 문현동,6**,전세,40,5000,0,,전포대로122번길,detatched_multiFamily
부산광역시 남구 문현동,1**,월세,40.3,2000,30,1977,문현로36번길,detatched_multiFamily
부산광역시 남구 문현동,1**,월세,40.3,2000,30,1977,문현로36번길,detatched_multiFamily
부산광역시 남구 문현동,2**,월세,41.42,500,30,1978,수영로65번길,detatched_multiFamily
부산광역시 남구 문현동,2**,월세,41.92,2000,15,1982,수영로39번가길,detatched_multiFamily
부산광역시 남구 문현동,4**,월세,42,2700,20,1991,수영로13번길,detatched_multiFamily
부산광역시 남구 문현동,3**,월세,42.27,500,25,1985,동제당로,detatched_multiFamily
부산광역시 남구 문현동,2**,월세,42.39,2000,20,1986,수영로39번가길,detatched_multiFamily
부산광역시 남구 문현동,5*,전세,42.88,8000,0,1990,진남로216번길,detatched_multiFamily
부산광역시 남구 문현동,1*,월세,42.97,500,30,1986,고동골로,detatched_multiFamily
부산광역시 남구 문현동,8**,월세,44.1,100,20,,지게골로10번길,detatched_multiFamily
부산광역시 남구 문현동,2**,월세,44.62,200,10,1998,수영로69번나길,detatched_multiFamily
부산광역시 남구 문현동,2**,월세,45,3000,25,2012,수영로69번길,detatched_multiFamily
부산광역시 남구 문현동,8**,월세,45,6000,13,1977,장고개로,detatched_multiFamily
부산광역시 남구 문현동,9**,월세,45.02,500,25,,우암로362번길,detatched_multiFamily
부산광역시 남구 문현동,4**,월세,45.22,2000,30,2000,수영로13번길,detatched_multiFamily
부산광역시 남구 문현동,1**,월세,45.6,3000,20,1977,수영로39번나길,detatched_multiFamily
부산광역시 남구 문현동,9**,월세,46.28,2000,10,2007,장고개로101번길,detatched_multiFamily
부산광역시 남구 문현동,2**,월세,46.28,500,20,2002,수영로69번나길,detatched_multiFamily
부산광역시 남구 문현동,7*,월세,46.28,0,10,,진남로220번나길,detatched_multiFamily
부산광역시 남구 문현동,2**,월세,46.66,1700,15,1988,수영로65번길,detatched_multiFamily
부산광역시 남구 문현동,6**,월세,47,2000,25,,전포대로92번나길,detatched_multiFamily
부산광역시 남구 문현동,2**,월세,47.12,2000,30,1986,수영로39번가길,detatched_multiFamily
부산광역시 남구 문현동,6**,월세,47.21,1000,25,1990,황령대로74번길,detatched_multiFamily
부산광역시 남구 문현동,5**,월세,47.36,500,30,1993,전포대로92번나길,detatched_multiFamily
부산광역시 남구 문현동,1**,전세,47.87,5000,0,1976,수영로39번나길,detatched_multiFamily
부산광역시 남구 문현동,6**,전세,48.18,4500,0,,황령대로90번가길,detatched_multiFamily
부산광역시 남구 문현동,5*,월세,48.88,1000,16,1992,진남로,detatched_multiFamily
부산광역시 남구 문현동,5**,월세,49.26,5000,20,,황령대로90번길,detatched_multiFamily
부산광역시 남구 문현동,5**,월세,49.26,5000,20,1995,황령대로90번길,detatched_multiFamily
부산광역시 남구 문현동,1**,월세,49.26,2000,30,1978,고동골로36번가길,detatched_multiFamily
부산광역시 남구 문현동,1**,월세,49.5,2000,35,1987,고동골로36번길,detatched_multiFamily
부산광역시 남구 문현동,5**,월세,49.58,0,30,1985,황령대로90번길,detatched_multiFamily
부산광역시 남구 문현동,2**,월세,49.59,5000,15,1975,지게골로,detatched_multiFamily
부산광역시 남구 문현동,8*,월세,49.59,1000,28,1987,진남로188번길,detatched_multiFamily
부산광역시 남구 문현동,2**,월세,49.59,1000,10,1981,수영로51번길,detatched_multiFamily
부산광역시 남구 문현동,6*,월세,49.59,500,15,1990,진남로207번길,detatched_multiFamily
부산광역시 남구 문현동,2**,월세,49.59,300,15,1971,수영로65번길,detatched_multiFamily
부산광역시 남구 문현동,4*,월세,49.59,500,20,1995,고동골로125번길,detatched_multiFamily
부산광역시 남구 문현동,7*,월세,49.59,100,15,1987,,detatched_multiFamily
부산광역시 남구 문현동,2**,월세,49.59,500,20,1977,수영로39번길,detatched_multiFamily
부산광역시 남구 문현동,9*,월세,50,2000,20,1993,진남로165번가길,detatched_multiFamily
부산광역시 남구 문현동,1***,월세,50.6,2600,5,1984,장고개로67번길,detatched_multiFamily
부산광역시 남구 문현동,2**,월세,51.67,500,35,1977,수영로39번길,detatched_multiFamily
부산광역시 남구 문현동,2**,월세,52.8,200,27,1969,수영로49번가길,detatched_multiFamily
부산광역시 남구 문현동,4**,월세,52.89,1000,15,1998,전포대로40번가길,detatched_multiFamily
부산광역시 남구 문현동,2**,월세,52.89,1000,30,1984,수영로77번길,detatched_multiFamily
부산광역시 남구 문현동,1***,월세,53,1000,25,1992,장고개로85번길,detatched_multiFamily
부산광역시 남구 문현동,4**,전세,55.18,7000,0,1986,고동골로47번가길,detatched_multiFamily
부산광역시 남구 문현동,3**,월세,56,1000,40,2011,고동골로59번길,detatched_multiFamily
부산광역시 남구 문현동,1**,월세,56.07,1000,30,1978,문현로66번길,detatched_multiFamily
부산광역시 남구 문현동,1***,월세,56.1,500,23,1990,장고개로,detatched_multiFamily
부산광역시 남구 문현동,5*,월세,56.19,200,25,,진남로214번길,detatched_multiFamily
부산광역시 남구 문현동,1**,전세,56.68,8000,0,1977,수영로39번나길,detatched_multiFamily
부산광역시 남구 문현동,4**,월세,58,1500,10,,고동골로59번길,detatched_multiFamily
부산광역시 남구 문현동,1**,전세,58.25,20000,0,1978,고동골로36번길,detatched_multiFamily
부산광역시 남구 문현동,5**,월세,59.5,1000,25,2000,고동골로,detatched_multiFamily
부산광역시 남구 문현동,4*,월세,59.59,4500,10,1993,고동골로,detatched_multiFamily
부산광역시 남구 문현동,2**,전세,60.5,15000,0,2016,문현로,detatched_multiFamily
부산광역시 남구 문현동,1***,월세,60.95,500,20,1983,장고개로85번길,detatched_multiFamily
부산광역시 남구 문현동,6**,월세,61,1000,28,2000,전포대로110번길,detatched_multiFamily
부산광역시 남구 문현동,2**,전세,62.01,4000,0,,수영로39번가길,detatched_multiFamily
부산광역시 남구 문현동,6*,월세,62.1,2000,20,,,detatched_multiFamily
부산광역시 남구 문현동,9**,전세,63.78,4300,0,1986,,detatched_multiFamily
부산광역시 남구 문현동,5**,전세,64.24,3500,0,1995,고동골로97번길,detatched_multiFamily
부산광역시 남구 문현동,1**,월세,64.36,4000,30,1977,수영로39번나길,detatched_multiFamily
부산광역시 남구 문현동,1*,월세,65.45,3000,10,1974,고동골로111번길,detatched_multiFamily
부산광역시 남구 문현동,5**,월세,66,800,24,1991,황령대로90번길,detatched_multiFamily
부산광역시 남구 문현동,7*,월세,66,1000,40,1987,진남로188번길,detatched_multiFamily
부산광역시 남구 문현동,5**,전세,66,10000,0,1996,전포대로92번다길,detatched_multiFamily
부산광역시 남구 문현동,5**,전세,66,10000,0,1996,,detatched_multiFamily
부산광역시 남구 문현동,8*,월세,66.11,500,20,,,detatched_multiFamily
부산광역시 남구 문현동,7**,월세,66.12,4000,10,,전포대로67번길,detatched_multiFamily
부산광역시 남구 문현동,2**,월세,66.64,2000,20,1982,수영로39번가길,detatched_multiFamily
부산광역시 남구 문현동,1**,월세,67.23,2000,25,1990,문현로66번길,detatched_multiFamily
부산광역시 남구 문현동,2**,월세,69.29,1000,45,1986,수영로39번가길,detatched_multiFamily
부산광역시 남구 문현동,2**,월세,69.29,3000,30,1986,수영로39번가길,detatched_multiFamily
부산광역시 남구 문현동,5*,월세,69.4,2000,30,,진남로220번길,detatched_multiFamily
부산광역시 남구 문현동,2**,월세,69.71,3000,30,2012,지게골로,detatched_multiFamily
부산광역시 남구 문현동,5**,월세,70,1000,20,,황령대로90번길,detatched_multiFamily
부산광역시 남구 문현동,2**,월세,72.73,2000,10,1985,수영로77번길,detatched_multiFamily
부산광역시 남구 문현동,9*,월세,76.03,5000,10,1993,진남로165번가길,detatched_multiFamily
부산광역시 남구 문현동,1**,월세,76.48,4000,20,1986,진남로207번길,detatched_multiFamily
부산광역시 남구 문현동,1**,월세,76.69,2000,60,2003,고동골로78번길,detatched_multiFamily
부산광역시 남구 문현동,2**,월세,82.64,200,25,,수영로49번길,detatched_multiFamily
부산광역시 남구 문현동,2**,월세,82.64,400,20,1985,수영로49번가길,detatched_multiFamily
부산광역시 남구 문현동,1**,전세,82.64,6000,0,1978,문현로23번길,detatched_multiFamily
부산광역시 남구 문현동,6*,월세,83.71,3000,30,2000,진남로210번길,detatched_multiFamily
부산광역시 남구 문현동,8**,전세,83.76,10000,0,,우암로374번길,detatched_multiFamily
부산광역시 남구 문현동,9*,월세,84.08,1500,25,1993,진남로165번가길,detatched_multiFamily
부산광역시 남구 문현동,9*,월세,85.82,1000,55,1983,문현로,detatched_multiFamily
부산광역시 남구 문현동,5**,월세,85.95,500,17,1992,고동골로69번길,detatched_multiFamily
부산광역시 남구 문현동,4**,월세,85.95,300,30,1993,수영로13번길,detatched_multiFamily
부산광역시 남구 문현동,3**,월세,88.61,2000,18,2011,고동골로59번길,detatched_multiFamily
부산광역시 남구 문현동,3**,전세,88.61,3500,0,2011,고동골로59번길,detatched_multiFamily
부산광역시 남구 문현동,9*,월세,89.26,1000,40,1988,진남로165번가길,detatched_multiFamily
부산광역시 남구 문현동,9*,월세,89.26,1000,40,1988,진남로165번가길,detatched_multiFamily
부산광역시 남구 문현동,1**,월세,89.26,10000,30,2018,문현로36번길,detatched_multiFamily
부산광역시 남구 문현동,4*,월세,90.51,500,20,1995,고동골로125번길,detatched_multiFamily
부산광역시 남구 문현동,7**,월세,91.3,500,40,1985,문현금융로,detatched_multiFamily
부산광역시 남구 문현동,5**,월세,94.69,2500,3,1983,고동골로,detatched_multiFamily
부산광역시 남구 문현동,5**,전세,94.69,3000,0,1983,고동골로,detatched_multiFamily
부산광역시 남구 문현동,4**,월세,106.06,4000,35,2000,수영로13번길,detatched_multiFamily
부산광역시 남구 문현동,2**,월세,107.66,5000,66,2019,지게골로,detatched_multiFamily
부산광역시 남구 문현동,6**,월세,109.21,1000,50,1994,황령대로74번길,detatched_multiFamily
부산광역시 남구 문현동,1*,월세,109.66,200,20,1969,고동골로111번길,detatched_multiFamily
부산광역시 남구 문현동,4**,전세,110.55,6000,0,1975,수영로13번길,detatched_multiFamily
부산광역시 남구 문현동,4**,전세,127.53,10000,0,1976,수영로13번길,detatched_multiFamily
부산광역시 남구 문현동,5**,전세,146,8000,0,1995,황령대로90번길,detatched_multiFamily
부산광역시 남구 문현동,3**,월세,149,2000,50,,지게골로,detatched_multiFamily
부산광역시 남구 문현동,9*,월세,198.47,15000,30,1997,문현로,detatched_multiFamily
부산광역시 남구 문현동,9*,월세,216.5,1000,30,1989,진남로165번가길,detatched_multiFamily
부산광역시 남구 용당동,1**,월세,21.26,300,20,,신선로319번길,detatched_multiFamily
부산광역시 남구 용당동,5**,월세,28,500,40,2010,유엔평화로,detatched_multiFamily
부산광역시 남구 용당동,2**,월세,33.06,300,20,,신선로337번길,detatched_multiFamily
부산광역시 남구 용당동,3**,월세,50.25,3000,30,1971,신선로337번길,detatched_multiFamily
부산광역시 남구 용당동,3**,월세,50.25,4000,20,1971,신선로337번길,detatched_multiFamily
부산광역시 남구 용당동,5**,전세,133.65,40000,0,1988,유엔평화로153번길,detatched_multiFamily
부산광역시 남구 용호동,5**,월세,13,200,12,1976,동명로158번길,detatched_multiFamily
부산광역시 남구 용호동,3*,월세,13,500,36,2016,용호로76번길,detatched_multiFamily
부산광역시 남구 용호동,7*,월세,13.22,500,29,1997,용호로110번길,detatched_multiFamily
부산광역시 남구 용호동,5**,월세,14.44,500,20,1986,동명로152번길,detatched_multiFamily
부산광역시 남구 용호동,2**,월세,15,300,20,1992,동명로101번길,detatched_multiFamily
부산광역시 남구 용호동,2**,월세,15,100,13,1980,용호로42번길,detatched_multiFamily
부산광역시 남구 용호동,4**,월세,16,1500,25,1992,용호로42번길,detatched_multiFamily
부산광역시 남구 용호동,4**,월세,16.53,0,13,1978,동명로118번길,detatched_multiFamily
부산광역시 남구 용호동,4**,월세,16.53,200,14,1986,동명로132번길,detatched_multiFamily
부산광역시 남구 용호동,4**,월세,18,100,15,1984,동명로118번길,detatched_multiFamily
부산광역시 남구 용호동,4**,월세,18,200,26,1991,동명로118번길,detatched_multiFamily
부산광역시 남구 용호동,3**,월세,18,0,20,1977,동명로117번길,detatched_multiFamily
부산광역시 남구 용호동,2**,월세,19,500,38,2012,동명로101번길,detatched_multiFamily
부산광역시 남구 용호동,4**,월세,19.18,200,12,1986,동명로132번길,detatched_multiFamily
부산광역시 남구 용호동,4*,월세,19.27,200,17,,동명로101번다길,detatched_multiFamily
부산광역시 남구 용호동,3**,월세,19.8,0,20,1990,동명로163번길,detatched_multiFamily
부산광역시 남구 용호동,9*,월세,19.83,1000,13,1992,용호로,detatched_multiFamily
부산광역시 남구 용호동,9*,월세,19.83,1000,13,1992,용호로106번길,detatched_multiFamily
부산광역시 남구 용호동,5**,월세,19.83,100,30,1988,용호로216번가길,detatched_multiFamily
부산광역시 남구 용호동,4**,월세,19.83,200,20,1979,동명로100번길,detatched_multiFamily
부산광역시 남구 용호동,8*,월세,20,200,20,1984,용호로,detatched_multiFamily
부산광역시 남구 용호동,4**,월세,21,300,18,1989,동명로125번길,detatched_multiFamily
부산광역시 남구 용호동,5**,월세,22,2000,13,2011,용호로252번길,detatched_multiFamily
부산광역시 남구 용호동,4**,전세,23.1,2000,0,1978,동명로112번길,detatched_multiFamily
부산광역시 남구 용호동,4**,전세,23.1,2000,0,1978,동명로112번길,detatched_multiFamily
부산광역시 남구 용호동,6**,월세,23.14,300,30,1990,동명로118번길,detatched_multiFamily
부산광역시 남구 용호동,4**,월세,23.14,100,19,1989,동명로125번길,detatched_multiFamily
부산광역시 남구 용호동,2**,월세,24,50,15,1985,용호로42번길,detatched_multiFamily
부산광역시 남구 용호동,6**,월세,24.03,1000,47,2019,동명로118번가길,detatched_multiFamily
부산광역시 남구 용호동,4**,월세,25,100,17,1978,동명로118번길,detatched_multiFamily
부산광역시 남구 용호동,4*,월세,25.54,2300,7,2021,동명로101번다길,detatched_multiFamily
부산광역시 남구 용호동,4*,월세,25.54,100,14,2021,동명로101번다길,detatched_multiFamily
부산광역시 남구 용호동,4*,월세,25.54,1760,6,2021,동명로101번다길,detatched_multiFamily
부산광역시 남구 용호동,4*,월세,25.54,2220,7,2021,동명로101번다길,detatched_multiFamily
부산광역시 남구 용호동,4*,월세,25.54,200,17,2021,동명로101번다길,detatched_multiFamily
부산광역시 남구 용호동,8*,월세,25.79,300,25,1977,용호로,detatched_multiFamily
부산광역시 남구 용호동,4**,월세,26.4,1600,8,1978,동명로112번길,detatched_multiFamily
부산광역시 남구 용호동,5**,월세,26.44,300,41,1980,용호로,detatched_multiFamily
부산광역시 남구 용호동,4**,월세,26.44,1000,10,1984,용호로178번길,detatched_multiFamily
부산광역시 남구 용호동,4**,월세,26.44,300,15,1989,용호로42번길,detatched_multiFamily
부산광역시 남구 용호동,7**,월세,26.44,500,20,1990,용호로160번길,detatched_multiFamily
부산광역시 남구 용호동,5**,월세,26.45,300,35,2011,용호로252번길,detatched_multiFamily
부산광역시 남구 용호동,5**,월세,26.45,100,18,1979,용호로252번길,detatched_multiFamily
부산광역시 남구 용호동,5**,전세,26.45,1000,0,1974,용주로22번길,detatched_multiFamily
부산광역시 남구 용호동,5**,전세,26.45,2700,0,1974,용주로30번길,detatched_multiFamily
부산광역시 남구 용호동,5**,월세,27.27,1000,20,1978,동명로158번길,detatched_multiFamily
부산광역시 남구 용호동,5*,월세,27.59,100,18,2020,동명로105번길,detatched_multiFamily
부산광역시 남구 용호동,9*,월세,28.16,500,30,1991,용호로106번길,detatched_multiFamily
부산광역시 남구 용호동,3**,월세,30,500,20,1984,동명로164번길,detatched_multiFamily
부산광역시 남구 용호동,3**,월세,30,200,15,1984,동명로176번길,detatched_multiFamily
부산광역시 남구 용호동,6**,월세,30,500,30,1978,동명로118번길,detatched_multiFamily
부산광역시 남구 용호동,5**,월세,30.5,200,15,2011,용호로216번길,detatched_multiFamily
부산광역시 남구 용호동,4**,월세,30.96,1200,5,1978,동명로112번길,detatched_multiFamily
부산광역시 남구 용호동,1**,월세,32,100,20,1973,용호로,detatched_multiFamily
부산광역시 남구 용호동,4**,월세,33,1000,25,1995,동명로105번길,detatched_multiFamily
부산광역시 남구 용호동,1**,월세,33,500,20,1990,용호로90번길,detatched_multiFamily
부산광역시 남구 용호동,4**,전세,33,2500,0,1979,동명로125번길,detatched_multiFamily
부산광역시 남구 용호동,4**,월세,33.05,200,13,1986,동명로132번길,detatched_multiFamily
부산광역시 남구 용호동,5*,월세,33.05,2000,25,1979,동명로105번길,detatched_multiFamily
부산광역시 남구 용호동,3**,월세,33.05,500,10,1977,동명로117번길,detatched_multiFamily
부산광역시 남구 용호동,7*,월세,33.21,354,4,1990,동명로125번길,detatched_multiFamily
부산광역시 남구 용호동,7*,월세,33.3,1000,25,1988,이기대공원로26번길,detatched_multiFamily
부산광역시 남구 용호동,1**,월세,33.3,200,15,2015,용호로42번길,detatched_multiFamily
부산광역시 남구 용호동,2**,전세,33.67,8000,0,2018,용호로42번길,detatched_multiFamily
부산광역시 남구 용호동,2**,전세,33.67,8000,0,2018,용호로42번길,detatched_multiFamily
부산광역시 남구 용호동,3**,월세,33.7,200,25,1988,동명로118번가길,detatched_multiFamily
부산광역시 남구 용호동,5*,월세,34,2000,30,,동명로105번길,detatched_multiFamily
부산광역시 남구 용호동,4**,월세,34.56,500,40,1984,동명로92번길,detatched_multiFamily
부산광역시 남구 용호동,5*,월세,34.73,2000,30,2018,동명로105번길,detatched_multiFamily
부산광역시 남구 용호동,5**,월세,35.7,1000,35,1978,용호로216번가길,detatched_multiFamily
부산광역시 남구 용호동,3**,월세,36,500,25,1984,동명로118번길,detatched_multiFamily
부산광역시 남구 용호동,4**,월세,36,300,20,1986,동명로132번길,detatched_multiFamily
부산광역시 남구 용호동,6*,월세,36.36,3000,10,1991,동명로101번길,detatched_multiFamily
부산광역시 남구 용호동,3**,월세,36.36,200,20,,용호로42번길,detatched_multiFamily
부산광역시 남구 용호동,7**,월세,37,2000,30,1989,용호로160번길,detatched_multiFamily
부산광역시 남구 용호동,2**,월세,39,200,25,1992,용호로42번길,detatched_multiFamily
부산광역시 남구 용호동,1**,월세,39,500,30,1974,용호로42번길,detatched_multiFamily
부산광역시 남구 용호동,9*,월세,39.66,1000,25,1979,용호로106번길,detatched_multiFamily
부산광역시 남구 용호동,4**,월세,39.66,1000,15,1990,동명로92번길,detatched_multiFamily
부산광역시 남구 용호동,3*,월세,39.66,1000,30,1984,동명로105번길,detatched_multiFamily
부산광역시 남구 용호동,9*,월세,39.67,1000,13,1992,용호로106번길,detatched_multiFamily
부산광역시 남구 용호동,4**,월세,39.67,250,28,1992,동명로132번길,detatched_multiFamily
부산광역시 남구 용호동,4**,월세,39.67,500,12,1972,동명로145번다길,detatched_multiFamily
부산광역시 남구 용호동,7*,월세,40,1000,35,1987,동명로117번길,detatched_multiFamily
부산광역시 남구 용호동,3**,월세,40,500,30,1978,동명로101번가길,detatched_multiFamily
부산광역시 남구 용호동,4**,월세,40.12,1000,35,1995,동명로131번길,detatched_multiFamily
부산광역시 남구 용호동,5**,월세,40.2,500,30,1979,동명로169번길,detatched_multiFamily
부산광역시 남구 용호동,3**,전세,40.83,9500,0,,동명로118번가길,detatched_multiFamily
부산광역시 남구 용호동,4**,월세,41.25,50,13,2009,용호로198번길,detatched_multiFamily
부산광역시 남구 용호동,2*,월세,42.42,3000,20,,,detatched_multiFamily
부산광역시 남구 용호동,3*,월세,42.7,500,30,1974,동명로105번길,detatched_multiFamily
부산광역시 남구 용호동,4**,월세,42.9,400,20,1979,동명로100번길,detatched_multiFamily
부산광역시 남구 용호동,6**,월세,42.9,2000,10,,동명로118번가길,detatched_multiFamily
부산광역시 남구 용호동,3*,월세,42.97,300,23,1986,동명로105번길,detatched_multiFamily
부산광역시 남구 용호동,5**,월세,42.98,0,25,1979,용호로252번길,detatched_multiFamily
부산광역시 남구 용호동,4**,월세,43,1000,25,1991,동명로100번길,detatched_multiFamily
부산광역시 남구 용호동,4*,월세,43,1000,35,1997,용호로76번길,detatched_multiFamily
부산광역시 남구 용호동,4*,월세,43,1000,35,1997,용호로76번길,detatched_multiFamily
부산광역시 남구 용호동,3*,월세,43,100,20,1984,동명로105번길,detatched_multiFamily
부산광역시 남구 용호동,4**,월세,43.75,1000,60,1983,동명로112번길,detatched_multiFamily
부산광역시 남구 용호동,4**,월세,44.69,1000,40,1979,용호로178번길,detatched_multiFamily
부산광역시 남구 용호동,3**,월세,44.83,2000,25,1979,동명로164번길,detatched_multiFamily
부산광역시 남구 용호동,7*,월세,44.9,500,30,1989,동명로131번길,detatched_multiFamily
부산광역시 남구 용호동,7*,월세,44.9,1000,30,1989,동명로131번길,detatched_multiFamily
부산광역시 남구 용호동,4**,월세,45,3000,10,1989,동명로101번길,detatched_multiFamily
부산광역시 남구 용호동,3**,월세,45,2000,20,1995,용호로123번길,detatched_multiFamily
부산광역시 남구 용호동,4**,월세,45.5,2000,20,1993,동명로112번길,detatched_multiFamily
부산광역시 남구 용호동,9*,전세,46.03,3500,0,1991,용호로106번길,detatched_multiFamily
부산광역시 남구 용호동,1**,월세,46.28,400,23,1994,용호로42번길,detatched_multiFamily
부산광역시 남구 용호동,4**,월세,46.4,300,25,1977,동명로112번길,detatched_multiFamily
부산광역시 남구 용호동,5**,월세,47.5,100,10,1983,동명로158번길,detatched_multiFamily
부산광역시 남구 용호동,3**,월세,47.93,3500,10,1978,동명로,detatched_multiFamily
부산광역시 남구 용호동,4**,월세,48,500,30,1995,동명로112번길,detatched_multiFamily
부산광역시 남구 용호동,5**,월세,48.17,1000,35,1978,용호로,detatched_multiFamily
부산광역시 남구 용호동,3*,월세,48.69,4500,10,,동명로105번길,detatched_multiFamily
부산광역시 남구 용호동,3**,월세,49.48,1000,55,1978,동명로158번길,detatched_multiFamily
부산광역시 남구 용호동,4**,월세,49.58,1000,13,1987,동명로100번길,detatched_multiFamily
부산광역시 남구 용호동,9*,월세,49.58,2200,10,1992,용호로106번길,detatched_multiFamily
부산광역시 남구 용호동,3**,월세,49.58,500,30,1990,동명로101번가길,detatched_multiFamily
부산광역시 남구 용호동,4**,월세,49.58,1000,20,1993,동명로112번길,detatched_multiFamily
부산광역시 남구 용호동,8*,월세,49.61,5900,26,1978,용호로97번길,detatched_multiFamily
부산광역시 남구 용호동,7*,월세,49.77,1000,20,1978,용호로110번길,detatched_multiFamily
부산광역시 남구 용호동,6*,월세,50,500,25,1990,동명로101번가길,detatched_multiFamily
부산광역시 남구 용호동,4**,월세,50,1000,25,1990,동명로101번가길,detatched_multiFamily
부산광역시 남구 용호동,3**,전세,50,3000,0,1988,동명로118번길,detatched_multiFamily
부산광역시 남구 용호동,4**,월세,50.84,1000,35,1978,용호로124번길,detatched_multiFamily
부산광역시 남구 용호동,4**,월세,51,500,30,1984,용호로198번길,detatched_multiFamily
부산광역시 남구 용호동,4**,월세,51.04,100,36,,,detatched_multiFamily
부산광역시 남구 용호동,4**,월세,51.04,100,40,1978,용호로178번길,detatched_multiFamily
부산광역시 남구 용호동,4**,월세,52.44,500,30,1991,동명로112번길,detatched_multiFamily
부산광역시 남구 용호동,4*,월세,52.89,5000,20,1991,용호로76번길,detatched_multiFamily
부산광역시 남구 용호동,6*,월세,53.22,3000,30,1990,동명로101번가길,detatched_multiFamily
부산광역시 남구 용호동,4**,월세,54,3000,20,1979,동명로105번길,detatched_multiFamily
부산광역시 남구 용호동,3**,월세,54.68,2500,25,1978,동명로145번길,detatched_multiFamily
부산광역시 남구 용호동,4**,전세,54.9,12000,0,1983,동명로125번길,detatched_multiFamily
부산광역시 남구 용호동,8**,월세,55,500,25,1989,용호로231번길,detatched_multiFamily
부산광역시 남구 용호동,7**,월세,55.16,2500,10,1988,용호로160번길,detatched_multiFamily
부산광역시 남구 용호동,3**,월세,55.6,2000,30,1978,용호로123번길,detatched_multiFamily
부산광역시 남구 용호동,7**,월세,56.2,1500,20,1990,용호로160번길,detatched_multiFamily
부산광역시 남구 용호동,4**,전세,57.97,8000,0,2004,용호로198번길,detatched_multiFamily
부산광역시 남구 용호동,7*,월세,58.35,1000,20,1975,동명로131번길,detatched_multiFamily
부산광역시 남구 용호동,3**,전세,58.5,4000,0,1984,동명로170번길,detatched_multiFamily
부산광역시 남구 용호동,4**,월세,59.61,100,30,1983,동명로146번길,detatched_multiFamily
부산광역시 남구 용호동,3**,월세,60,2000,20,1985,동명로152번길,detatched_multiFamily
부산광역시 남구 용호동,4*,월세,60.32,5000,20,1991,용호로76번길,detatched_multiFamily
부산광역시 남구 용호동,5**,월세,60.93,0,20,1988,동명로146번길,detatched_multiFamily
부산광역시 남구 용호동,5**,전세,61.29,8400,0,1978,동명로146번길,detatched_multiFamily
부산광역시 남구 용호동,7*,전세,62.01,5000,0,1973,동명로125번길,detatched_multiFamily
부산광역시 남구 용호동,5**,월세,62.64,3000,30,1991,동명로152번길,detatched_multiFamily
부산광역시 남구 용호동,4**,월세,63,2500,20,1979,동명로101번길,detatched_multiFamily
부산광역시 남구 용호동,3**,월세,63.72,3000,40,2013,동명로170번길,detatched_multiFamily
부산광역시 남구 용호동,3**,월세,63.9,3200,10,1991,동명로118번가길,detatched_multiFamily
부산광역시 남구 용호동,3**,월세,64.44,5000,20,1984,동명로176번길,detatched_multiFamily
부산광역시 남구 용호동,4**,월세,64.8,500,20,1992,동명로105번길,detatched_multiFamily
부산광역시 남구 용호동,8*,월세,64.82,1000,25,1978,용호로97번길,detatched_multiFamily
부산광역시 남구 용호동,3**,월세,65.88,2000,10,1991,동명로131번길,detatched_multiFamily
부산광역시 남구 용호동,4**,월세,66,100,20,1983,동명로105번길,detatched_multiFamily
부산광역시 남구 용호동,3**,월세,66,1000,28,1989,동명로,detatched_multiFamily
부산광역시 남구 용호동,4**,월세,66.06,2500,29,1977,동명로112번길,detatched_multiFamily
부산광역시 남구 용호동,6**,월세,66.11,4000,20,,용호로160번길,detatched_multiFamily
부산광역시 남구 용호동,1**,월세,66.31,5000,30,1989,용호로42번길,detatched_multiFamily
부산광역시 남구 용호동,4**,월세,66.67,6000,15,1974,동명로105번길,detatched_multiFamily
부산광역시 남구 용호동,8*,월세,67.15,500,20,1983,용호로,detatched_multiFamily
부산광역시 남구 용호동,4**,월세,67.83,1000,25,1990,동명로132번길,detatched_multiFamily
부산광역시 남구 용호동,4**,전세,68.4,10000,0,1981,용호로,detatched_multiFamily
부산광역시 남구 용호동,5**,월세,68.46,500,17,1978,동명로170번길,detatched_multiFamily
부산광역시 남구 용호동,5**,월세,68.76,500,20,1977,동명로118번길,detatched_multiFamily
부산광역시 남구 용호동,4**,월세,68.85,300,13,1993,동명로105번길,detatched_multiFamily
부산광역시 남구 용호동,1**,전세,69.05,3000,0,1995,용호로106번가길,detatched_multiFamily
부산광역시 남구 용호동,1**,월세,69.09,2000,30,1973,용호로42번길,detatched_multiFamily
부산광역시 남구 용호동,1**,월세,69.09,2000,30,1973,용호로42번길,detatched_multiFamily
부산광역시 남구 용호동,3**,전세,69.14,8000,0,1979,동명로170번길,detatched_multiFamily
부산광역시 남구 용호동,3**,월세,69.16,500,30,1977,동명로117번길,detatched_multiFamily
부산광역시 남구 용호동,4**,전세,69.26,12000,0,1977,동명로105번길,detatched_multiFamily
부산광역시 남구 용호동,4**,전세,69.26,12000,0,1977,동명로105번길,detatched_multiFamily
부산광역시 남구 용호동,4**,월세,69.3,1000,35,1978,동명로112번길,detatched_multiFamily
부산광역시 남구 용호동,4**,월세,69.76,1000,35,1984,동명로118번길,detatched_multiFamily
부산광역시 남구 용호동,4**,월세,69.76,1000,35,1984,동명로118번길,detatched_multiFamily
부산광역시 남구 용호동,4**,전세,69.83,5800,0,1978,동명로132번길,detatched_multiFamily
부산광역시 남구 용호동,3**,전세,70.18,8000,0,1978,동명로101번가길,detatched_multiFamily
부산광역시 남구 용호동,4**,월세,70.22,208,18,1976,용호로198번길,detatched_multiFamily
부산광역시 남구 용호동,8*,월세,70.51,500,35,1989,용호로110번길,detatched_multiFamily
부산광역시 남구 용호동,2**,월세,70.56,300,37,2012,동명로101번길,detatched_multiFamily
부산광역시 남구 용호동,4**,월세,70.84,100,35,1979,동명로125번길,detatched_multiFamily
부산광역시 남구 용호동,7*,월세,71.37,500,15,1991,동명로117번길,detatched_multiFamily
부산광역시 남구 용호동,2**,월세,71.56,1500,15,,동명로117번길,detatched_multiFamily
부산광역시 남구 용호동,4**,월세,71.66,710,10,1991,동명로100번길,detatched_multiFamily
부산광역시 남구 용호동,4**,월세,71.67,300,20,1978,용호로178번길,detatched_multiFamily
부산광역시 남구 용호동,5*,전세,71.83,7000,0,1989,동명로105번길,detatched_multiFamily
부산광역시 남구 용호동,5**,월세,72.42,2000,38,1978,동명로146번길,detatched_multiFamily
부산광역시 남구 용호동,4**,월세,74.18,2000,40,,동명로92번길,detatched_multiFamily
부산광역시 남구 용호동,3**,전세,74.9,3500,0,1984,동명로,detatched_multiFamily
부산광역시 남구 용호동,4**,월세,74.99,7000,10,1978,동명로112번길,detatched_multiFamily
부산광역시 남구 용호동,5**,전세,75.57,8000,0,1980,용호로177번길,detatched_multiFamily
부산광역시 남구 용호동,4**,월세,76.36,3000,20,1978,용호로198번길,detatched_multiFamily
부산광역시 남구 용호동,3**,월세,76.46,1000,33,1985,동명로170번길,detatched_multiFamily
부산광역시 남구 용호동,3**,전세,76.63,10000,0,1991,동명로145번길,detatched_multiFamily
부산광역시 남구 용호동,3**,월세,77.04,1000,35,1985,동명로117번길,detatched_multiFamily
부산광역시 남구 용호동,4**,월세,77.22,3000,30,1994,동명로118번길,detatched_multiFamily
부산광역시 남구 용호동,4**,월세,77.87,2000,50,1979,용호로178번길,detatched_multiFamily
부산광역시 남구 용호동,3*,전세,78.41,20000,0,1978,동명로101번다길,detatched_multiFamily
부산광역시 남구 용호동,3**,전세,78.45,25000,0,1978,동명로170번길,detatched_multiFamily
부산광역시 남구 용호동,3**,전세,78.45,25000,0,1978,동명로170번길,detatched_multiFamily
부산광역시 남구 용호동,6*,전세,78.72,12000,0,1978,동명로105번길,detatched_multiFamily
부산광역시 남구 용호동,4**,월세,80,6000,20,2002,용호로177번길,detatched_multiFamily
부산광역시 남구 용호동,4**,월세,80.99,4000,40,1978,용호로124번길,detatched_multiFamily
부산광역시 남구 용호동,4**,월세,81.09,600,30,1986,동명로146번길,detatched_multiFamily
부산광역시 남구 용호동,4**,월세,81.09,600,30,1986,동명로146번길,detatched_multiFamily
부산광역시 남구 용호동,5**,월세,81.65,200,15,1978,동명로146번길,detatched_multiFamily
부산광역시 남구 용호동,4**,월세,81.87,300,35,2020,용호로124번길,detatched_multiFamily
부산광역시 남구 용호동,3**,월세,82.08,1500,100,1997,용호로,detatched_multiFamily
부산광역시 남구 용호동,5**,전세,82.48,10000,0,1978,동명로146번길,detatched_multiFamily
부산광역시 남구 용호동,5**,월세,82.64,2000,40,1977,동명로158번길,detatched_multiFamily
부산광역시 남구 용호동,3**,월세,83.34,300,28,1985,동명로157번길,detatched_multiFamily
부산광역시 남구 용호동,5**,전세,83.59,18000,0,1991,동명로152번길,detatched_multiFamily
부산광역시 남구 용호동,2**,전세,84.18,8000,0,2018,용호로42번길,detatched_multiFamily
부산광역시 남구 용호동,2**,월세,84.84,2000,50,1996,동명로101번길,detatched_multiFamily
부산광역시 남구 용호동,4**,월세,85.6,2000,12,1977,용호로178번길,detatched_multiFamily
부산광역시 남구 용호동,4**,월세,86.04,3000,20,1978,동명로112번길,detatched_multiFamily
부산광역시 남구 용호동,4**,월세,86.74,2000,15,1979,동명로105번길,detatched_multiFamily
부산광역시 남구 용호동,3**,월세,87.2,1000,55,1995,동명로146번길,detatched_multiFamily
부산광역시 남구 용호동,4**,월세,87.24,1000,10,1977,동명로117번길,detatched_multiFamily
부산광역시 남구 용호동,4**,월세,87.26,100,20,1978,동명로112번길,detatched_multiFamily
부산광역시 남구 용호동,4**,월세,89.72,4000,30,1990,동명로132번길,detatched_multiFamily
부산광역시 남구 용호동,7*,월세,91.04,12000,15,1980,동명로131번길,detatched_multiFamily
부산광역시 남구 용호동,3**,월세,91.71,1000,30,1991,용호로109번길,detatched_multiFamily
부산광역시 남구 용호동,3**,월세,91.71,1000,30,1991,용호로109번길,detatched_multiFamily
부산광역시 남구 용호동,3**,월세,92,4000,23,1995,동명로146번길,detatched_multiFamily
부산광역시 남구 용호동,4**,월세,93.13,1000,40,,동명로131번길,detatched_multiFamily
부산광역시 남구 용호동,5**,월세,93.87,500,23,1991,용주로6번길,detatched_multiFamily
부산광역시 남구 용호동,3**,월세,97.58,2000,40,1989,,detatched_multiFamily
부산광역시 남구 용호동,4**,월세,98.78,5000,10,1978,동명로112번길,detatched_multiFamily
부산광역시 남구 용호동,2**,월세,99.57,500,35,2017,동명로101번길,detatched_multiFamily
부산광역시 남구 용호동,3**,월세,120.9,1000,10,1978,동명로158번길,detatched_multiFamily
부산광역시 남구 용호동,3**,전세,123.96,7000,0,1978,동명로,detatched_multiFamily
부산광역시 남구 용호동,5**,월세,131.45,300,40,2002,용호로197번길,detatched_multiFamily
부산광역시 남구 용호동,5**,월세,131.85,300,40,2002,용호로197번길,detatched_multiFamily
부산광역시 남구 용호동,3**,전세,135.52,12000,0,1995,용호로123번길,detatched_multiFamily
부산광역시 남구 용호동,6**,월세,139.26,500,47,2019,동명로118번가길,detatched_multiFamily
부산광역시 남구 용호동,3**,월세,147.2,15000,40,1976,동명로117번길,detatched_multiFamily
부산광역시 남구 용호동,3**,전세,167.97,12000,0,1983,동명로170번길,detatched_multiFamily
부산광역시 남구 용호동,4**,월세,176.5,1000,30,1991,동명로146번길,detatched_multiFamily
부산광역시 남구 용호동,4**,월세,187.1,1500,25,1977,동명로92번길,detatched_multiFamily
부산광역시 남구 용호동,3**,월세,193.36,200,30,1992,동명로,detatched_multiFamily
부산광역시 남구 우암동,1**,월세,19.74,100,12,1985,장고개로14번길,detatched_multiFamily
부산광역시 남구 우암동,1**,월세,25.38,1500,20,1985,우암번영로26번길,detatched_multiFamily
부산광역시 남구 우암동,1**,전세,26,2200,0,,장고개로8번길,detatched_multiFamily
부산광역시 남구 우암동,1**,월세,26.9,1000,10,,우암번영로34번길,detatched_multiFamily
부산광역시 남구 우암동,1**,월세,30,300,25,,우암로194번길,detatched_multiFamily
부산광역시 남구 우암동,2**,월세,33,100,15,,솔밭로,detatched_multiFamily
부산광역시 남구 우암동,1**,월세,33,500,20,,장고개로14번길,detatched_multiFamily
부산광역시 남구 우암동,1**,월세,35.19,500,20,1985,우암로256번길,detatched_multiFamily
부산광역시 남구 우암동,1**,전세,36.46,3300,0,1985,우암번영로38번길,detatched_multiFamily
부산광역시 남구 우암동,1**,월세,40.08,3500,10,1985,우암양달로16번길,detatched_multiFamily
부산광역시 남구 우암동,1*,월세,49.5,200,15,1986,유엔로84번길,detatched_multiFamily
부산광역시 남구 우암동,*,전세,50.91,2000,0,1979,유엔로84번길,detatched_multiFamily
부산광역시 남구 우암동,3*,월세,52.8,1000,25,1993,유엔로,detatched_multiFamily
부산광역시 남구 우암동,1**,전세,59,2400,0,1973,동제당로359번길,detatched_multiFamily
부산광역시 남구 우암동,1**,월세,60,2000,25,,유엔로,detatched_multiFamily
부산광역시 남구 우암동,4*,월세,61.3,6000,20,1988,우암로154번길,detatched_multiFamily
부산광역시 남구 우암동,1**,월세,63,400,36,1971,우암로264번길,detatched_multiFamily
부산광역시 남구 우암동,4*,월세,68.01,500,38,1988,유엔로38번길,detatched_multiFamily
부산광역시 남구 우암동,4*,월세,71.34,2000,45,1987,유엔로38번길,detatched_multiFamily
부산광역시 남구 우암동,4*,월세,71.34,2000,45,1987,유엔로38번길,detatched_multiFamily
부산광역시 남구 우암동,*,전세,73,9000,0,1983,유엔로84번길,detatched_multiFamily
부산광역시 남구 우암동,1*,전세,84.96,7500,0,1986,유엔로84번길,detatched_multiFamily
부산광역시 남구 우암동,1**,월세,85,2000,20,1974,우암로200번길,detatched_multiFamily
부산광역시 동구 범일동,1***,전세,23,2000,0,,망양로931번가길,detatched_multiFamily
부산광역시 동구 범일동,6**,월세,23.14,2000,10,1989,범일일길,detatched_multiFamily
부산광역시 동구 범일동,3**,전세,23.14,1800,0,1962,자성로89번길,detatched_multiFamily
부산광역시 동구 범일동,1***,월세,24,2700,25,,망양로902번가길,detatched_multiFamily
부산광역시 동구 범일동,1***,전세,24.66,4900,0,,범곡로9번다길,detatched_multiFamily
부산광역시 동구 범일동,1***,월세,30,2200,18,1962,범상로21번길,detatched_multiFamily
부산광역시 동구 범일동,6**,월세,30,500,28,1962,범일일길,detatched_multiFamily
부산광역시 동구 범일동,9*,월세,30,2000,39,2017,범곡로,detatched_multiFamily
부산광역시 동구 범일동,6**,월세,30,1100,4,,범일일길11번가길,detatched_multiFamily
부산광역시 동구 범일동,2**,월세,32.73,3000,28,1962,성남이로46번길,detatched_multiFamily
부산광역시 동구 범일동,1***,월세,33,1000,35,1993,중앙대로533번길,detatched_multiFamily
부산광역시 동구 범일동,6*,월세,33.62,500,20,1962,범일이길,detatched_multiFamily
부산광역시 동구 범일동,1***,월세,34.05,100,20,1971,망양로,detatched_multiFamily
부산광역시 동구 범일동,1***,월세,36.49,2000,15,1962,범상로22번길,detatched_multiFamily
부산광역시 동구 범일동,1***,월세,36.56,2000,20,1980,범곡북로3번길,detatched_multiFamily
부산광역시 동구 범일동,1***,전세,36.59,8000,0,1962,증산북로9번길,detatched_multiFamily
부산광역시 동구 범일동,산6*,전세,37.3,1000,0,,안창로77번길,detatched_multiFamily
부산광역시 동구 범일동,1***,월세,38.64,5000,10,,범내로9번길,detatched_multiFamily
부산광역시 동구 범일동,1***,월세,40,500,30,1983,증산로,detatched_multiFamily
부산광역시 동구 범일동,1***,전세,41.66,9000,0,,,detatched_multiFamily
부산광역시 동구 범일동,1***,전세,42,1500,0,,망양로886번길,detatched_multiFamily
부산광역시 동구 범일동,1***,월세,42.74,2400,5,2005,증산로147번길,detatched_multiFamily
부산광역시 동구 범일동,3**,월세,45,1500,24,1962,자성로89번길,detatched_multiFamily
부산광역시 동구 범일동,1***,전세,45,4000,0,1984,증산로173번길,detatched_multiFamily
부산광역시 동구 범일동,2**,월세,45.3,2000,15,,진시장로20번길,detatched_multiFamily
부산광역시 동구 범일동,1***,월세,46.2,1500,10,1962,범상로39번길,detatched_multiFamily
부산광역시 동구 범일동,6*,전세,46.3,4000,0,,범일이길,detatched_multiFamily
부산광역시 동구 범일동,1***,전세,47.29,5000,0,1999,범곡로33번길,detatched_multiFamily
부산광역시 동구 범일동,6**,월세,48,1000,48,1968,범일일길11번가길,detatched_multiFamily
부산광역시 동구 범일동,1***,월세,54.29,3000,20,1996,,detatched_multiFamily
부산광역시 동구 범일동,1***,월세,55.11,10000,20,1989,,detatched_multiFamily
부산광역시 동구 범일동,2**,월세,59.2,1000,10,1970,성남이로46번길,detatched_multiFamily
부산광역시 동구 범일동,1***,월세,59.25,0,20,1991,범내남로32번길,detatched_multiFamily
부산광역시 동구 범일동,1***,전세,59.55,6500,0,1998,범곡로33번길,detatched_multiFamily
부산광역시 동구 범일동,1***,월세,60,50,20,1962,증산북로11번길,detatched_multiFamily
부산광역시 동구 범일동,1***,월세,61.98,2000,25,1984,증산로,detatched_multiFamily
부산광역시 동구 범일동,6**,전세,62.35,5000,0,1962,범일일길35번길,detatched_multiFamily
부산광역시 동구 범일동,1***,전세,66,2700,0,,범상로39번가길,detatched_multiFamily
부산광역시 동구 범일동,1***,월세,66.12,1000,20,1962,망양로875번길,detatched_multiFamily
부산광역시 동구 범일동,1***,전세,66.12,3500,0,,증산로146번길,detatched_multiFamily
부산광역시 동구 범일동,2**,월세,66.2,8000,10,1995,,detatched_multiFamily
부산광역시 동구 범일동,1***,월세,68.15,2000,23,1991,증산로161번길,detatched_multiFamily
부산광역시 동구 범일동,1***,전세,72.45,12000,0,1982,범내로,detatched_multiFamily
부산광역시 동구 범일동,1***,월세,77.62,500,30,,범곡서로,detatched_multiFamily
부산광역시 동구 범일동,1***,월세,78.98,3000,25,1962,,detatched_multiFamily
부산광역시 동구 범일동,1***,전세,80.01,5000,0,1996,증산북로,detatched_multiFamily
부산광역시 동구 범일동,1***,월세,80.99,300,40,1962,범상로,detatched_multiFamily
부산광역시 동구 범일동,1***,전세,82.64,5000,0,2003,증산로125번길,detatched_multiFamily
부산광역시 동구 범일동,1***,월세,84.31,1000,25,1975,범내남로18번길,detatched_multiFamily
부산광역시 동구 범일동,산7*,월세,112.37,200,29,1986,망양로,detatched_multiFamily
부산광역시 동구 범일동,5**,월세,123.96,6000,10,1984,범일로90번길,detatched_multiFamily
부산광역시 동구 범일동,1***,월세,149,3000,20,,범상로14번길,detatched_multiFamily
부산광역시 동구 범일동,1***,월세,150,2000,25,1993,범내남로,detatched_multiFamily
부산광역시 동구 범일동,1***,월세,167.38,500,20,1975,범내남로18번길,detatched_multiFamily
부산광역시 동구 범일동,1**,월세,191.7,200,24,2011,중앙대로,detatched_multiFamily
부산광역시 동구 수정동,4**,월세,15,1000,20,1984,망양로816번길,detatched_multiFamily
부산광역시 동구 수정동,7**,월세,15.87,1300,13,1971,망양로739번길,detatched_multiFamily
부산광역시 동구 수정동,6**,월세,16.9,1000,15,1990,수정서로,detatched_multiFamily
부산광역시 동구 수정동,4**,월세,17,1500,20,1962,수정공원북로,detatched_multiFamily
부산광역시 동구 수정동,3**,월세,18.14,1000,29,,,detatched_multiFamily
부산광역시 동구 수정동,6**,월세,18.48,500,15,1985,망양로764번길,detatched_multiFamily
부산광역시 동구 수정동,1***,전세,18.73,3200,0,1985,,detatched_multiFamily
부산광역시 동구 수정동,1***,월세,19.06,200,12,2022,홍곡남로18번길,detatched_multiFamily
부산광역시 동구 수정동,4**,월세,19.45,300,41,1991,진성로,detatched_multiFamily
부산광역시 동구 수정동,6**,월세,20,200,20,1962,수성남로,detatched_multiFamily
부산광역시 동구 수정동,4**,월세,20,200,28,1999,수성로,detatched_multiFamily
부산광역시 동구 수정동,3**,월세,20,3000,5,2010,초량상로157번길,detatched_multiFamily
부산광역시 동구 수정동,4**,전세,20,2000,0,1984,망양로808번길,detatched_multiFamily
부산광역시 동구 수정동,1***,전세,22.41,9500,0,2020,망양로,detatched_multiFamily
부산광역시 동구 수정동,1***,월세,23.14,200,20,1962,구봉북길,detatched_multiFamily
부산광역시 동구 수정동,7**,전세,23.34,1500,0,1975,수정공원로68번길,detatched_multiFamily
부산광역시 동구 수정동,7**,월세,23.47,1000,30,1962,수정중로15번길,detatched_multiFamily
부산광역시 동구 수정동,4**,월세,24.79,2500,10,1962,수정공원북로,detatched_multiFamily
부산광역시 동구 수정동,7**,전세,24.99,2500,0,1995,망양로757번길,detatched_multiFamily
부산광역시 동구 수정동,1***,월세,25,3000,50,1991,홍곡로58번길,detatched_multiFamily
부산광역시 동구 수정동,7**,전세,25,4000,0,1991,수정서로4번길,detatched_multiFamily
부산광역시 동구 수정동,4**,월세,26,1800,9,,수정공원로,detatched_multiFamily
부산광역시 동구 수정동,4**,전세,26.05,2000,0,2020,수정공원북로,detatched_multiFamily
부산광역시 동구 수정동,6**,전세,26.12,5500,0,,수정서로12번길,detatched_multiFamily
부산광역시 동구 수정동,4**,전세,26.7,2500,0,1992,수정공원로149번길,detatched_multiFamily
부산광역시 동구 수정동,8**,전세,29.29,4500,0,1962,수정로17번길,detatched_multiFamily
부산광역시 동구 수정동,6**,월세,29.42,1000,10,1962,망양로773번길,detatched_multiFamily
부산광역시 동구 수정동,6**,월세,29.75,1000,14,1990,수정서로,detatched_multiFamily
부산광역시 동구 수정동,9**,전세,29.75,2000,0,1962,고관로77번길,detatched_multiFamily
부산광역시 동구 수정동,8**,월세,30,1000,20,1991,수정로33번길,detatched_multiFamily
부산광역시 동구 수정동,5**,월세,30,0,25,1990,수정공원로,detatched_multiFamily
부산광역시 동구 수정동,1***,전세,30,1000,0,1989,홍곡남로18번길,detatched_multiFamily
부산광역시 동구 수정동,1***,월세,30.25,300,20,1978,망양로,detatched_multiFamily
부산광역시 동구 수정동,3**,월세,30.32,6000,15,1991,,detatched_multiFamily
부산광역시 동구 수정동,3**,월세,30.32,6000,15,1991,초량상로,detatched_multiFamily
부산광역시 동구 수정동,5**,전세,30.44,4000,0,1969,수성남로,detatched_multiFamily
부산광역시 동구 수정동,8**,월세,31.87,300,37,1962,수정동로,detatched_multiFamily
부산광역시 동구 수정동,8**,월세,31.87,400,36,1962,수정동로,detatched_multiFamily
부산광역시 동구 수정동,7**,월세,31.9,1500,10,1995,수정서로,detatched_multiFamily
부산광역시 동구 수정동,7**,월세,33,1500,20,1991,수정공원로68번길,detatched_multiFamily
부산광역시 동구 수정동,9**,월세,33,1000,15,1962,수정외솔로7번길,detatched_multiFamily
부산광역시 동구 수정동,1***,월세,33.05,2000,18,1993,홍곡로91번길,detatched_multiFamily
부산광역시 동구 수정동,1**,월세,33.06,100,20,1962,중앙대로361번길,detatched_multiFamily
부산광역시 동구 수정동,5**,월세,33.72,4000,25,1962,수정중로,detatched_multiFamily
부산광역시 동구 수정동,1***,전세,33.92,4500,0,,수정공원로,detatched_multiFamily
부산광역시 동구 수정동,6**,전세,34,4500,0,1981,수정서로12번길,detatched_multiFamily
부산광역시 동구 수정동,8**,월세,34.45,1000,20,1970,수정동로,detatched_multiFamily
부산광역시 동구 수정동,5**,월세,34.48,500,50,2020,수정중로38번길,detatched_multiFamily
부산광역시 동구 수정동,7**,전세,34.9,8000,0,1994,수정서로4번길,detatched_multiFamily
부산광역시 동구 수정동,6**,월세,34.96,500,10,1973,수정서로12번길,detatched_multiFamily
부산광역시 동구 수정동,8**,월세,35,2000,10,1990,수정로,detatched_multiFamily
부산광역시 동구 수정동,1***,월세,35,500,40,2010,홍곡남로,detatched_multiFamily
부산광역시 동구 수정동,3**,월세,35.7,8000,20,1962,,detatched_multiFamily
부산광역시 동구 수정동,5**,월세,36.1,1500,23,1962,중앙대로371번길,detatched_multiFamily
부산광역시 동구 수정동,8**,월세,37,1000,25,1971,수정로17번길,detatched_multiFamily
부산광역시 동구 수정동,1***,월세,37.8,1000,20,1989,홍곡남로18번길,detatched_multiFamily
부산광역시 동구 수정동,9**,전세,38.68,3500,0,1997,수정외솔로,detatched_multiFamily
부산광역시 동구 수정동,7**,월세,39,1500,20,1991,수정공원로68번길,detatched_multiFamily
부산광역시 동구 수정동,4**,월세,39.09,1000,25,1994,수정공원북로,detatched_multiFamily
부산광역시 동구 수정동,4**,전세,39.6,3000,0,1962,수정공원북로,detatched_multiFamily
부산광역시 동구 수정동,1***,월세,40,1000,30,1993,홍곡로91번길,detatched_multiFamily
부산광역시 동구 수정동,4**,월세,40,2000,15,1962,수정공원로,detatched_multiFamily
부산광역시 동구 수정동,4**,월세,40,500,10,1990,망양로859번길,detatched_multiFamily
부산광역시 동구 수정동,4**,전세,40,3000,0,1962,망양로859번길,detatched_multiFamily
부산광역시 동구 수정동,9**,전세,40.17,4000,0,2017,홍곡중로,detatched_multiFamily
부산광역시 동구 수정동,7**,월세,41.52,2000,29,1984,수정로,detatched_multiFamily
부산광역시 동구 수정동,7**,월세,41.59,4500,15,2000,수정로,detatched_multiFamily
부산광역시 동구 수정동,9**,월세,41.66,700,15,1997,홍곡중로38번길,detatched_multiFamily
부산광역시 동구 수정동,5**,전세,41.95,10000,0,1962,수성로11번길,detatched_multiFamily
부산광역시 동구 수정동,7**,월세,42.58,1000,25,1975,망양로737번길,detatched_multiFamily
부산광역시 동구 수정동,4**,월세,42.9,500,20,1992,망양로844번길,detatched_multiFamily
부산광역시 동구 수정동,4**,전세,42.97,8000,0,1992,,detatched_multiFamily
부산광역시 동구 수정동,4**,전세,42.97,8000,0,1992,수정공원북로17번길,detatched_multiFamily
부산광역시 동구 수정동,1***,월세,42.98,2000,20,1974,망양로,detatched_multiFamily
부산광역시 동구 수정동,5**,월세,43,2500,8,1962,수정북로34번길,detatched_multiFamily
부산광역시 동구 수정동,1***,월세,45.37,3000,20,1990,수정공원로12번길,detatched_multiFamily
부산광역시 동구 수정동,9**,월세,46.08,500,32,1997,수정외솔로13번길,detatched_multiFamily
부산광역시 동구 수정동,1***,월세,46.28,1000,30,1968,홍곡중로11번길,detatched_multiFamily
부산광역시 동구 수정동,2**,전세,46.28,3500,0,1968,중앙대로361번길,detatched_multiFamily
부산광역시 동구 수정동,7**,전세,46.89,2300,0,1997,수성남로,detatched_multiFamily
부산광역시 동구 수정동,1***,월세,47.36,9500,7,1984,,detatched_multiFamily
부산광역시 동구 수정동,3**,전세,47.59,8000,0,1991,초량상로157번길,detatched_multiFamily
부산광역시 동구 수정동,7**,전세,47.73,3000,0,1985,망양로739번길,detatched_multiFamily
부산광역시 동구 수정동,4**,전세,48.17,5000,0,,수성로,detatched_multiFamily
부산광역시 동구 수정동,6**,전세,48.53,2000,0,1962,망양로773번길,detatched_multiFamily
부산광역시 동구 수정동,3**,월세,49.63,2000,30,1997,초량상로,detatched_multiFamily
부산광역시 동구 수정동,1***,전세,49.86,6500,0,1984,망양로668번길,detatched_multiFamily
부산광역시 동구 수정동,4**,월세,50,500,23,1970,수정중로37번가길,detatched_multiFamily
부산광역시 동구 수정동,5**,월세,50,3000,15,2006,진성로75번길,detatched_multiFamily
부산광역시 동구 수정동,4**,전세,50,1500,0,1985,진성로71번길,detatched_multiFamily
부산광역시 동구 수정동,9**,전세,50,3500,0,1997,수정외솔로,detatched_multiFamily
부산광역시 동구 수정동,4**,월세,50.5,2000,20,1990,망양로,detatched_multiFamily
부산광역시 동구 수정동,7**,월세,50.5,500,25,1985,망양로739번길,detatched_multiFamily
부산광역시 동구 수정동,6**,월세,50.57,1000,10,1962,망양로773번길,detatched_multiFamily
부산광역시 동구 수정동,8**,월세,51.17,100,25,1990,수정로,detatched_multiFamily
부산광역시 동구 수정동,8**,월세,51.17,100,25,1990,수정로,detatched_multiFamily
부산광역시 동구 수정동,6**,전세,52,5000,0,,망양로756번길,detatched_multiFamily
부산광역시 동구 수정동,4**,월세,52.89,1500,25,1993,수정중로38번길,detatched_multiFamily
부산광역시 동구 수정동,1***,월세,53,300,19,1985,망양로672번길,detatched_multiFamily
부산광역시 동구 수정동,4**,전세,54.31,6500,0,1993,수성로,detatched_multiFamily
부산광역시 동구 수정동,4**,월세,55,1000,20,1993,수성로,detatched_multiFamily
부산광역시 동구 수정동,7**,월세,55,500,29,1985,수정로,detatched_multiFamily
부산광역시 동구 수정동,9**,전세,55.11,9800,0,1997,수정외솔로13번길,detatched_multiFamily
부산광역시 동구 수정동,9**,전세,55.11,9800,0,1997,수정외솔로13번길,detatched_multiFamily
부산광역시 동구 수정동,4**,전세,57.04,1800,0,1993,수성로,detatched_multiFamily
부산광역시 동구 수정동,1***,월세,57.8,7000,30,2009,,detatched_multiFamily
부산광역시 동구 수정동,6**,월세,57.97,2000,35,1997,수정서로,detatched_multiFamily
부산광역시 동구 수정동,3**,월세,58,1000,40,1970,고관로,detatched_multiFamily
부산광역시 동구 수정동,8**,월세,58,3000,10,1985,수정로,detatched_multiFamily
부산광역시 동구 수정동,8**,월세,58.15,500,28,1977,망양로718번길,detatched_multiFamily
부산광역시 동구 수정동,5**,월세,58.18,3500,20,2008,,detatched_multiFamily
부산광역시 동구 수정동,5**,전세,58.18,6000,0,2008,수정북로34번길,detatched_multiFamily
부산광역시 동구 수정동,4**,월세,59,2500,20,1996,망양로847번길,detatched_multiFamily
부산광역시 동구 수정동,5**,전세,59.35,5000,0,2008,,detatched_multiFamily
부산광역시 동구 수정동,1***,월세,59.4,1000,15,1962,홍곡로64번가길,detatched_multiFamily
부산광역시 동구 수정동,9**,전세,59.41,6000,0,1996,홍곡중로,detatched_multiFamily
부산광역시 동구 수정동,4**,월세,60,5000,5,1990,진성로,detatched_multiFamily
부산광역시 동구 수정동,6**,전세,60,2500,0,,망양로774번길,detatched_multiFamily
부산광역시 동구 수정동,4**,월세,60.36,7000,20,1989,수정중로37번길,detatched_multiFamily
부산광역시 동구 수정동,4**,월세,60.39,5000,30,1989,수정중로37번길,detatched_multiFamily
부산광역시 동구 수정동,2**,전세,60.48,8000,0,1990,진성로21번길,detatched_multiFamily
부산광역시 동구 수정동,3**,월세,60.54,1000,40,1997,초량상로,detatched_multiFamily
부산광역시 동구 수정동,6**,월세,60.59,500,20,1962,망양로773번길,detatched_multiFamily
부산광역시 동구 수정동,5**,월세,60.66,3000,20,1982,망양로808번길,detatched_multiFamily
부산광역시 동구 수정동,1***,전세,61.51,10000,0,1974,,detatched_multiFamily
부산광역시 동구 수정동,1**,월세,62.56,6000,10,1999,고관로80번길,detatched_multiFamily
부산광역시 동구 수정동,4**,월세,62.7,4000,19,1985,망양로844번길,detatched_multiFamily
부산광역시 동구 수정동,5**,월세,64.08,5000,30,2001,,detatched_multiFamily
부산광역시 동구 수정동,3**,전세,64.34,8000,0,1991,초량상로157번길,detatched_multiFamily
부산광역시 동구 수정동,7**,월세,65,5500,20,1984,수정로,detatched_multiFamily
부산광역시 동구 수정동,6**,월세,65.12,3000,20,1962,수정공원로,detatched_multiFamily
부산광역시 동구 수정동,9**,월세,65.84,3500,25,1993,수정외솔로,detatched_multiFamily
부산광역시 동구 수정동,1***,월세,66.11,500,29,1997,수정외솔로7번길,detatched_multiFamily
부산광역시 동구 수정동,1***,월세,66.11,1500,10,1976,망양로685번길,detatched_multiFamily
부산광역시 동구 수정동,4**,월세,66.12,1800,18,,수정공원로,detatched_multiFamily
부산광역시 동구 수정동,4**,전세,66.74,4500,0,1982,진성로71번가길,detatched_multiFamily
부산광역시 동구 수정동,7**,전세,68.71,2000,0,2002,수정서로4번길,detatched_multiFamily
부산광역시 동구 수정동,4**,월세,69.49,3000,20,1994,수성로,detatched_multiFamily
부산광역시 동구 수정동,3**,월세,70.47,1000,20,1990,초량중로,detatched_multiFamily
부산광역시 동구 수정동,1***,전세,70.55,8000,0,1979,수정공원남로,detatched_multiFamily
부산광역시 동구 수정동,7**,월세,70.97,5500,25,2003,,detatched_multiFamily
부산광역시 동구 수정동,7**,월세,70.97,5500,25,2003,,detatched_multiFamily
부산광역시 동구 수정동,4**,전세,72.27,3500,0,1994,망양로844번길,detatched_multiFamily
부산광역시 동구 수정동,9**,월세,73.64,2000,20,1997,고관로93번길,detatched_multiFamily
부산광역시 동구 수정동,1***,월세,74.49,2000,58,1987,홍곡로45번길,detatched_multiFamily
부산광역시 동구 수정동,6**,월세,75.02,6000,30,2003,수정중로,detatched_multiFamily
부산광역시 동구 수정동,7**,월세,79.3,2000,30,1974,수정로,detatched_multiFamily
부산광역시 동구 수정동,1***,전세,79.34,4500,0,2002,수정공원상로20번길,detatched_multiFamily
부산광역시 동구 수정동,4**,전세,80.52,1500,0,1992,수정공원로149번길,detatched_multiFamily
부산광역시 동구 수정동,8**,월세,81.09,5500,20,,수정로,detatched_multiFamily
부산광역시 동구 수정동,6**,전세,89.26,3000,0,,수정서로26번길,detatched_multiFamily
부산광역시 동구 수정동,1***,전세,90.77,12000,0,1995,홍곡로,detatched_multiFamily
부산광역시 동구 수정동,4**,월세,91.02,500,30,1985,진성로,detatched_multiFamily
부산광역시 동구 수정동,4**,전세,94.51,15000,0,1969,진성로71번길,detatched_multiFamily
부산광역시 동구 수정동,1***,월세,99.17,1000,30,1980,수정공원남로,detatched_multiFamily
부산광역시 동구 수정동,1***,전세,122.4,4000,0,1995,홍곡남로18번길,detatched_multiFamily
부산광역시 동구 수정동,1***,월세,131,2000,50,1962,홍곡로69번길,detatched_multiFamily
부산광역시 동구 수정동,4**,전세,151,15000,0,1969,진성로71번길,detatched_multiFamily
부산광역시 동구 좌천동,6**,월세,13.22,100,10,1962,고관로159번길,detatched_multiFamily
부산광역시 동구 좌천동,8**,월세,14.3,100,18,1985,고관로153번길,detatched_multiFamily
부산광역시 동구 좌천동,6**,월세,14.87,500,20,1962,고관로153번길,detatched_multiFamily
부산광역시 동구 좌천동,9**,월세,16.52,300,20,1988,망양로864번길,detatched_multiFamily
부산광역시 동구 좌천동,3**,월세,16.53,300,20,1971,중앙대로460번가길,detatched_multiFamily
부산광역시 동구 좌천동,8**,월세,16.53,0,15,1985,고관로153번가길,detatched_multiFamily
부산광역시 동구 좌천동,8**,월세,16.53,0,15,1985,고관로153번가길,detatched_multiFamily
부산광역시 동구 좌천동,9**,월세,17.5,1800,3,1985,성북로45번가길,detatched_multiFamily
부산광역시 동구 좌천동,9**,월세,19.8,200,20,1962,수정공원북로,detatched_multiFamily
부산광역시 동구 좌천동,8**,월세,19.83,1000,10,,증산로25번길,detatched_multiFamily
부산광역시 동구 좌천동,9**,월세,20,100,17,,진성로68번길,detatched_multiFamily
부산광역시 동구 좌천동,8**,월세,20,100,20,1976,증산서로18번길,detatched_multiFamily
부산광역시 동구 좌천동,1***,월세,22,1500,20,1989,능풍길7번길,detatched_multiFamily
부산광역시 동구 좌천동,8**,월세,23.14,0,13,1985,고관로153번길,detatched_multiFamily
부산광역시 동구 좌천동,9**,월세,25.66,1500,10,1989,증산서로23번길,detatched_multiFamily
부산광역시 동구 좌천동,9**,월세,26.45,500,15,1995,성북로55번길,detatched_multiFamily
부산광역시 동구 좌천동,6**,월세,28,2000,23,1962,고관로141번길,detatched_multiFamily
부산광역시 동구 좌천동,8**,월세,29.75,1500,15,1962,좌천남로,detatched_multiFamily
부산광역시 동구 좌천동,9**,월세,29.75,2000,20,,진성로66번길,detatched_multiFamily
부산광역시 동구 좌천동,9**,월세,31.68,200,20,1985,증산로,detatched_multiFamily
부산광역시 동구 좌천동,9**,월세,33,500,20,2006,진성로68번가길,detatched_multiFamily
부산광역시 동구 좌천동,7**,월세,33,500,18,,정공단로17번가길,detatched_multiFamily
부산광역시 동구 좌천동,3**,월세,33.06,300,30,1974,중앙대로460번길,detatched_multiFamily
부산광역시 동구 좌천동,8**,월세,33.06,1000,15,1996,성북로,detatched_multiFamily
부산광역시 동구 좌천동,6**,월세,33.32,5000,30,1962,진성로28번가길,detatched_multiFamily
부산광역시 동구 좌천동,6**,월세,33.32,5000,30,,진성로28번가길,detatched_multiFamily
부산광역시 동구 좌천동,9**,월세,33.55,1500,10,1962,수정공원북로,detatched_multiFamily
부산광역시 동구 좌천동,9**,월세,34.14,7000,10,,좌천로,detatched_multiFamily
부산광역시 동구 좌천동,8**,월세,35.61,1500,10,1991,증산로16번길,detatched_multiFamily
부산광역시 동구 좌천동,6**,월세,36.26,8000,20,1962,진성로28번가길,detatched_multiFamily
부산광역시 동구 좌천동,7**,월세,36.36,500,20,1986,증산로,detatched_multiFamily
부산광역시 동구 좌천동,8**,월세,36.36,100,20,1992,성북로,detatched_multiFamily
부산광역시 동구 좌천동,7**,월세,36.36,500,20,1986,증산로,detatched_multiFamily
부산광역시 동구 좌천동,8**,월세,36.84,1000,20,1996,좌천남로,detatched_multiFamily
부산광역시 동구 좌천동,8**,월세,36.84,1500,20,1996,좌천남로,detatched_multiFamily
부산광역시 동구 좌천동,1**,월세,39.67,2000,20,,자성로8번길,detatched_multiFamily
부산광역시 동구 좌천동,7**,월세,39.67,500,27,,증산로109번길,detatched_multiFamily
부산광역시 동구 좌천동,8**,월세,39.67,500,12,1974,성북로15번길,detatched_multiFamily
부산광역시 동구 좌천동,9**,월세,40,200,10,,성북로55번길,detatched_multiFamily
부산광역시 동구 좌천동,8**,전세,42.12,5000,0,1962,증산로55번길,detatched_multiFamily
부산광역시 동구 좌천동,9**,월세,42.14,500,20,1991,진성로,detatched_multiFamily
부산광역시 동구 좌천동,8**,전세,42.55,4000,0,1962,좌천로,detatched_multiFamily
부산광역시 동구 좌천동,8**,월세,44.73,3000,20,1962,좌천남로,detatched_multiFamily
부산광역시 동구 좌천동,7**,전세,45.89,2000,0,1978,증산로113번길,detatched_multiFamily
부산광역시 동구 좌천동,9**,월세,46,1000,15,,좌천로,detatched_multiFamily
부산광역시 동구 좌천동,8**,월세,46.28,2000,10,1991,증산로16번길,detatched_multiFamily
부산광역시 동구 좌천동,6**,월세,47.36,5000,10,1997,정공단로39번길,detatched_multiFamily
부산광역시 동구 좌천동,8**,월세,48.2,1000,15,1985,성북로1번길,detatched_multiFamily
부산광역시 동구 좌천동,8**,월세,48.35,1000,15,1996,성북로1번길,detatched_multiFamily
부산광역시 동구 좌천동,9**,월세,49.5,3000,20,2001,망양로,detatched_multiFamily
부산광역시 동구 좌천동,8**,월세,49.5,200,20,1995,증산로25번길,detatched_multiFamily
부산광역시 동구 좌천동,8**,전세,49.5,4000,0,1995,증산로25번길,detatched_multiFamily
부산광역시 동구 좌천동,6**,월세,49.58,2000,27,1993,좌천남로,detatched_multiFamily
부산광역시 동구 좌천동,6**,전세,49.59,14000,0,1962,고관로141번길,detatched_multiFamily
부산광역시 동구 좌천동,6**,월세,50,1000,30,1991,좌천남로,detatched_multiFamily
부산광역시 동구 좌천동,7**,월세,52.89,300,24,1962,정공단로21번길,detatched_multiFamily
부산광역시 동구 좌천동,7**,월세,54.05,2000,38,1980,정공단로39번길,detatched_multiFamily
부산광역시 동구 좌천동,9**,월세,54.06,2000,20,1990,진성로60번길,detatched_multiFamily
부산광역시 동구 좌천동,8**,월세,54.93,300,20,1992,좌천로,detatched_multiFamily
부산광역시 동구 좌천동,8**,월세,56.1,2000,25,1999,좌천로,detatched_multiFamily
부산광역시 동구 좌천동,9**,월세,56.22,1000,35,2014,증산로6번길,detatched_multiFamily
부산광역시 동구 좌천동,8**,전세,56.58,4500,0,,증산로25번길,detatched_multiFamily
부산광역시 동구 좌천동,1***,월세,58.95,500,10,2007,능풍길7번길,detatched_multiFamily
부산광역시 동구 좌천동,6**,월세,59.31,100,18,1962,고관로,detatched_multiFamily
부산광역시 동구 좌천동,8**,월세,59.5,150,20,1986,성북로1번길,detatched_multiFamily
부산광역시 동구 좌천동,8**,월세,59.5,3000,25,1985,좌천동로,detatched_multiFamily
부산광역시 동구 좌천동,1***,월세,60,2000,20,1988,능풍길,detatched_multiFamily
부산광역시 동구 좌천동,8**,전세,60,10000,0,1991,능풍길,detatched_multiFamily
부산광역시 동구 좌천동,8**,월세,60.3,1000,15,1994,좌천로,detatched_multiFamily
부산광역시 동구 좌천동,6**,월세,62.05,2000,15,1973,정공단로39번길,detatched_multiFamily
부산광역시 동구 좌천동,7**,전세,65.06,3000,0,1962,증산로59번길,detatched_multiFamily
부산광역시 동구 좌천동,8**,월세,65.09,3000,19,1994,증산로,detatched_multiFamily
부산광역시 동구 좌천동,7**,월세,65.91,4500,10,1998,,detatched_multiFamily
부산광역시 동구 좌천동,9**,전세,66,2500,0,1989,증산서로23번길,detatched_multiFamily
부산광역시 동구 좌천동,8**,월세,66.12,1000,23,1990,성북로1번길,detatched_multiFamily
부산광역시 동구 좌천동,9**,월세,68.06,1500,35,1984,진성로68번길,detatched_multiFamily
부산광역시 동구 좌천동,8**,월세,69.26,50,18,1962,고관로153번길,detatched_multiFamily
부산광역시 동구 좌천동,8**,월세,69.9,3000,15,1985,증산서로18번길,detatched_multiFamily
부산광역시 동구 좌천동,8**,월세,70.3,500,25,1971,증산서로,detatched_multiFamily
부산광역시 동구 좌천동,6**,월세,70.55,6000,20,,진성로28번가길,detatched_multiFamily
부산광역시 동구 좌천동,1***,전세,70.94,17000,0,2021,,detatched_multiFamily
부산광역시 동구 좌천동,6**,월세,72.49,6000,40,1992,진성로28번길,detatched_multiFamily
부산광역시 동구 좌천동,6**,월세,72.49,6000,40,1992,진성로28번길,detatched_multiFamily
부산광역시 동구 좌천동,1***,월세,73.66,6000,20,,좌천로,detatched_multiFamily
부산광역시 동구 좌천동,1***,월세,73.66,6000,20,1990,좌천로,detatched_multiFamily
부산광역시 동구 좌천동,7**,월세,76.03,1000,25,1969,정공단로21번가길,detatched_multiFamily
부산광역시 동구 좌천동,7**,월세,78.21,200,20,1978,증산동로,detatched_multiFamily
부산광역시 동구 좌천동,7**,월세,78.88,0,17,1979,증산로113번길,detatched_multiFamily
부산광역시 동구 좌천동,8**,월세,82,4500,25,1998,좌천남로,detatched_multiFamily
부산광역시 동구 좌천동,6**,월세,84.3,5000,30,2002,진성로28번가길,detatched_multiFamily
부산광역시 동구 좌천동,1***,월세,99.24,1000,25,1993,능풍길5번길,detatched_multiFamily
부산광역시 동구 좌천동,7**,월세,105.6,2000,20,1976,성북로,detatched_multiFamily
부산광역시 동구 좌천동,2**,월세,225.4,2000,45,1988,자성로8번길,detatched_multiFamily
부산광역시 동구 초량동,7**,전세,10,100,0,1989,구봉로51번길,detatched_multiFamily
부산광역시 동구 초량동,7**,월세,12,500,25,,망양로580번길,detatched_multiFamily
부산광역시 동구 초량동,7**,월세,13,500,25,,초량북로,detatched_multiFamily
부산광역시 동구 초량동,7**,월세,15,500,20,1996,초량로80번길,detatched_multiFamily
부산광역시 동구 초량동,8**,월세,15,0,10,1979,초량로,detatched_multiFamily
부산광역시 동구 초량동,7**,월세,15,200,15,,초량북로39번길,detatched_multiFamily
부산광역시 동구 초량동,9**,월세,16.53,700,20,,초량상로75번길,detatched_multiFamily
부산광역시 동구 초량동,1***,월세,18.2,150,20,1985,중동길1번길,detatched_multiFamily
부산광역시 동구 초량동,2**,월세,18.54,300,30,1987,초량로,detatched_multiFamily
부산광역시 동구 초량동,8**,월세,20,3000,10,,초량로40번가길,detatched_multiFamily
부산광역시 동구 초량동,7**,월세,20,500,10,,구봉중길5번가길,detatched_multiFamily
부산광역시 동구 초량동,7**,월세,20,100,20,1985,망양로600번가길,detatched_multiFamily
부산광역시 동구 초량동,7**,월세,20,100,15,,초량북로,detatched_multiFamily
부산광역시 동구 초량동,1**,월세,22.55,2500,8,2003,초량상로103번길,detatched_multiFamily
부산광역시 동구 초량동,9**,월세,23.14,400,16,,초량남로17번길,detatched_multiFamily
부산광역시 동구 초량동,8**,월세,24,150,20,,망양로533번길,detatched_multiFamily
부산광역시 동구 초량동,1***,전세,24.15,7000,0,,초량중로33번길,detatched_multiFamily
부산광역시 동구 초량동,1***,전세,25,6000,0,,초량상로,detatched_multiFamily
부산광역시 동구 초량동,9**,월세,25.03,300,29,1985,초량상로63번길,detatched_multiFamily
부산광역시 동구 초량동,2**,전세,25.12,5000,0,,초량상로69번길,detatched_multiFamily
부산광역시 동구 초량동,9**,전세,25.2,4000,0,2002,초량상로89번길,detatched_multiFamily
부산광역시 동구 초량동,1***,월세,25.36,5000,10,,,detatched_multiFamily
부산광역시 동구 초량동,8**,월세,25.45,100,20,,초량로,detatched_multiFamily
부산광역시 동구 초량동,8**,전세,25.59,3500,0,1992,초량남로43번길,detatched_multiFamily
부산광역시 동구 초량동,1***,월세,26.41,500,20,1998,초량상로,detatched_multiFamily
부산광역시 동구 초량동,1***,전세,27.37,4500,0,,중동길3번길,detatched_multiFamily
부산광역시 동구 초량동,2**,월세,27.38,2000,10,2002,중앙대로231번길,detatched_multiFamily
부산광역시 동구 초량동,1***,월세,27.8,200,15,,초량상로61번길,detatched_multiFamily
부산광역시 동구 초량동,8**,월세,28,200,15,,초량로60번길,detatched_multiFamily
부산광역시 동구 초량동,1***,월세,29.46,3000,20,1994,,detatched_multiFamily
부산광역시 동구 초량동,7**,월세,30,0,25,,구봉로,detatched_multiFamily
부산광역시 동구 초량동,8**,월세,30,0,13,,망양로533번길,detatched_multiFamily
부산광역시 동구 초량동,5**,전세,30,6500,0,,중앙대로179번길,detatched_multiFamily
부산광역시 동구 초량동,2**,전세,30,4000,0,,초량중로,detatched_multiFamily
부산광역시 동구 초량동,9**,전세,30,6000,0,2018,초량상로79번길,detatched_multiFamily
부산광역시 동구 초량동,2**,전세,30.74,6500,0,,초량상로69번길,detatched_multiFamily
부산광역시 동구 초량동,5**,월세,30.8,4000,20,,,detatched_multiFamily
부산광역시 동구 초량동,9**,월세,31.16,300,25,1997,초량상로79번가길,detatched_multiFamily
부산광역시 동구 초량동,6**,월세,32.13,6500,10,1970,홍곡로13번길,detatched_multiFamily
부산광역시 동구 초량동,7**,월세,33,500,15,1995,초량북로29번길,detatched_multiFamily
부산광역시 동구 초량동,1**,월세,33,3000,6,,초량상로,detatched_multiFamily
부산광역시 동구 초량동,8**,월세,33,1700,15,,초량로,detatched_multiFamily
부산광역시 동구 초량동,5**,월세,33,300,22,,중앙대로195번가길,detatched_multiFamily
부산광역시 동구 초량동,9**,전세,34.71,4500,0,,영초길,detatched_multiFamily
부산광역시 동구 초량동,9**,전세,35.49,5000,0,2000,초량상로65번길,detatched_multiFamily
부산광역시 동구 초량동,9**,전세,37.08,1000,0,1994,초량상로63번길,detatched_multiFamily
부산광역시 동구 초량동,8**,월세,37.82,1000,30,,초량로,detatched_multiFamily
부산광역시 동구 초량동,7**,월세,38,500,18,1994,초량로80번길,detatched_multiFamily
부산광역시 동구 초량동,1**,월세,38.02,500,24,1970,초량로,detatched_multiFamily
부산광역시 동구 초량동,5**,전세,39.04,5500,0,,중앙대로179번길,detatched_multiFamily
부산광역시 동구 초량동,8**,월세,40,500,15,1985,초량로65번길,detatched_multiFamily
부산광역시 동구 초량동,8**,월세,40,500,35,1993,초량로40번길,detatched_multiFamily
부산광역시 동구 초량동,8**,월세,40,1000,30,1993,초량로,detatched_multiFamily
부산광역시 동구 초량동,1***,월세,40,1000,25,,,detatched_multiFamily
부산광역시 동구 초량동,1**,전세,40,3500,0,,초량상로,detatched_multiFamily
부산광역시 동구 초량동,5**,전세,40,4000,0,1977,초량중로,detatched_multiFamily
부산광역시 동구 초량동,9**,월세,40.29,1000,25,1990,초량상로61번길,detatched_multiFamily
부산광역시 동구 초량동,2**,월세,40.6,500,30,,초량로25번길,detatched_multiFamily
부산광역시 동구 초량동,8**,월세,40.62,3000,20,1988,초량로,detatched_multiFamily
부산광역시 동구 초량동,9**,월세,40.8,500,30,1985,영초길,detatched_multiFamily
부산광역시 동구 초량동,1***,월세,41.03,5000,15,2017,,detatched_multiFamily
부산광역시 동구 초량동,7**,월세,41.16,5500,10,1993,,detatched_multiFamily
부산광역시 동구 초량동,8**,월세,42.29,500,15,2003,영초윗길46번길,detatched_multiFamily
부산광역시 동구 초량동,7**,월세,42.76,3000,10,1995,초량북로17번길,detatched_multiFamily
부산광역시 동구 초량동,7**,전세,43,600,0,,망양로610번길,detatched_multiFamily
부산광역시 동구 초량동,8**,월세,44,500,15,,초량로97번길,detatched_multiFamily
부산광역시 동구 초량동,2**,월세,44.09,2000,25,,초량상로,detatched_multiFamily
부산광역시 동구 초량동,9**,월세,44.23,1000,20,1982,초량상로65번길,detatched_multiFamily
부산광역시 동구 초량동,8**,월세,44.49,4500,25,1992,,detatched_multiFamily
부산광역시 동구 초량동,6**,월세,44.8,500,27,1975,대영로243번길,detatched_multiFamily
부산광역시 동구 초량동,7**,전세,44.95,3000,0,1993,망양로588번길,detatched_multiFamily
부산광역시 동구 초량동,7**,월세,45,500,17,,초량북로,detatched_multiFamily
부산광역시 동구 초량동,1**,월세,45,1000,35,1990,고관로13번길,detatched_multiFamily
부산광역시 동구 초량동,6**,전세,46.26,4000,0,2000,고관로13번길,detatched_multiFamily
부산광역시 동구 초량동,8**,전세,46.28,7000,0,,초량로,detatched_multiFamily
부산광역시 동구 초량동,8**,전세,46.28,7000,0,,초량로,detatched_multiFamily
부산광역시 동구 초량동,1***,월세,47,2000,25,1993,초량상로37번길,detatched_multiFamily
부산광역시 동구 초량동,1***,월세,47.07,3000,15,1991,영초길148번길,detatched_multiFamily
부산광역시 동구 초량동,6**,전세,47.41,2800,0,2000,고관로13번길,detatched_multiFamily
부산광역시 동구 초량동,8**,월세,48,4000,10,1992,초량남로43번길,detatched_multiFamily
부산광역시 동구 초량동,1***,월세,48,7300,15,,초량중로33번길,detatched_multiFamily
부산광역시 동구 초량동,8**,월세,48,5000,10,1992,초량남로43번길,detatched_multiFamily
부산광역시 동구 초량동,9**,전세,48,4000,0,,영초길232번길,detatched_multiFamily
부산광역시 동구 초량동,9**,전세,48.29,2100,0,1989,영초윗길,detatched_multiFamily
부산광역시 동구 초량동,7**,월세,48.76,6000,10,1993,,detatched_multiFamily
부산광역시 동구 초량동,8**,월세,48.93,2000,25,1970,초량로,detatched_multiFamily
부산광역시 동구 초량동,7**,월세,48.96,3000,10,1993,,detatched_multiFamily
부산광역시 동구 초량동,7**,월세,49,6500,10,1993,,detatched_multiFamily
부산광역시 동구 초량동,7**,전세,49.38,3000,0,1998,초량북로,detatched_multiFamily
부산광역시 동구 초량동,8**,월세,49.59,1200,30,2015,초량상로89번길,detatched_multiFamily
부산광역시 동구 초량동,7**,월세,50,200,15,2004,망양로579번길,detatched_multiFamily
부산광역시 동구 초량동,8**,월세,50,2000,15,1994,초량로80번길,detatched_multiFamily
부산광역시 동구 초량동,1**,월세,50,3000,25,1971,중앙대로251번길,detatched_multiFamily
부산광역시 동구 초량동,8**,월세,50,3000,20,1994,초량로73번길,detatched_multiFamily
부산광역시 동구 초량동,9**,월세,50,2000,20,1982,영초길,detatched_multiFamily
부산광역시 동구 초량동,1***,월세,50,1000,25,,초량상로35번길,detatched_multiFamily
부산광역시 동구 초량동,7**,월세,50,500,30,,망양로580번길,detatched_multiFamily
부산광역시 동구 초량동,7**,월세,50,1500,19,1996,구봉로55번길,detatched_multiFamily
부산광역시 동구 초량동,8**,월세,50,1500,30,,초량로,detatched_multiFamily
부산광역시 동구 초량동,9**,전세,50,10000,0,1991,초량상로65번길,detatched_multiFamily
부산광역시 동구 초량동,7**,월세,50.04,5000,20,1991,구봉로,detatched_multiFamily
부산광역시 동구 초량동,6**,월세,50.05,500,28,1972,홍곡로,detatched_multiFamily
부산광역시 동구 초량동,8**,전세,51.44,8000,0,1990,,detatched_multiFamily
부산광역시 동구 초량동,9**,월세,51.57,6000,20,,초량상로69번길,detatched_multiFamily
부산광역시 동구 초량동,9**,월세,51.69,1500,35,1984,영초윗길,detatched_multiFamily
부산광역시 동구 초량동,8**,월세,51.71,500,20,1994,초량로80번길,detatched_multiFamily
부산광역시 동구 초량동,5**,월세,52.47,400,45,1985,초량중로,detatched_multiFamily
부산광역시 동구 초량동,5**,월세,52.47,500,40,1985,초량중로,detatched_multiFamily
부산광역시 동구 초량동,7**,전세,52.85,12000,0,,,detatched_multiFamily
부산광역시 동구 초량동,9**,월세,52.86,3000,45,,초량상로75번길,detatched_multiFamily
부산광역시 동구 초량동,9**,월세,52.89,2300,10,2000,영초길,detatched_multiFamily
부산광역시 동구 초량동,9**,월세,52.89,600,44,1990,초량상로75번길,detatched_multiFamily
부산광역시 동구 초량동,8**,월세,53.21,4000,25,1991,초량남로43번길,detatched_multiFamily
부산광역시 동구 초량동,9**,전세,53.56,9000,0,1992,초량남로17번가길,detatched_multiFamily
부산광역시 동구 초량동,8**,월세,54.16,1000,10,2007,영초윗길62번길,detatched_multiFamily
부산광역시 동구 초량동,7**,월세,54.4,1000,29,1983,초량북로,detatched_multiFamily
부산광역시 동구 초량동,9**,전세,54.51,8000,0,1996,초량상로37번길,detatched_multiFamily
부산광역시 동구 초량동,9**,월세,54.92,1000,58,,초량상로63번길,detatched_multiFamily
부산광역시 동구 초량동,7**,전세,55,5000,0,1994,망양로580번길,detatched_multiFamily
부산광역시 동구 초량동,1***,전세,55.24,8000,0,,초량중로47번길,detatched_multiFamily
부산광역시 동구 초량동,8**,월세,55.44,5500,5,1996,초량남로43번길,detatched_multiFamily
부산광역시 동구 초량동,9*,전세,55.64,2000,0,1967,초량상로,detatched_multiFamily
부산광역시 동구 초량동,7**,월세,56,200,15,,구봉로51번길,detatched_multiFamily
부산광역시 동구 초량동,8**,월세,56.19,2000,30,1997,영초윗길,detatched_multiFamily
부산광역시 동구 초량동,8**,전세,56.19,4000,0,,영초길,detatched_multiFamily
부산광역시 동구 초량동,7**,전세,56.2,6500,0,1994,,detatched_multiFamily
부산광역시 동구 초량동,9**,월세,56.53,1000,30,1995,초량상로79번길,detatched_multiFamily
부산광역시 동구 초량동,8**,전세,56.67,6000,0,1987,,detatched_multiFamily
부산광역시 동구 초량동,8**,전세,56.93,8000,0,2004,영초길211번길,detatched_multiFamily
부산광역시 동구 초량동,8**,전세,56.93,8000,0,2004,,detatched_multiFamily
부산광역시 동구 초량동,8**,월세,57.42,2500,15,1995,초량북로5번길,detatched_multiFamily
부산광역시 동구 초량동,9**,전세,57.65,4500,0,1986,,detatched_multiFamily
부산광역시 동구 초량동,8**,전세,58.13,6500,0,2004,영초길211번길,detatched_multiFamily
부산광역시 동구 초량동,7**,월세,59,0,15,1994,초량북로29번길,detatched_multiFamily
부산광역시 동구 초량동,8**,전세,59,4500,0,1994,초량로75번길,detatched_multiFamily
부산광역시 동구 초량동,9**,월세,59.5,3000,10,1982,영초윗길,detatched_multiFamily
부산광역시 동구 초량동,7**,월세,59.5,2000,20,1982,구봉로49번길,detatched_multiFamily
부산광역시 동구 초량동,9**,월세,60,1000,25,,초량상로51번길,detatched_multiFamily
부산광역시 동구 초량동,7**,월세,60,1500,17,1994,초량북로17번길,detatched_multiFamily
부산광역시 동구 초량동,9**,월세,60.4,600,15,1991,초량상로63번가길,detatched_multiFamily
부산광역시 동구 초량동,1***,월세,61.62,3000,37,1994,초량중로,detatched_multiFamily
부산광역시 동구 초량동,7**,월세,62.23,2000,30,2001,구봉로,detatched_multiFamily
부산광역시 동구 초량동,8**,월세,62.56,2000,35,1986,초량로,detatched_multiFamily
부산광역시 동구 초량동,8**,월세,66,4500,5,,초량상로89번길,detatched_multiFamily
부산광역시 동구 초량동,7**,전세,66,3000,0,,망양로596번길,detatched_multiFamily
부산광역시 동구 초량동,8**,전세,66,4500,0,1999,초량로,detatched_multiFamily
부산광역시 동구 초량동,2**,월세,66.45,4500,20,1995,초량상로,detatched_multiFamily
부산광역시 동구 초량동,9**,전세,66.49,9000,0,2002,초량남로17번길,detatched_multiFamily
부산광역시 동구 초량동,7**,월세,66.84,4500,15,,,detatched_multiFamily
부산광역시 동구 초량동,7**,월세,66.84,4500,15,,구봉로55번길,detatched_multiFamily
부산광역시 동구 초량동,9**,전세,67.71,13000,0,2022,초량로45번길,detatched_multiFamily
부산광역시 동구 초량동,7**,월세,68.91,3000,10,1994,망양로588번길,detatched_multiFamily
부산광역시 동구 초량동,7**,월세,70,1500,20,1994,초량로80번길,detatched_multiFamily
부산광역시 동구 초량동,8**,월세,70.51,50,30,1976,초량로60번길,detatched_multiFamily
부산광역시 동구 초량동,7**,전세,72.59,9000,0,1978,구봉로55번길,detatched_multiFamily
부산광역시 동구 초량동,8**,월세,72.96,7000,40,1988,,detatched_multiFamily
부산광역시 동구 초량동,3**,전세,74.05,7500,0,1971,중앙대로229번길,detatched_multiFamily
부산광역시 동구 초량동,9**,월세,74.53,1000,45,1989,초량남로,detatched_multiFamily
부산광역시 동구 초량동,8**,전세,75.73,10000,0,2002,,detatched_multiFamily
부산광역시 동구 초량동,7**,월세,76,1000,20,,초량북로,detatched_multiFamily
부산광역시 동구 초량동,1***,월세,76.29,10000,20,1990,초량상로,detatched_multiFamily
부산광역시 동구 초량동,7**,월세,77.6,10000,10,1993,망양로610번길,detatched_multiFamily
부산광역시 동구 초량동,6**,월세,77.85,2000,45,1995,대영로239번길,detatched_multiFamily
부산광역시 동구 초량동,1***,월세,78.36,1000,35,1994,초량상로,detatched_multiFamily
부산광역시 동구 초량동,9**,월세,79.33,1500,10,,영초길,detatched_multiFamily
부산광역시 동구 초량동,1**,전세,79.67,8000,0,,초량로,detatched_multiFamily
부산광역시 동구 초량동,9**,월세,82.15,1000,35,1999,영초길252번길,detatched_multiFamily
부산광역시 동구 초량동,9**,월세,82.15,3000,35,1982,초량상로79번길,detatched_multiFamily
부산광역시 동구 초량동,8**,월세,82.64,2700,20,1980,초량상로89번길,detatched_multiFamily
부산광역시 동구 초량동,4**,월세,83.82,3000,25,2002,초량중로68번길,detatched_multiFamily
부산광역시 동구 초량동,6**,전세,85.68,8000,0,1995,중동길,detatched_multiFamily
부산광역시 동구 초량동,7**,월세,85.95,2000,30,1995,초량북로,detatched_multiFamily
부산광역시 동구 초량동,8**,전세,88.85,15000,0,2001,구봉로,detatched_multiFamily
부산광역시 동구 초량동,7**,월세,88.95,2000,18,1995,초량북로,detatched_multiFamily
부산광역시 동구 초량동,8**,월세,89,3000,25,,영초윗길46번길,detatched_multiFamily
부산광역시 동구 초량동,4**,월세,90.37,2000,65,1992,대영로243번길,detatched_multiFamily
부산광역시 동구 초량동,1**,월세,90.39,200,29,2010,홍곡로,detatched_multiFamily
부산광역시 동구 초량동,2**,전세,91.25,10000,0,1994,초량상로,detatched_multiFamily
부산광역시 동구 초량동,2**,월세,92.56,4000,35,1996,초량로25번길,detatched_multiFamily
부산광역시 동구 초량동,9**,전세,94.7,10000,0,1982,영초길,detatched_multiFamily
부산광역시 동구 초량동,9**,월세,95.16,1000,30,2008,초량상로63번가길,detatched_multiFamily
부산광역시 동구 초량동,9**,전세,98.66,8000,0,1990,초량상로79번길,detatched_multiFamily
부산광역시 동구 초량동,3**,월세,99.17,500,55,2002,초량로13번길,detatched_multiFamily
부산광역시 동구 초량동,9**,전세,99.17,6000,0,,영초길247번길,detatched_multiFamily
부산광역시 동구 초량동,8**,월세,100,500,40,,초량로,detatched_multiFamily
부산광역시 동구 초량동,8**,전세,100,8000,0,1995,초량북로5번길,detatched_multiFamily
부산광역시 동구 초량동,9**,월세,107,3000,30,1986,망양로,detatched_multiFamily
부산광역시 동구 초량동,9**,월세,107,4000,15,1986,망양로,detatched_multiFamily
부산광역시 동구 초량동,7**,월세,108.86,3500,10,1995,초량북로17번길,detatched_multiFamily
부산광역시 동구 초량동,6**,월세,108.92,6000,30,,홍곡로,detatched_multiFamily
부산광역시 동구 초량동,9**,월세,110,2000,28,1986,망양로,detatched_multiFamily
부산광역시 동구 초량동,9**,전세,114.86,6500,0,,초량상로65번길,detatched_multiFamily
부산광역시 동구 초량동,8**,월세,115,1500,10,1972,초량로80번길,detatched_multiFamily
부산광역시 동구 초량동,8**,전세,117.39,10000,0,,초량로,detatched_multiFamily
부산광역시 동구 초량동,4**,전세,118.49,12000,0,1987,,detatched_multiFamily
부산광역시 동구 초량동,7**,전세,122,3000,0,1993,망양로588번길,detatched_multiFamily
부산광역시 동구 초량동,9**,전세,126.44,5000,0,2018,초량상로79번길,detatched_multiFamily
부산광역시 동구 초량동,3**,월세,135,2000,25,1983,중앙대로231번길,detatched_multiFamily
부산광역시 동구 초량동,7**,전세,165,5000,0,,초량북로,detatched_multiFamily
부산광역시 동래구 낙민동,2*,전세,12,1000,0,1976,충렬대로322번길,detatched_multiFamily
부산광역시 동래구 낙민동,2**,월세,14.49,200,35,2020,충렬대로238번가길,detatched_multiFamily
부산광역시 동래구 낙민동,2**,월세,19.83,500,40,2020,충렬대로238번가길,detatched_multiFamily
부산광역시 동래구 낙민동,1**,월세,33,1000,10,,충렬대로322번가길,detatched_multiFamily
부산광역시 동래구 낙민동,2*,월세,38,2500,15,1993,반송로175번길,detatched_multiFamily
부산광역시 동래구 낙민동,1**,전세,39,8000,0,1978,낙민로,detatched_multiFamily
부산광역시 동래구 낙민동,1**,전세,43.14,5000,0,1994,온천천로319번가길,detatched_multiFamily
부산광역시 동래구 낙민동,2*,전세,43.73,6000,0,1990,반송로171번길,detatched_multiFamily
부산광역시 동래구 낙민동,1**,월세,52.3,1000,35,1978,낙민로,detatched_multiFamily
부산광역시 동래구 낙민동,2**,월세,52.69,4000,15,1996,충렬대로238번가길,detatched_multiFamily
부산광역시 동래구 낙민동,1**,월세,63.3,1000,40,1974,온천천로319번가길,detatched_multiFamily
부산광역시 동래구 낙민동,2*,월세,64.34,3000,40,1984,반송로171번길,detatched_multiFamily
부산광역시 동래구 낙민동,1**,월세,66.12,8000,40,1971,충렬대로238번가길,detatched_multiFamily
부산광역시 동래구 낙민동,1**,월세,66.12,8000,40,1971,,detatched_multiFamily
부산광역시 동래구 낙민동,1**,월세,66.12,1000,30,1992,온천천로319번가길,detatched_multiFamily
부산광역시 동래구 낙민동,1**,월세,66.84,500,40,1978,낙민로,detatched_multiFamily
부산광역시 동래구 낙민동,1**,월세,78.74,3000,70,1990,온천천로319번가길,detatched_multiFamily
부산광역시 동래구 낙민동,1**,월세,79.2,5000,30,1996,충렬대로238번가길,detatched_multiFamily
부산광역시 동래구 명륜동,3*,월세,10,2000,15,1973,명륜로250번길,detatched_multiFamily
부산광역시 동래구 명륜동,5**,월세,17.65,2000,45,2019,온천천로,detatched_multiFamily
부산광역시 동래구 명륜동,5**,월세,26.68,200,26,2010,온천천로,detatched_multiFamily
부산광역시 동래구 명륜동,5**,월세,30,1000,45,2014,충렬대로,detatched_multiFamily
부산광역시 동래구 명륜동,5**,월세,35.1,1000,45,1995,충렬대로179번길,detatched_multiFamily
부산광역시 동래구 명륜동,8*,월세,35.63,1000,35,1991,시실로24번길,detatched_multiFamily
부산광역시 동래구 명륜동,5**,월세,40,1500,25,1993,,detatched_multiFamily
부산광역시 동래구 명륜동,5**,전세,40.66,8000,0,1994,충렬대로182번가길,detatched_multiFamily
부산광역시 동래구 명륜동,5**,월세,41.73,5000,20,1979,,detatched_multiFamily
부산광역시 동래구 명륜동,2**,월세,42.25,3000,30,1988,명륜로138번길,detatched_multiFamily
부산광역시 동래구 명륜동,7**,월세,44,1000,30,1991,동래로57번길,detatched_multiFamily
부산광역시 동래구 명륜동,5**,월세,49.73,4000,26,1993,충렬대로200번길,detatched_multiFamily
부산광역시 동래구 명륜동,2**,전세,51.76,7000,0,1973,동래로116번길,detatched_multiFamily
부산광역시 동래구 명륜동,6**,월세,56.26,3000,40,1973,명륜로194번길,detatched_multiFamily
부산광역시 동래구 명륜동,6**,월세,56.26,3000,40,1973,명륜로194번길,detatched_multiFamily
부산광역시 동래구 명륜동,3*,전세,56.7,4200,0,1988,명륜로250번길,detatched_multiFamily
부산광역시 동래구 명륜동,5**,전세,65.73,12000,0,1995,충렬대로182번가길,detatched_multiFamily
부산광역시 동래구 명륜동,6**,월세,66.12,4000,40,1973,명륜로194번길,detatched_multiFamily
부산광역시 동래구 명륜동,7**,전세,75.26,10000,0,1989,동래로57번길,detatched_multiFamily
부산광역시 동래구 명륜동,5**,월세,75.56,200,44,2016,충렬대로,detatched_multiFamily
부산광역시 동래구 명륜동,6**,월세,79.34,5000,50,1973,명륜로194번길,detatched_multiFamily
부산광역시 동래구 명륜동,7**,전세,79.63,20000,0,1975,온천천로,detatched_multiFamily
부산광역시 동래구 명륜동,7**,전세,80,20000,0,1973,동래로79번길,detatched_multiFamily
부산광역시 동래구 명륜동,5**,전세,82,7000,0,2003,명륜로139번길,detatched_multiFamily
부산광역시 동래구 명륜동,6**,전세,82.09,13000,0,1977,문화로,detatched_multiFamily
부산광역시 동래구 명륜동,6**,월세,82.4,5000,32,1974,명륜로177번길,detatched_multiFamily
부산광역시 동래구 명륜동,7**,월세,102.6,3000,60,2003,동래로57번길,detatched_multiFamily
부산광역시 동래구 명륜동,7**,월세,102.6,3000,60,2003,,detatched_multiFamily
부산광역시 동래구 명륜동,8*,월세,116.1,1500,60,1991,시실로24번길,detatched_multiFamily
부산광역시 동래구 명륜동,8*,월세,116.1,1500,60,1991,시실로24번길,detatched_multiFamily
부산광역시 동래구 명장동,6*,월세,13,1000,35,2018,명안로53번길,detatched_multiFamily
부산광역시 동래구 명장동,3**,월세,14,300,35,2016,명서로,detatched_multiFamily
부산광역시 동래구 명장동,3**,월세,14,300,37,2016,명서로,detatched_multiFamily
부산광역시 동래구 명장동,1**,월세,15,1000,5,1987,명장로106번길,detatched_multiFamily
부산광역시 동래구 명장동,3**,전세,15,4500,0,2018,,detatched_multiFamily
부산광역시 동래구 명장동,1**,월세,16,200,29,2011,명안로78번길,detatched_multiFamily
부산광역시 동래구 명장동,1**,월세,16,300,20,1990,명장로67번길,detatched_multiFamily
부산광역시 동래구 명장동,3**,월세,17,500,35,2012,반송로339번길,detatched_multiFamily
부산광역시 동래구 명장동,3**,월세,20,1000,35,2012,반송로339번길,detatched_multiFamily
부산광역시 동래구 명장동,1**,월세,21.79,2000,20,2012,명안로53번길,detatched_multiFamily
부산광역시 동래구 명장동,2**,월세,25,2500,15,1995,시실로211번길,detatched_multiFamily
부산광역시 동래구 명장동,3**,월세,25,2000,30,1986,명서로,detatched_multiFamily
부산광역시 동래구 명장동,2**,월세,25,3000,10,1995,시실로211번길,detatched_multiFamily
부산광역시 동래구 명장동,6*,전세,25,8000,0,1977,명안로45번길,detatched_multiFamily
부산광역시 동래구 명장동,6*,전세,25,5000,0,1995,명장로22번길,detatched_multiFamily
부산광역시 동래구 명장동,5**,월세,25.5,2000,5,1987,명서로112번길,detatched_multiFamily
부산광역시 동래구 명장동,3**,월세,26.07,200,32,2002,반송로,detatched_multiFamily
부산광역시 동래구 명장동,2*,월세,27.54,1500,15,1982,충렬사로51번가길,detatched_multiFamily
부산광역시 동래구 명장동,5**,월세,27.78,4000,20,2015,명서로112번길,detatched_multiFamily
부산광역시 동래구 명장동,5**,전세,27.78,4500,0,2015,명서로112번길,detatched_multiFamily
부산광역시 동래구 명장동,5**,전세,27.78,6000,0,2015,명서로112번길,detatched_multiFamily
부산광역시 동래구 명장동,5**,전세,27.78,4700,0,2015,명서로112번길,detatched_multiFamily
부산광역시 동래구 명장동,1**,전세,29,5000,0,1984,명장로22번길,detatched_multiFamily
부산광역시 동래구 명장동,3**,월세,30,0,20,1989,명서로168번가길,detatched_multiFamily
부산광역시 동래구 명장동,1**,월세,30,1000,25,1983,명안로72번길,detatched_multiFamily
부산광역시 동래구 명장동,3**,월세,30,1000,29,1986,반송로,detatched_multiFamily
부산광역시 동래구 명장동,2*,월세,30,500,20,1992,충렬사로51번길,detatched_multiFamily
부산광역시 동래구 명장동,1**,월세,30,1000,30,1987,명안로46번가길,detatched_multiFamily
부산광역시 동래구 명장동,2*,월세,30,2000,15,1989,충렬사로51번길,detatched_multiFamily
부산광역시 동래구 명장동,1**,월세,30,300,12,1992,명안로46번가길,detatched_multiFamily
부산광역시 동래구 명장동,1**,월세,30,500,25,1978,명안로,detatched_multiFamily
부산광역시 동래구 명장동,3**,월세,30.2,500,30,2012,반송로,detatched_multiFamily
부산광역시 동래구 명장동,3**,월세,30.2,500,35,2012,반송로,detatched_multiFamily
부산광역시 동래구 명장동,6*,월세,33,900,25,1977,명안로45번길,detatched_multiFamily
부산광역시 동래구 명장동,1**,월세,33,1000,20,1987,명장로,detatched_multiFamily
부산광역시 동래구 명장동,산7*,월세,33,1000,25,1986,시실로215번길,detatched_multiFamily
부산광역시 동래구 명장동,3**,월세,33,1000,45,2006,명서로,detatched_multiFamily
부산광역시 동래구 명장동,1**,전세,33,1000,0,1987,명장로,detatched_multiFamily
부산광역시 동래구 명장동,6*,월세,33.3,2000,20,1974,명안로53번길,detatched_multiFamily
부산광역시 동래구 명장동,6*,전세,33.3,4000,0,1974,명안로53번길,detatched_multiFamily
부산광역시 동래구 명장동,4**,전세,33.73,2500,0,1989,명장로63번길,detatched_multiFamily
부산광역시 동래구 명장동,2*,월세,33.96,337,5,1994,반송로251번길,detatched_multiFamily
부산광역시 동래구 명장동,1**,전세,35,5500,0,1984,명안로63번길,detatched_multiFamily
부산광역시 동래구 명장동,1**,월세,35.01,2000,20,1978,명안로63번길,detatched_multiFamily
부산광역시 동래구 명장동,1**,월세,35.01,3000,20,1978,명안로63번길,detatched_multiFamily
부산광역시 동래구 명장동,2*,월세,36.52,2000,30,1989,반송로,detatched_multiFamily
부산광역시 동래구 명장동,1**,월세,37,500,25,1986,명장로48번길,detatched_multiFamily
부산광역시 동래구 명장동,2*,월세,37.53,500,25,1983,시실로,detatched_multiFamily
부산광역시 동래구 명장동,2**,월세,37.62,100,12,1979,복천로123번길,detatched_multiFamily
부산광역시 동래구 명장동,6*,월세,37.83,1000,60,2016,명안로53번길,detatched_multiFamily
부산광역시 동래구 명장동,6*,전세,38.4,6000,0,1985,명안로53번길,detatched_multiFamily
부산광역시 동래구 명장동,3**,월세,39,500,35,1992,시실로215번길,detatched_multiFamily
부산광역시 동래구 명장동,5**,전세,39,6000,0,1992,명서로130번길,detatched_multiFamily
부산광역시 동래구 명장동,1**,월세,39.6,0,30,1990,명장로,detatched_multiFamily
부산광역시 동래구 명장동,3**,월세,39.6,1000,40,2012,반송로,detatched_multiFamily
부산광역시 동래구 명장동,6*,월세,40,500,10,1985,명안로45번길,detatched_multiFamily
부산광역시 동래구 명장동,6*,월세,40,1000,10,1985,명안로45번길,detatched_multiFamily
부산광역시 동래구 명장동,6*,월세,40,2000,15,1986,명안로45번길,detatched_multiFamily
부산광역시 동래구 명장동,1**,전세,40,5000,0,1985,명장로127번길,detatched_multiFamily
부산광역시 동래구 명장동,2**,전세,40,11000,0,1982,시실로178번길,detatched_multiFamily
부산광역시 동래구 명장동,6*,전세,40,8000,0,1990,명장로22번길,detatched_multiFamily
부산광역시 동래구 명장동,6*,월세,40.23,1000,30,1994,명장로22번길,detatched_multiFamily
부산광역시 동래구 명장동,6**,월세,41,2000,20,1989,명안로46번마길,detatched_multiFamily
부산광역시 동래구 명장동,1**,월세,41,0,8,1988,명안로86번길,detatched_multiFamily
부산광역시 동래구 명장동,4**,전세,41.1,4000,0,1991,명장로63번다길,detatched_multiFamily
부산광역시 동래구 명장동,5**,월세,42.03,1500,18,1986,명서로112번길,detatched_multiFamily
부산광역시 동래구 명장동,5**,월세,42.03,1500,18,1986,명서로112번길,detatched_multiFamily
부산광역시 동래구 명장동,5**,월세,42.03,1500,18,1986,명서로112번길,detatched_multiFamily
부산광역시 동래구 명장동,1**,월세,42.25,5000,10,1979,명장로48번길,detatched_multiFamily
부산광역시 동래구 명장동,6*,월세,42.84,1000,30,1978,명안로71번길,detatched_multiFamily
부산광역시 동래구 명장동,5**,월세,43.2,2500,20,1995,명서로105번길,detatched_multiFamily
부산광역시 동래구 명장동,1**,월세,43.48,500,60,,명장로106번길,detatched_multiFamily
부산광역시 동래구 명장동,1**,월세,44.16,3000,30,1981,명장로28번길,detatched_multiFamily
부산광역시 동래구 명장동,1**,월세,44.16,3000,30,1981,명장로28번길,detatched_multiFamily
부산광역시 동래구 명장동,3**,전세,45,6000,0,1990,명서로,detatched_multiFamily
부산광역시 동래구 명장동,5**,전세,45,6000,0,1992,명서로130번길,detatched_multiFamily
부산광역시 동래구 명장동,3**,월세,45.78,2500,10,1978,시실로211번길,detatched_multiFamily
부산광역시 동래구 명장동,3**,월세,46.38,1000,43,1984,반송로,detatched_multiFamily
부산광역시 동래구 명장동,6*,월세,46.84,2000,25,1979,명장로20번길,detatched_multiFamily
부산광역시 동래구 명장동,1**,월세,46.88,500,50,,명장로106번길,detatched_multiFamily
부산광역시 동래구 명장동,1**,월세,47,1000,25,1988,명안로78번길,detatched_multiFamily
부산광역시 동래구 명장동,2*,월세,47.03,1000,30,1982,,detatched_multiFamily
부산광역시 동래구 명장동,1**,전세,47.27,8000,0,,명안로77번길,detatched_multiFamily
부산광역시 동래구 명장동,1**,월세,47.4,500,42,1995,명장로,detatched_multiFamily
부산광역시 동래구 명장동,1**,월세,47.4,500,45,1995,명장로,detatched_multiFamily
부산광역시 동래구 명장동,3**,월세,48,500,20,1977,명서로168번가길,detatched_multiFamily
부산광역시 동래구 명장동,1**,전세,48,7000,0,1968,,detatched_multiFamily
부산광역시 동래구 명장동,6*,월세,48.55,1000,33,1984,명안로53번길,detatched_multiFamily
부산광역시 동래구 명장동,1**,월세,48.85,3000,5,1992,명장로99번길,detatched_multiFamily
부산광역시 동래구 명장동,4**,전세,49,3000,0,1991,명장로63번다길,detatched_multiFamily
부산광역시 동래구 명장동,4**,전세,49.2,5000,0,1991,,detatched_multiFamily
부산광역시 동래구 명장동,5**,월세,49.5,800,20,1987,명서로120번길,detatched_multiFamily
부산광역시 동래구 명장동,5**,월세,49.59,1000,25,1971,명서로105번길,detatched_multiFamily
부산광역시 동래구 명장동,6*,전세,49.81,6500,0,1977,명안로85번길,detatched_multiFamily
부산광역시 동래구 명장동,3**,월세,50,3000,20,1994,반송로,detatched_multiFamily
부산광역시 동래구 명장동,6*,전세,50,7000,0,1974,명안로53번길,detatched_multiFamily
부산광역시 동래구 명장동,6*,전세,50,7000,0,1974,명안로53번길,detatched_multiFamily
부산광역시 동래구 명장동,5**,월세,50.25,500,10,1988,명서로114번길,detatched_multiFamily
부산광역시 동래구 명장동,5**,월세,50.68,1000,27,1989,명서로110번길,detatched_multiFamily
부산광역시 동래구 명장동,4**,월세,50.91,200,20,1977,반송로341번길,detatched_multiFamily
부산광역시 동래구 명장동,1**,월세,52.62,5000,10,1979,명안로72번길,detatched_multiFamily
부산광역시 동래구 명장동,2*,월세,52.74,1000,40,1978,반송로251번길,detatched_multiFamily
부산광역시 동래구 명장동,3**,월세,52.79,2000,30,1969,명서로168번가길,detatched_multiFamily
부산광역시 동래구 명장동,2*,월세,52.89,4000,20,1978,반송로251번길,detatched_multiFamily
부산광역시 동래구 명장동,2**,월세,53.26,2000,30,1995,시실로205번길,detatched_multiFamily
부산광역시 동래구 명장동,5**,월세,53.72,500,30,1988,명서로130번길,detatched_multiFamily
부산광역시 동래구 명장동,5**,월세,53.72,500,30,1988,명서로130번길,detatched_multiFamily
부산광역시 동래구 명장동,1**,월세,54.05,5000,10,1989,,detatched_multiFamily
부산광역시 동래구 명장동,1**,월세,54.18,2000,30,1980,명장로,detatched_multiFamily
부산광역시 동래구 명장동,1**,전세,55.08,2000,0,1983,명장로106번길,detatched_multiFamily
부산광역시 동래구 명장동,5**,월세,55.21,2000,20,1990,명서로112번길,detatched_multiFamily
부산광역시 동래구 명장동,4**,월세,56.01,500,10,1988,반송로341번길,detatched_multiFamily
부산광역시 동래구 명장동,1**,월세,56.15,7000,10,,명안로86번길,detatched_multiFamily
부산광역시 동래구 명장동,3**,전세,56.43,5000,0,1978,시실로211번길,detatched_multiFamily
부산광역시 동래구 명장동,1**,전세,57.99,14000,0,1988,명장로106번길,detatched_multiFamily
부산광역시 동래구 명장동,5**,월세,58.3,300,15,1980,시실로,detatched_multiFamily
부산광역시 동래구 명장동,5**,월세,58.4,1000,35,1991,명서로120번길,detatched_multiFamily
부산광역시 동래구 명장동,2*,전세,58.66,2800,0,1992,충렬사로51번길,detatched_multiFamily
부산광역시 동래구 명장동,2**,월세,58.68,9000,10,1978,시실로211번길,detatched_multiFamily
부산광역시 동래구 명장동,5**,월세,59.36,800,30,1987,시실로211번가길,detatched_multiFamily
부산광역시 동래구 명장동,5**,월세,59.73,5000,10,1981,시실로135번길,detatched_multiFamily
부산광역시 동래구 명장동,2**,월세,59.75,3000,10,1987,시실로211번길,detatched_multiFamily
부산광역시 동래구 명장동,5**,월세,59.9,1000,25,1986,명서로112번길,detatched_multiFamily
부산광역시 동래구 명장동,6*,월세,60,1500,29,1979,명장로20번길,detatched_multiFamily
부산광역시 동래구 명장동,6*,전세,60,12000,0,1990,명장로22번길,detatched_multiFamily
부산광역시 동래구 명장동,5**,월세,60.14,1000,30,1983,시실로135번길,detatched_multiFamily
부산광역시 동래구 명장동,5**,전세,60.17,10000,0,1977,명서로105번길,detatched_multiFamily
부산광역시 동래구 명장동,4**,전세,61.45,3500,0,1980,반송로,detatched_multiFamily
부산광역시 동래구 명장동,3**,전세,61.87,7000,0,1977,명서로168번가길,detatched_multiFamily
부산광역시 동래구 명장동,3**,전세,61.95,6000,0,1976,명서로168번길,detatched_multiFamily
부산광역시 동래구 명장동,4**,월세,61.97,2500,30,1992,옥봉로14번길,detatched_multiFamily
부산광역시 동래구 명장동,5**,월세,62.13,2500,25,1988,시실로167번길,detatched_multiFamily
부산광역시 동래구 명장동,5**,월세,62.64,1000,35,1987,시실로135번길,detatched_multiFamily
부산광역시 동래구 명장동,2**,월세,62.84,50,40,1983,시실로178번길,detatched_multiFamily
부산광역시 동래구 명장동,5**,월세,62.87,200,20,1988,시실로167번길,detatched_multiFamily
부산광역시 동래구 명장동,5**,월세,62.87,200,20,1988,시실로167번길,detatched_multiFamily
부산광역시 동래구 명장동,5**,월세,63,300,20,1989,시실로167번길,detatched_multiFamily
부산광역시 동래구 명장동,1**,전세,63,10000,0,1984,명장로22번길,detatched_multiFamily
부산광역시 동래구 명장동,4**,월세,64.1,500,50,2021,명장로63번길,detatched_multiFamily
부산광역시 동래구 명장동,3**,전세,64.46,14000,0,1976,시실로215번길,detatched_multiFamily
부산광역시 동래구 명장동,1**,월세,64.49,1000,35,1987,명안로86번길,detatched_multiFamily
부산광역시 동래구 명장동,3**,월세,65.65,6000,10,1972,명서로168번가길,detatched_multiFamily
부산광역시 동래구 명장동,5*,월세,65.79,3000,30,1985,반송로,detatched_multiFamily
부산광역시 동래구 명장동,1**,전세,66,7000,0,1979,명안로,detatched_multiFamily
부산광역시 동래구 명장동,3**,월세,66.45,300,40,2016,반송로,detatched_multiFamily
부산광역시 동래구 명장동,5**,월세,66.79,2000,45,1987,시실로211번나길,detatched_multiFamily
부산광역시 동래구 명장동,5**,전세,66.97,8000,0,1986,시실로163번길,detatched_multiFamily
부산광역시 동래구 명장동,4**,전세,67.18,6000,0,1982,명장로63번라길,detatched_multiFamily
부산광역시 동래구 명장동,5**,월세,67.81,300,25,1991,명서로105번길,detatched_multiFamily
부산광역시 동래구 명장동,5**,전세,68.04,8000,0,1987,시실로167번길,detatched_multiFamily
부산광역시 동래구 명장동,1**,전세,68.07,13000,0,1979,명안로53번길,detatched_multiFamily
부산광역시 동래구 명장동,4**,월세,68.8,500,35,2021,명장로63번길,detatched_multiFamily
부산광역시 동래구 명장동,5**,월세,69.54,1500,15,1987,시실로167번길,detatched_multiFamily
부산광역시 동래구 명장동,5**,월세,70,4000,15,1997,명서로112번길,detatched_multiFamily
부산광역시 동래구 명장동,4**,월세,70,500,45,2021,명장로63번길,detatched_multiFamily
부산광역시 동래구 명장동,3**,월세,70.27,200,20,1974,명서로168번가길,detatched_multiFamily
부산광역시 동래구 명장동,3**,월세,70.27,1200,20,1974,명서로168번가길,detatched_multiFamily
부산광역시 동래구 명장동,5**,월세,70.6,2500,30,1987,시실로167번길,detatched_multiFamily
부산광역시 동래구 명장동,5**,월세,70.63,1000,30,1981,시실로135번길,detatched_multiFamily
부산광역시 동래구 명장동,5**,월세,72.03,1000,18,1988,시실로159번길,detatched_multiFamily
부산광역시 동래구 명장동,5**,월세,72.03,1000,15,1988,시실로159번길,detatched_multiFamily
부산광역시 동래구 명장동,5**,월세,72.1,0,22,1971,명서로105번길,detatched_multiFamily
부산광역시 동래구 명장동,1**,월세,72.3,11000,20,,명장로28번길,detatched_multiFamily
부산광역시 동래구 명장동,1**,월세,72.3,11000,20,1979,명장로28번길,detatched_multiFamily
부산광역시 동래구 명장동,2**,월세,72.32,4000,30,1978,시실로178번길,detatched_multiFamily
부산광역시 동래구 명장동,1**,전세,72.51,9400,0,1984,명장로48번길,detatched_multiFamily
부산광역시 동래구 명장동,4**,월세,73.02,6000,30,1980,명장로63번길,detatched_multiFamily
부산광역시 동래구 명장동,6*,월세,74.45,4000,40,1978,명안로77번길,detatched_multiFamily
부산광역시 동래구 명장동,2**,월세,76.16,2000,50,1978,시실로178번길,detatched_multiFamily
부산광역시 동래구 명장동,4**,월세,76.78,4000,30,1994,명서로,detatched_multiFamily
부산광역시 동래구 명장동,5**,월세,77.27,500,30,1989,명서로110번길,detatched_multiFamily
부산광역시 동래구 명장동,2*,전세,77.32,2500,0,1991,반송로251번길,detatched_multiFamily
부산광역시 동래구 명장동,5**,월세,77.35,200,20,1988,명서로105번길,detatched_multiFamily
부산광역시 동래구 명장동,1**,월세,77.49,3500,25,1986,명장로64번길,detatched_multiFamily
부산광역시 동래구 명장동,5**,월세,80.2,300,15,1978,시실로211번길,detatched_multiFamily
부산광역시 동래구 명장동,4**,월세,80.97,300,25,1990,명서로,detatched_multiFamily
부산광역시 동래구 명장동,5**,월세,81.8,300,18,1978,명서로105번길,detatched_multiFamily
부산광역시 동래구 명장동,2*,월세,81.98,0,35,1977,반송로,detatched_multiFamily
부산광역시 동래구 명장동,5**,전세,82.01,3000,0,1990,시실로167번길,detatched_multiFamily
부산광역시 동래구 명장동,3**,월세,82.16,500,20,1979,반송로,detatched_multiFamily
부산광역시 동래구 명장동,2*,월세,82.25,8000,30,1978,,detatched_multiFamily
부산광역시 동래구 명장동,6**,전세,83.48,13000,0,1988,명안로46번다길,detatched_multiFamily
부산광역시 동래구 명장동,5**,월세,83.59,200,17,1990,명서로105번길,detatched_multiFamily
부산광역시 동래구 명장동,1**,전세,83.88,10000,0,1982,명안로,detatched_multiFamily
부산광역시 동래구 명장동,1**,월세,84,1000,30,1993,명안로86번길,detatched_multiFamily
부산광역시 동래구 명장동,1**,월세,84.2,3000,40,1979,명장로22번길,detatched_multiFamily
부산광역시 동래구 명장동,1**,전세,84.36,3000,0,1982,명장로48번길,detatched_multiFamily
부산광역시 동래구 명장동,5**,월세,84.65,4000,25,1987,시실로211번가길,detatched_multiFamily
부산광역시 동래구 명장동,5**,월세,85,3000,50,1987,명서로,detatched_multiFamily
부산광역시 동래구 명장동,2**,월세,85.28,1000,15,1990,복천로123번길,detatched_multiFamily
부산광역시 동래구 명장동,3**,월세,85.58,1000,45,1988,시실로211번길,detatched_multiFamily
부산광역시 동래구 명장동,5**,월세,89.01,2000,20,1989,명서로110번길,detatched_multiFamily
부산광역시 동래구 명장동,6*,전세,89.16,16000,0,1990,명장로22번길,detatched_multiFamily
부산광역시 동래구 명장동,6*,전세,89.16,16000,0,1990,명장로22번길,detatched_multiFamily
부산광역시 동래구 명장동,1**,전세,89.42,5000,0,1984,명장로48번길,detatched_multiFamily
부산광역시 동래구 명장동,6*,월세,90.72,3000,40,1983,명안로85번길,detatched_multiFamily
부산광역시 동래구 명장동,5**,전세,91.33,3000,0,1991,명서로105번길,detatched_multiFamily
부산광역시 동래구 명장동,2**,월세,92.63,2000,20,1990,시실로178번길,detatched_multiFamily
부산광역시 동래구 명장동,5**,월세,94.38,6000,25,1989,명서로112번길,detatched_multiFamily
부산광역시 동래구 명장동,5**,월세,95.55,500,20,1987,반송로341번길,detatched_multiFamily
부산광역시 동래구 명장동,3**,전세,97.52,3000,0,1974,시실로211번길,detatched_multiFamily
부산광역시 동래구 명장동,5**,월세,102.84,500,20,1986,명서로114번길,detatched_multiFamily
부산광역시 동래구 명장동,2*,월세,103.62,500,20,1990,반송로251번길,detatched_multiFamily
부산광역시 동래구 명장동,6**,월세,104.69,2500,10,1988,명안로46번다길,detatched_multiFamily
부산광역시 동래구 명장동,2**,월세,109.14,10000,15,1975,시실로205번길,detatched_multiFamily
부산광역시 동래구 명장동,5**,전세,111.12,4700,0,2015,명서로112번길,detatched_multiFamily
부산광역시 동래구 명장동,6*,월세,117.04,1000,29,2016,명안로53번길,detatched_multiFamily
부산광역시 동래구 명장동,3**,월세,119.08,4000,55,2003,반송로339번길,detatched_multiFamily
부산광역시 동래구 명장동,1**,월세,125.61,500,30,1986,명장로106번길,detatched_multiFamily
부산광역시 동래구 명장동,6*,전세,128.04,20000,0,1979,명안로45번길,detatched_multiFamily
부산광역시 동래구 명장동,1**,전세,130.25,10000,0,1978,명안로,detatched_multiFamily
부산광역시 동래구 명장동,1**,월세,146.84,1000,23,1977,명안로63번길,detatched_multiFamily
부산광역시 동래구 명장동,6*,전세,169.9,7000,0,1974,명안로53번길,detatched_multiFamily
부산광역시 동래구 복천동,1**,월세,21.49,50,10,1957,동래로151번길,detatched_multiFamily
부산광역시 동래구 복천동,2*,전세,27,1700,0,1992,복천로41번길,detatched_multiFamily
부산광역시 동래구 복천동,5**,월세,30,200,15,1990,복천로5번길,detatched_multiFamily
부산광역시 동래구 복천동,9*,전세,32.86,2000,0,,동래로157번길,detatched_multiFamily
부산광역시 동래구 복천동,8*,월세,33,300,8,1967,동래로157번나길,detatched_multiFamily
부산광역시 동래구 복천동,7*,전세,39.67,3000,0,1966,동래로159번길,detatched_multiFamily
부산광역시 동래구 복천동,1**,월세,40.13,300,10,1983,동래로152번길,detatched_multiFamily
부산광역시 동래구 복천동,4**,전세,40.4,5500,0,1992,동래로,detatched_multiFamily
부산광역시 동래구 복천동,4**,전세,40.45,8000,0,1993,동래로134번길,detatched_multiFamily
부산광역시 동래구 복천동,6*,전세,40.57,4000,0,1996,동래로179번길,detatched_multiFamily
부산광역시 동래구 복천동,4**,월세,40.66,1000,30,1977,동래로116번길,detatched_multiFamily
부산광역시 동래구 복천동,5**,월세,42.9,300,17,1990,복천로5번길,detatched_multiFamily
부산광역시 동래구 복천동,4**,월세,43.14,2000,18,1988,동래로134번가길,detatched_multiFamily
부산광역시 동래구 복천동,4**,월세,49.01,300,15,1984,동래로134번가길,detatched_multiFamily
부산광역시 동래구 복천동,3*,전세,49.22,4000,0,1994,복천로41번가길,detatched_multiFamily
부산광역시 동래구 복천동,4**,월세,50,2000,20,1991,동래로134번길,detatched_multiFamily
부산광역시 동래구 복천동,1**,전세,50,2000,0,1995,복천로14번길,detatched_multiFamily
부산광역시 동래구 복천동,1**,전세,50.94,4000,0,1985,복천로14번길,detatched_multiFamily
부산광역시 동래구 복천동,2*,월세,54.6,2000,30,2001,복천로41번나길,detatched_multiFamily
부산광역시 동래구 복천동,9*,월세,56.2,1000,30,1969,동래로159번길,detatched_multiFamily
부산광역시 동래구 복천동,2*,전세,59.5,5000,0,1991,복천로,detatched_multiFamily
부산광역시 동래구 복천동,2*,전세,61.44,3000,0,1994,복천로41번나길,detatched_multiFamily
부산광역시 동래구 복천동,1**,전세,73.06,9000,0,1936,복천로14번길,detatched_multiFamily
부산광역시 동래구 복천동,4*,월세,78.14,500,35,1991,복천로,detatched_multiFamily
부산광역시 동래구 복천동,2*,전세,83.97,5000,0,1992,복천로41번길,detatched_multiFamily
부산광역시 동래구 복천동,7*,월세,90.58,4000,18,1976,동래로,detatched_multiFamily
부산광역시 동래구 사직동,8**,전세,10,6500,0,2017,,detatched_multiFamily
부산광역시 동래구 사직동,8**,월세,13.22,100,10,1990,아시아드대로145번가길,detatched_multiFamily
부산광역시 동래구 사직동,8**,월세,13.22,100,15,1971,아시아드대로161번길,detatched_multiFamily
부산광역시 동래구 사직동,1**,월세,13.22,200,21,1984,미남로38번길,detatched_multiFamily
부산광역시 동래구 사직동,5*,월세,13.22,0,25,1978,사직북로28번길,detatched_multiFamily
부산광역시 동래구 사직동,1**,월세,15,3000,5,2012,여고로127번길,detatched_multiFamily
부산광역시 동래구 사직동,1**,월세,15,1500,30,1995,여고로63번길,detatched_multiFamily
부산광역시 동래구 사직동,7*,월세,15.93,200,24,2010,석사로18번길,detatched_multiFamily
부산광역시 동래구 사직동,7*,월세,17,300,32,,아시아드대로171번길,detatched_multiFamily
부산광역시 동래구 사직동,7*,월세,18.32,1000,21,2011,아시아드대로171번길,detatched_multiFamily
부산광역시 동래구 사직동,7*,월세,19.68,300,25,2010,석사로18번길,detatched_multiFamily
부산광역시 동래구 사직동,4**,월세,19.8,1000,30,2016,아시아드대로161번길,detatched_multiFamily
부산광역시 동래구 사직동,4**,월세,19.8,1000,30,2016,아시아드대로161번길,detatched_multiFamily
부산광역시 동래구 사직동,2*,월세,20,1000,10,1990,사직북로48번길,detatched_multiFamily
부산광역시 동래구 사직동,1**,월세,20,3000,8,2012,여고로127번길,detatched_multiFamily
부산광역시 동래구 사직동,8**,월세,20,500,15,1984,아시아드대로161번길,detatched_multiFamily
부산광역시 동래구 사직동,1**,월세,20,500,15,1982,여고로103번길,detatched_multiFamily
부산광역시 동래구 사직동,7*,월세,21.49,200,27,2010,석사로18번길,detatched_multiFamily
부산광역시 동래구 사직동,1**,월세,23.14,200,18,1977,여고로63번길,detatched_multiFamily
부산광역시 동래구 사직동,8**,월세,23.15,200,20,1984,아시아드대로145번나길,detatched_multiFamily
부산광역시 동래구 사직동,7*,월세,23.9,200,23,2011,아시아드대로171번길,detatched_multiFamily
부산광역시 동래구 사직동,1*,월세,24,200,13,1987,석사북로,detatched_multiFamily
부산광역시 동래구 사직동,1*,월세,24,200,15,1987,석사북로,detatched_multiFamily
부산광역시 동래구 사직동,1**,월세,24.5,500,18,1991,여고로63번길,detatched_multiFamily
부산광역시 동래구 사직동,1**,월세,24.79,300,10,1975,중앙대로1277번길,detatched_multiFamily
부산광역시 동래구 사직동,1*,월세,25,500,20,1985,사직북로48번길,detatched_multiFamily
부산광역시 동래구 사직동,4**,전세,25,7000,0,2016,아시아드대로161번길,detatched_multiFamily
부산광역시 동래구 사직동,8**,전세,25.12,6000,0,2017,아시아드대로145번나길,detatched_multiFamily
부산광역시 동래구 사직동,4**,전세,26.4,7000,0,2012,아시아드대로161번길,detatched_multiFamily
부산광역시 동래구 사직동,8**,전세,26.4,6500,0,2017,아시아드대로145번나길,detatched_multiFamily
부산광역시 동래구 사직동,1**,월세,26.45,300,30,2012,여고로127번길,detatched_multiFamily
부산광역시 동래구 사직동,7*,월세,26.8,100,27,2010,석사로18번길,detatched_multiFamily
부산광역시 동래구 사직동,1**,월세,27,100,30,2003,여고로103번길,detatched_multiFamily
부산광역시 동래구 사직동,5*,월세,27.5,200,10,1975,사직북로34번길,detatched_multiFamily
부산광역시 동래구 사직동,3**,전세,28,2500,0,1994,여고북로34번길,detatched_multiFamily
부산광역시 동래구 사직동,1**,월세,28.65,200,20,1978,여고로,detatched_multiFamily
부산광역시 동래구 사직동,3**,월세,28.96,2500,10,1984,아시아드대로184번길,detatched_multiFamily
부산광역시 동래구 사직동,1**,월세,29,500,30,1977,아시아드대로114번길,detatched_multiFamily
부산광역시 동래구 사직동,1**,월세,29.55,2000,10,1989,중앙대로1277번길,detatched_multiFamily
부산광역시 동래구 사직동,1*,월세,29.75,500,15,1987,아시아드대로181번길,detatched_multiFamily
부산광역시 동래구 사직동,7*,월세,30,300,32,2010,석사로18번길,detatched_multiFamily
부산광역시 동래구 사직동,6*,월세,30,3000,20,1969,아시아드대로170번길,detatched_multiFamily
부산광역시 동래구 사직동,1**,월세,30,500,25,1992,아시아드대로154번길,detatched_multiFamily
부산광역시 동래구 사직동,1**,월세,30,8000,25,1988,여고로75번길,detatched_multiFamily
부산광역시 동래구 사직동,1**,월세,30,0,7,1977,여고로103번길,detatched_multiFamily
부산광역시 동래구 사직동,8**,전세,30,1000,0,1990,아시아드대로161번가길,detatched_multiFamily
부산광역시 동래구 사직동,4**,전세,30,7000,0,2012,석사로34번길,detatched_multiFamily
부산광역시 동래구 사직동,4**,전세,30.45,8000,0,2016,아시아드대로161번길,detatched_multiFamily
부산광역시 동래구 사직동,1**,월세,30.84,200,20,1981,여고로,detatched_multiFamily
부산광역시 동래구 사직동,1**,월세,31,2500,15,1989,중앙대로1267번길,detatched_multiFamily
부산광역시 동래구 사직동,4*,월세,31.12,3500,20,1977,사직북로34번길,detatched_multiFamily
부산광역시 동래구 사직동,3**,전세,31.7,3500,0,1984,아시아드대로184번길,detatched_multiFamily
부산광역시 동래구 사직동,3**,전세,31.7,3500,0,1984,아시아드대로184번길,detatched_multiFamily
부산광역시 동래구 사직동,1**,월세,31.94,2000,18,1974,여고로75번길,detatched_multiFamily
부산광역시 동래구 사직동,1**,월세,31.98,500,30,1976,미남로,detatched_multiFamily
부산광역시 동래구 사직동,1**,월세,32.1,500,20,1992,중앙대로1267번길,detatched_multiFamily
부산광역시 동래구 사직동,7*,월세,33,5000,40,1974,석사로,detatched_multiFamily
부산광역시 동래구 사직동,1**,월세,33,100,5,1985,여고로91번길,detatched_multiFamily
부산광역시 동래구 사직동,1**,월세,33,500,20,1991,여고로75번길,detatched_multiFamily
부산광역시 동래구 사직동,1**,월세,33,1000,25,1991,중앙대로1267번길,detatched_multiFamily
부산광역시 동래구 사직동,6*,월세,33,500,25,2010,아시아드대로176번길,detatched_multiFamily
부산광역시 동래구 사직동,7*,월세,33,1000,40,2020,석사로34번길,detatched_multiFamily
부산광역시 동래구 사직동,7*,월세,33,3000,15,1975,사직로14번가길,detatched_multiFamily
부산광역시 동래구 사직동,1**,전세,33,5000,0,1991,중앙대로1277번길,detatched_multiFamily
부산광역시 동래구 사직동,1**,전세,33,6000,0,1991,중앙대로1277번길,detatched_multiFamily
부산광역시 동래구 사직동,1*,전세,33.5,4000,0,1986,사직북로48번길,detatched_multiFamily
부산광역시 동래구 사직동,1**,월세,34.82,1000,20,1990,여고로91번길,detatched_multiFamily
부산광역시 동래구 사직동,1**,월세,35,500,25,1991,여고로103번길,detatched_multiFamily
부산광역시 동래구 사직동,7**,월세,35,1000,20,1989,사직로14번길,detatched_multiFamily
부산광역시 동래구 사직동,7*,월세,35,6000,10,2013,아시아드대로163번길,detatched_multiFamily
부산광역시 동래구 사직동,9**,월세,35,300,10,1989,쇠미로27번길,detatched_multiFamily
부산광역시 동래구 사직동,1**,월세,35.04,2000,30,1979,여고로113번길,detatched_multiFamily
부산광역시 동래구 사직동,1**,월세,35.38,1500,20,1991,여고로113번길,detatched_multiFamily
부산광역시 동래구 사직동,1**,월세,35.48,6000,15,1993,,detatched_multiFamily
부산광역시 동래구 사직동,1**,월세,36.36,30,8,1973,여고로51번길,detatched_multiFamily
부산광역시 동래구 사직동,4*,월세,36.36,500,35,1980,사직북로28번길,detatched_multiFamily
부산광역시 동래구 사직동,2*,월세,36.63,1000,40,1978,아시아드대로181번가길,detatched_multiFamily
부산광역시 동래구 사직동,1**,월세,36.96,1700,20,1990,여고로75번길,detatched_multiFamily
부산광역시 동래구 사직동,7*,전세,37,5000,0,1995,사직로14번가길,detatched_multiFamily
부산광역시 동래구 사직동,6*,월세,37.58,1000,20,1991,아시아드대로184번길,detatched_multiFamily
부산광역시 동래구 사직동,7*,월세,37.95,4000,30,2014,아시아드대로171번길,detatched_multiFamily
부산광역시 동래구 사직동,1**,월세,38,1000,20,1975,여고로63번길,detatched_multiFamily
부산광역시 동래구 사직동,2*,월세,38.08,1000,25,1990,사직북로48번길,detatched_multiFamily
부산광역시 동래구 사직동,1**,월세,38.67,500,20,1993,아시아드대로114번길,detatched_multiFamily
부산광역시 동래구 사직동,5*,월세,39.06,3000,27,1988,사직북로28번길,detatched_multiFamily
부산광역시 동래구 사직동,9*,전세,39.34,7000,0,1977,사직북로13번길,detatched_multiFamily
부산광역시 동래구 사직동,7*,전세,39.42,25000,0,,아시아드대로171번길,detatched_multiFamily
부산광역시 동래구 사직동,6*,월세,39.56,3000,20,1993,아시아드대로176번길,detatched_multiFamily
부산광역시 동래구 사직동,1*,월세,39.6,500,20,1974,석사북로,detatched_multiFamily
부산광역시 동래구 사직동,2*,월세,39.67,1800,15,1977,석사북로,detatched_multiFamily
부산광역시 동래구 사직동,6*,월세,39.67,1000,35,1992,아시아드대로163번길,detatched_multiFamily
부산광역시 동래구 사직동,1**,월세,40,3000,20,1974,여고로75번길,detatched_multiFamily
부산광역시 동래구 사직동,1**,월세,40,1500,25,1996,여고로103번길,detatched_multiFamily
부산광역시 동래구 사직동,1**,월세,40,1500,25,1996,여고로103번길,detatched_multiFamily
부산광역시 동래구 사직동,1**,월세,40,4000,5,1996,여고로103번길,detatched_multiFamily
부산광역시 동래구 사직동,2*,월세,40,800,25,1990,사직북로48번길,detatched_multiFamily
부산광역시 동래구 사직동,1**,월세,40,2000,30,1973,여고로75번길,detatched_multiFamily
부산광역시 동래구 사직동,5*,전세,40,10000,0,1977,아시아드대로,detatched_multiFamily
부산광역시 동래구 사직동,8**,전세,40,13000,0,,아시아드대로145번나길,detatched_multiFamily
부산광역시 동래구 사직동,6*,월세,40.02,8000,10,1991,,detatched_multiFamily
부산광역시 동래구 사직동,6*,월세,40.44,2000,30,1972,여고북로,detatched_multiFamily
부산광역시 동래구 사직동,1**,월세,40.79,2000,16,1995,여고북로,detatched_multiFamily
부산광역시 동래구 사직동,1**,월세,40.79,2000,16,1995,여고북로,detatched_multiFamily
부산광역시 동래구 사직동,1**,월세,41.18,4000,15,1982,여고로135번길,detatched_multiFamily
부산광역시 동래구 사직동,1**,전세,41.26,5000,0,1994,아시아드대로108번길,detatched_multiFamily
부산광역시 동래구 사직동,7*,월세,41.98,10000,15,1978,아시아드대로171번길,detatched_multiFamily
부산광역시 동래구 사직동,7*,월세,41.98,10000,15,1978,,detatched_multiFamily
부산광역시 동래구 사직동,7*,월세,42,1000,30,1989,사직로58번길,detatched_multiFamily
부산광역시 동래구 사직동,7*,전세,42,5000,0,1993,사직로14번가길,detatched_multiFamily
부산광역시 동래구 사직동,4*,월세,42.33,1000,30,1993,사직북로33번길,detatched_multiFamily
부산광역시 동래구 사직동,8**,전세,42.74,6500,0,1987,,detatched_multiFamily
부산광역시 동래구 사직동,1*,월세,42.9,2000,15,1991,석사북로,detatched_multiFamily
부산광역시 동래구 사직동,1**,월세,43,3000,20,1990,여고로63번다길,detatched_multiFamily
부산광역시 동래구 사직동,4*,월세,43.08,10000,20,,사직북로57번길,detatched_multiFamily
부산광역시 동래구 사직동,1**,월세,43.11,500,30,1995,여고로91번길,detatched_multiFamily
부산광역시 동래구 사직동,7*,월세,43.12,3000,33,1994,아시아드대로171번길,detatched_multiFamily
부산광역시 동래구 사직동,1**,월세,43.12,1000,25,1990,중앙대로1267번길,detatched_multiFamily
부산광역시 동래구 사직동,4**,전세,43.23,15000,0,,아시아드대로161번길,detatched_multiFamily
부산광역시 동래구 사직동,1**,월세,43.63,2000,30,1977,여고로103번길,detatched_multiFamily
부산광역시 동래구 사직동,1**,월세,43.64,2500,25,1977,여고로113번길,detatched_multiFamily
부산광역시 동래구 사직동,1**,월세,43.64,2500,25,1977,여고로113번길,detatched_multiFamily
부산광역시 동래구 사직동,1**,월세,44,5000,10,1988,여고로63번길,detatched_multiFamily
부산광역시 동래구 사직동,1**,월세,44,4500,20,1988,여고로63번길,detatched_multiFamily
부산광역시 동래구 사직동,3**,전세,44,5000,0,1994,여고북로34번길,detatched_multiFamily
부산광역시 동래구 사직동,1**,월세,44.38,6000,5,1988,아시아드대로134번길,detatched_multiFamily
부산광역시 동래구 사직동,2*,전세,45,9000,0,1982,사직북로57번길,detatched_multiFamily
부산광역시 동래구 사직동,1**,월세,45.05,1000,33,1991,중앙대로1267번길,detatched_multiFamily
부산광역시 동래구 사직동,2**,월세,45.36,420,5,1991,아시아드대로154번길,detatched_multiFamily
부산광역시 동래구 사직동,1**,월세,46,1000,20,1975,중앙대로1267번길,detatched_multiFamily
부산광역시 동래구 사직동,1**,월세,46.62,3000,30,2004,여고로75번길,detatched_multiFamily
부산광역시 동래구 사직동,1**,월세,46.62,3000,30,2004,여고로75번길,detatched_multiFamily
부산광역시 동래구 사직동,5*,월세,46.67,1000,20,1976,사직북로28번길,detatched_multiFamily
부산광역시 동래구 사직동,1**,월세,47.13,10000,20,1984,중앙대로1277번길,detatched_multiFamily
부산광역시 동래구 사직동,1**,전세,47.23,12000,0,1978,,detatched_multiFamily
부산광역시 동래구 사직동,1**,전세,47.23,12000,0,,중앙대로1277번길,detatched_multiFamily
부산광역시 동래구 사직동,9*,월세,47.6,10000,10,1978,사직북로5번길,detatched_multiFamily
부산광역시 동래구 사직동,4**,전세,48.63,3000,0,1984,아시아드대로164번길,detatched_multiFamily
부산광역시 동래구 사직동,1**,월세,49,500,35,1991,여고로75번길,detatched_multiFamily
부산광역시 동래구 사직동,1**,월세,49.09,1000,40,1976,여고로91번길,detatched_multiFamily
부산광역시 동래구 사직동,1**,월세,49.17,3000,30,1974,중앙대로1277번길,detatched_multiFamily
부산광역시 동래구 사직동,1**,월세,49.59,2000,30,1983,여고로113번길,detatched_multiFamily
부산광역시 동래구 사직동,7*,월세,49.59,3000,20,1989,사직로14번가길,detatched_multiFamily
부산광역시 동래구 사직동,2*,월세,49.59,1000,30,1991,석사북로,detatched_multiFamily
부산광역시 동래구 사직동,1**,월세,49.59,1000,40,1980,여고로63번길,detatched_multiFamily
부산광역시 동래구 사직동,6**,월세,50,1000,20,1991,쇠미로59번길,detatched_multiFamily
부산광역시 동래구 사직동,9**,월세,50,300,40,1997,쇠미로31번길,detatched_multiFamily
부산광역시 동래구 사직동,1**,월세,50.49,1000,40,1976,여고로75번길,detatched_multiFamily
부산광역시 동래구 사직동,1**,월세,50.7,1000,35,1983,여고로91번길,detatched_multiFamily
부산광역시 동래구 사직동,5*,월세,51.02,3000,20,1992,사직북로28번길,detatched_multiFamily
부산광역시 동래구 사직동,5**,월세,51.03,1000,20,1993,쇠미로119번길,detatched_multiFamily
부산광역시 동래구 사직동,1**,전세,51.4,8000,0,1976,여고로91번길,detatched_multiFamily
부산광역시 동래구 사직동,1**,전세,51.4,8000,0,,여고로91번길,detatched_multiFamily
부산광역시 동래구 사직동,5**,월세,51.44,500,25,1986,쇠미로71번길,detatched_multiFamily
부산광역시 동래구 사직동,4*,월세,51.57,3000,20,1978,사직북로57번가길,detatched_multiFamily
부산광역시 동래구 사직동,4*,월세,51.6,1000,35,1978,사직북로47번길,detatched_multiFamily
부산광역시 동래구 사직동,1**,월세,51.87,1000,35,1995,여고로63번길,detatched_multiFamily
부산광역시 동래구 사직동,3**,월세,52,1500,40,1990,여고북로60번길,detatched_multiFamily
부산광역시 동래구 사직동,6*,월세,52.27,2000,20,1987,아시아드대로176번길,detatched_multiFamily
부산광역시 동래구 사직동,3**,월세,52.36,5000,25,1979,여고북로34번길,detatched_multiFamily
부산광역시 동래구 사직동,1**,월세,53,4000,20,1978,여고로113번길,detatched_multiFamily
부산광역시 동래구 사직동,1**,월세,53,2000,22,1978,여고로113번길,detatched_multiFamily
부산광역시 동래구 사직동,5*,월세,53.22,400,18,1977,사직북로28번길,detatched_multiFamily
부산광역시 동래구 사직동,1**,전세,54.64,7000,0,1981,아시아드대로164번길,detatched_multiFamily
부산광역시 동래구 사직동,8**,전세,54.84,12000,0,2015,아시아드대로145번나길,detatched_multiFamily
부산광역시 동래구 사직동,7*,월세,54.88,7500,15,1977,,detatched_multiFamily
부산광역시 동래구 사직동,7*,월세,54.88,7500,15,1977,아시아드대로171번길,detatched_multiFamily
부산광역시 동래구 사직동,1**,월세,55,1000,70,1977,중앙대로1267번길,detatched_multiFamily
부산광역시 동래구 사직동,1**,월세,55,500,20,1990,여고로91번길,detatched_multiFamily
부산광역시 동래구 사직동,1**,전세,55.62,13000,0,1983,미남로,detatched_multiFamily
부산광역시 동래구 사직동,1**,월세,57.15,2000,40,1984,여고로75번길,detatched_multiFamily
부산광역시 동래구 사직동,5*,월세,57.19,11000,10,1974,여고북로,detatched_multiFamily
부산광역시 동래구 사직동,1**,전세,57.78,13000,0,1985,아시아드대로126번길,detatched_multiFamily
부산광역시 동래구 사직동,9*,월세,57.92,6000,15,1980,사직북로5번길,detatched_multiFamily
부산광역시 동래구 사직동,7*,전세,58.26,8000,0,1984,사직북로13번길,detatched_multiFamily
부산광역시 동래구 사직동,1**,월세,58.47,5000,35,1991,중앙대로1267번길,detatched_multiFamily
부산광역시 동래구 사직동,1**,월세,58.47,5000,35,1991,중앙대로1267번길,detatched_multiFamily
부산광역시 동래구 사직동,1**,월세,58.48,2000,30,1978,중앙대로1267번길,detatched_multiFamily
부산광역시 동래구 사직동,1**,월세,58.5,5000,20,1983,여고로91번길,detatched_multiFamily
부산광역시 동래구 사직동,3**,월세,58.56,3000,40,1984,여고북로,detatched_multiFamily
부산광역시 동래구 사직동,7*,전세,58.68,13500,0,1984,아시아드대로171번길,detatched_multiFamily
부산광역시 동래구 사직동,7*,월세,59,300,20,1984,석사로18번길,detatched_multiFamily
부산광역시 동래구 사직동,7*,월세,59,6000,30,1985,아시아드대로161번가길,detatched_multiFamily
부산광역시 동래구 사직동,2*,월세,59.36,2500,40,1985,사직북로48번길,detatched_multiFamily
부산광역시 동래구 사직동,1**,월세,59.4,10000,20,1985,,detatched_multiFamily
부산광역시 동래구 사직동,6**,월세,59.5,100,30,1991,쇠미로59번길,detatched_multiFamily
부산광역시 동래구 사직동,1**,월세,59.5,1000,40,1975,중앙대로1277번길,detatched_multiFamily
부산광역시 동래구 사직동,4*,월세,59.63,5000,25,1983,사직북로47번길,detatched_multiFamily
부산광역시 동래구 사직동,5*,월세,59.85,4500,20,1984,사직북로28번길,detatched_multiFamily
부산광역시 동래구 사직동,7*,월세,60,4000,40,1978,석사로,detatched_multiFamily
부산광역시 동래구 사직동,7*,월세,60,2000,35,1976,석사로18번길,detatched_multiFamily
부산광역시 동래구 사직동,9*,전세,60.03,9000,0,1978,사직북로13번길,detatched_multiFamily
부산광역시 동래구 사직동,5*,월세,60.41,4000,30,1989,사직북로28번길,detatched_multiFamily
부산광역시 동래구 사직동,1**,월세,60.98,8000,10,1995,,detatched_multiFamily
부산광역시 동래구 사직동,1**,월세,61.1,2500,32,1991,여고로113번길,detatched_multiFamily
부산광역시 동래구 사직동,1**,월세,61.1,2500,32,1991,여고로113번길,detatched_multiFamily
부산광역시 동래구 사직동,7*,월세,61.35,1000,70,1974,아시아드대로171번길,detatched_multiFamily
부산광역시 동래구 사직동,3**,월세,61.47,3000,30,1987,여고로51번길,detatched_multiFamily
부산광역시 동래구 사직동,1**,월세,62.68,500,15,1982,여고로63번길,detatched_multiFamily
부산광역시 동래구 사직동,6*,월세,62.89,1000,30,1990,아시아드대로170번길,detatched_multiFamily
부산광역시 동래구 사직동,2*,월세,63,100,20,1983,사직북로47번길,detatched_multiFamily
부산광역시 동래구 사직동,1**,월세,63,4500,20,1991,여고로75번길,detatched_multiFamily
부산광역시 동래구 사직동,1**,월세,63.05,3000,45,1992,여고로63번길,detatched_multiFamily
부산광역시 동래구 사직동,1**,전세,63.8,10000,0,1978,,detatched_multiFamily
부산광역시 동래구 사직동,2**,전세,63.91,11000,0,1982,아시아드대로154번길,detatched_multiFamily
부산광역시 동래구 사직동,8**,월세,64,200,20,1984,아시아드대로145번나길,detatched_multiFamily
부산광역시 동래구 사직동,7*,전세,64.22,11000,0,,사직로14번가길,detatched_multiFamily
부산광역시 동래구 사직동,7*,전세,64.22,11000,0,1995,사직로14번가길,detatched_multiFamily
부산광역시 동래구 사직동,1**,월세,64.79,3000,50,1981,여고로135번길,detatched_multiFamily
부산광역시 동래구 사직동,1**,월세,64.8,2000,40,1983,여고로113번길,detatched_multiFamily
부산광역시 동래구 사직동,1**,월세,65.11,2000,30,1994,여고로91번길,detatched_multiFamily
부산광역시 동래구 사직동,1**,월세,65.13,4000,30,1988,여고로103번길,detatched_multiFamily
부산광역시 동래구 사직동,2*,전세,65.22,5000,0,1983,사직북로57번길,detatched_multiFamily
부산광역시 동래구 사직동,1**,전세,65.45,3000,0,1977,여고로127번길,detatched_multiFamily
부산광역시 동래구 사직동,6**,월세,65.6,1000,40,1991,쇠미로59번길,detatched_multiFamily
부산광역시 동래구 사직동,1**,월세,65.7,300,30,2013,여고로91번길,detatched_multiFamily
부산광역시 동래구 사직동,1**,월세,65.79,2000,25,1990,중앙대로1267번길,detatched_multiFamily
부산광역시 동래구 사직동,4*,전세,65.93,15000,0,1985,사직북로57번길,detatched_multiFamily
부산광역시 동래구 사직동,1**,월세,65.99,500,20,1985,미남로38번길,detatched_multiFamily
부산광역시 동래구 사직동,1**,월세,66.06,2000,40,1983,여고로75번길,detatched_multiFamily
부산광역시 동래구 사직동,3**,월세,66.08,1500,50,1986,여고로51번길,detatched_multiFamily
부산광역시 동래구 사직동,1**,전세,66.14,12000,0,1978,,detatched_multiFamily
부산광역시 동래구 사직동,1**,월세,66.65,10000,20,1978,중앙대로1285번길,detatched_multiFamily
부산광역시 동래구 사직동,1**,월세,66.65,10000,20,1978,,detatched_multiFamily
부산광역시 동래구 사직동,1**,월세,66.75,1000,48,1982,여고로75번길,detatched_multiFamily
부산광역시 동래구 사직동,1*,월세,66.75,500,30,1985,사직북로,detatched_multiFamily
부산광역시 동래구 사직동,1**,월세,66.78,2000,35,1984,미남로,detatched_multiFamily
부산광역시 동래구 사직동,1**,월세,67,1000,50,1978,여고로113번길,detatched_multiFamily
부산광역시 동래구 사직동,1**,월세,67.27,4000,30,1984,중앙대로1267번길,detatched_multiFamily
부산광역시 동래구 사직동,5**,전세,67.59,10000,0,1990,쇠미로71번길,detatched_multiFamily
부산광역시 동래구 사직동,5*,월세,68,500,25,1989,사직북로28번길,detatched_multiFamily
부산광역시 동래구 사직동,1**,월세,68.47,200,20,1989,여고로103번길,detatched_multiFamily
부산광역시 동래구 사직동,9*,월세,68.6,4500,25,1996,사직북로5번길,detatched_multiFamily
부산광역시 동래구 사직동,1**,월세,69.04,1000,20,1990,여고로91번길,detatched_multiFamily
부산광역시 동래구 사직동,1**,월세,69.15,11000,5,1982,여고로75번길,detatched_multiFamily
부산광역시 동래구 사직동,1**,월세,69.15,11000,5,1982,여고로75번길,detatched_multiFamily
부산광역시 동래구 사직동,1**,월세,69.75,4000,35,1984,여고로75번길,detatched_multiFamily
부산광역시 동래구 사직동,1**,월세,70.28,700,70,1997,아시아드대로108번길,detatched_multiFamily
부산광역시 동래구 사직동,1**,전세,70.49,13000,0,1985,여고로127번길,detatched_multiFamily
부산광역시 동래구 사직동,4*,월세,70.7,7000,20,1987,사직북로28번길,detatched_multiFamily
부산광역시 동래구 사직동,5*,월세,71.4,3000,30,2003,사직북로28번길,detatched_multiFamily
부산광역시 동래구 사직동,5*,월세,71.4,3000,30,2003,사직북로28번길,detatched_multiFamily
부산광역시 동래구 사직동,1**,월세,71.5,7000,40,1980,여고로51번길,detatched_multiFamily
부산광역시 동래구 사직동,6*,월세,73.03,1000,18,1986,아시아드대로184번길,detatched_multiFamily
부산광역시 동래구 사직동,6*,월세,73.03,1000,18,1986,아시아드대로184번길,detatched_multiFamily
부산광역시 동래구 사직동,5*,월세,73.2,2000,50,1976,사직북로28번길,detatched_multiFamily
부산광역시 동래구 사직동,5*,월세,73.2,2000,50,1976,사직북로28번길,detatched_multiFamily
부산광역시 동래구 사직동,1**,월세,73.55,5000,40,1983,여고로51번길,detatched_multiFamily
부산광역시 동래구 사직동,7*,전세,73.62,14000,0,1982,석사로,detatched_multiFamily
부산광역시 동래구 사직동,7*,전세,73.9,13500,0,1984,사직북로13번길,detatched_multiFamily
부산광역시 동래구 사직동,1**,월세,74.39,6000,25,1990,여고로63번다길,detatched_multiFamily
부산광역시 동래구 사직동,1**,월세,74.58,200,20,1982,여고로63번가길,detatched_multiFamily
부산광역시 동래구 사직동,1**,월세,75.96,5000,15,1974,중앙대로1277번길,detatched_multiFamily
부산광역시 동래구 사직동,5**,월세,76.42,500,45,1986,쇠미로71번길,detatched_multiFamily
부산광역시 동래구 사직동,5**,월세,76.42,500,45,1986,쇠미로71번길,detatched_multiFamily
부산광역시 동래구 사직동,5**,월세,76.42,0,30,1986,쇠미로71번길,detatched_multiFamily
부산광역시 동래구 사직동,1**,월세,76.77,500,45,1985,여고로91번길,detatched_multiFamily
부산광역시 동래구 사직동,1**,월세,76.77,6000,20,1985,여고로91번길,detatched_multiFamily
부산광역시 동래구 사직동,7*,전세,77.01,13000,0,1984,사직로58번길,detatched_multiFamily
부산광역시 동래구 사직동,7*,전세,77.24,15000,0,1993,사직로14번가길,detatched_multiFamily
부산광역시 동래구 사직동,4*,전세,77.3,10000,0,1987,사직북로28번길,detatched_multiFamily
부산광역시 동래구 사직동,7*,월세,78.68,1000,50,1977,아시아드대로171번길,detatched_multiFamily
부산광역시 동래구 사직동,7*,월세,78.99,300,49,2012,석사로18번길,detatched_multiFamily
부산광역시 동래구 사직동,5*,월세,79.11,8000,25,1973,,detatched_multiFamily
부산광역시 동래구 사직동,5*,월세,79.11,8000,13,1973,사직북로28번길,detatched_multiFamily
부산광역시 동래구 사직동,5**,월세,79.14,500,23,1987,쇠미로71번길,detatched_multiFamily
부산광역시 동래구 사직동,1**,월세,79.16,3000,20,1982,여고로63번길,detatched_multiFamily
부산광역시 동래구 사직동,3**,월세,79.34,5000,25,1979,여고북로34번길,detatched_multiFamily
부산광역시 동래구 사직동,1**,전세,79.66,8000,0,1983,여고로103번길,detatched_multiFamily
부산광역시 동래구 사직동,1**,전세,79.9,15000,0,1978,중앙대로1277번길,detatched_multiFamily
부산광역시 동래구 사직동,1**,전세,79.9,15000,0,1978,중앙대로1277번길,detatched_multiFamily
부산광역시 동래구 사직동,7*,전세,80,15000,0,1988,석사로,detatched_multiFamily
부산광역시 동래구 사직동,3**,전세,80,10000,0,1986,여고북로46번길,detatched_multiFamily
부산광역시 동래구 사직동,1**,월세,80.24,3000,40,1975,중앙대로1277번길,detatched_multiFamily
부산광역시 동래구 사직동,1**,월세,80.87,500,20,1992,중앙대로1277번길,detatched_multiFamily
부산광역시 동래구 사직동,7*,전세,80.87,15000,0,1982,석사로,detatched_multiFamily
부산광역시 동래구 사직동,1**,월세,81.04,3000,30,1984,중앙대로1285번길,detatched_multiFamily
부산광역시 동래구 사직동,1**,전세,81.3,7000,0,1982,여고로63번길,detatched_multiFamily
부산광역시 동래구 사직동,5*,월세,81.36,8000,30,1978,사직북로34번길,detatched_multiFamily
부산광역시 동래구 사직동,5*,전세,81.36,18000,0,1978,사직북로34번길,detatched_multiFamily
부산광역시 동래구 사직동,1**,전세,81.98,14500,0,1977,중앙대로1267번길,detatched_multiFamily
부산광역시 동래구 사직동,1**,월세,82.31,9000,25,1978,,detatched_multiFamily
부산광역시 동래구 사직동,5**,전세,82.36,5000,0,1988,쇠미로119번길,detatched_multiFamily
부산광역시 동래구 사직동,1**,월세,82.58,5000,40,1983,중앙대로1267번길,detatched_multiFamily
부산광역시 동래구 사직동,8**,전세,82.8,14000,0,2015,아시아드대로145번나길,detatched_multiFamily
부산광역시 동래구 사직동,1**,월세,83.18,8000,35,1985,아시아드대로126번길,detatched_multiFamily
부산광역시 동래구 사직동,8**,월세,83.78,100,28,2002,아시아드대로161번가길,detatched_multiFamily
부산광역시 동래구 사직동,1**,월세,83.88,8000,20,1990,여고로75번길,detatched_multiFamily
부산광역시 동래구 사직동,6*,월세,84.28,1000,20,1973,아시아드대로170번길,detatched_multiFamily
부산광역시 동래구 사직동,4*,월세,84.4,3000,60,1980,사직로70번길,detatched_multiFamily
부산광역시 동래구 사직동,1**,월세,84.49,10000,30,1997,중앙대로1277번길,detatched_multiFamily
부산광역시 동래구 사직동,1*,월세,84.8,4000,25,1987,사직북로48번길,detatched_multiFamily
부산광역시 동래구 사직동,1**,월세,84.98,5000,28,1979,중앙대로1277번길,detatched_multiFamily
부산광역시 동래구 사직동,1**,월세,86.64,1000,40,1991,미남로,detatched_multiFamily
부산광역시 동래구 사직동,1**,월세,87.12,11000,10,1994,중앙대로1267번길,detatched_multiFamily
부산광역시 동래구 사직동,1**,월세,89.07,10000,15,1996,여고로113번길,detatched_multiFamily
부산광역시 동래구 사직동,1**,월세,90.56,3000,45,1983,여고로103번길,detatched_multiFamily
부산광역시 동래구 사직동,5*,전세,91.97,20000,0,1977,사직북로34번길,detatched_multiFamily
부산광역시 동래구 사직동,1**,월세,92.23,10000,30,1997,중앙대로1277번길,detatched_multiFamily
부산광역시 동래구 사직동,1**,전세,92.7,11000,0,1996,여고로,detatched_multiFamily
부산광역시 동래구 사직동,8**,월세,92.79,1000,20,1990,아시아드대로145번가길,detatched_multiFamily
부산광역시 동래구 사직동,1**,월세,92.97,8000,20,1992,아시아드대로134번길,detatched_multiFamily
부산광역시 동래구 사직동,7*,월세,97.12,500,27,2010,석사로18번길,detatched_multiFamily
부산광역시 동래구 사직동,3**,전세,97.12,5200,0,1978,여고북로34번길,detatched_multiFamily
부산광역시 동래구 사직동,1**,월세,98.01,3000,20,1995,아시아드대로134번길,detatched_multiFamily
부산광역시 동래구 사직동,7*,월세,98.82,4000,30,1989,사직북로13번길,detatched_multiFamily
부산광역시 동래구 사직동,7*,전세,99.15,13000,0,1988,사직북로19번길,detatched_multiFamily
부산광역시 동래구 사직동,1**,전세,99.2,30000,0,1984,아시아드대로134번길,detatched_multiFamily
부산광역시 동래구 사직동,2*,월세,99.45,500,50,1983,사직북로57번길,detatched_multiFamily
부산광역시 동래구 사직동,3**,전세,99.67,3000,0,1985,여고북로,detatched_multiFamily
부산광역시 동래구 사직동,7*,월세,107.46,100,24,2010,석사로18번길,detatched_multiFamily
부산광역시 동래구 사직동,7*,월세,107.46,200,28,2010,석사로18번길,detatched_multiFamily
부산광역시 동래구 사직동,2*,월세,107.73,10000,40,1990,아시아드대로181번가길,detatched_multiFamily
부산광역시 동래구 사직동,2*,월세,107.73,10000,40,1990,,detatched_multiFamily
부산광역시 동래구 사직동,2*,전세,111.44,15000,0,2016,사직북로63번길,detatched_multiFamily
부산광역시 동래구 사직동,6*,월세,112.69,500,45,2009,아시아드대로176번길,detatched_multiFamily
부산광역시 동래구 사직동,5*,월세,114.61,6000,35,1973,사직북로34번길,detatched_multiFamily
부산광역시 동래구 사직동,5**,월세,114.63,2500,25,1993,쇠미로71번길,detatched_multiFamily
부산광역시 동래구 사직동,8**,월세,115.68,500,40,2013,아시아드대로161번가길,detatched_multiFamily
부산광역시 동래구 사직동,1**,전세,116,15000,0,1977,중앙대로1267번길,detatched_multiFamily
부산광역시 동래구 사직동,1**,전세,116,14000,0,1977,중앙대로1267번길,detatched_multiFamily
부산광역시 동래구 사직동,1**,월세,123.93,8000,20,1988,중앙대로1267번길,detatched_multiFamily
부산광역시 동래구 사직동,4*,월세,126,1000,30,1991,사직북로57번길,detatched_multiFamily
부산광역시 동래구 사직동,1**,월세,126.53,10000,60,1984,여고로113번길,detatched_multiFamily
부산광역시 동래구 사직동,5*,전세,131.57,5000,0,1978,사직북로34번길,detatched_multiFamily
부산광역시 동래구 사직동,5*,전세,131.57,5500,0,1978,사직북로34번길,detatched_multiFamily
부산광역시 동래구 사직동,9*,월세,133.76,2000,80,1991,사직북로13번길,detatched_multiFamily
부산광역시 동래구 사직동,4*,월세,135.24,2000,40,1986,사직북로57번길,detatched_multiFamily
부산광역시 동래구 사직동,1*,월세,149.76,1000,25,1991,석사북로,detatched_multiFamily
부산광역시 동래구 사직동,4**,월세,152.25,1000,36,2016,아시아드대로161번길,detatched_multiFamily
부산광역시 동래구 사직동,4**,월세,152.25,3000,20,2016,아시아드대로161번길,detatched_multiFamily
부산광역시 동래구 사직동,4**,월세,152.25,300,44,2016,아시아드대로161번길,detatched_multiFamily
부산광역시 동래구 사직동,2*,월세,153.7,1000,35,1991,석사북로,detatched_multiFamily
부산광역시 동래구 사직동,2*,월세,158.7,1800,15,1977,석사북로,detatched_multiFamily
부산광역시 동래구 사직동,2*,전세,158.7,3000,0,1977,석사북로,detatched_multiFamily
부산광역시 동래구 사직동,8**,월세,161.68,3500,30,2017,아시아드대로145번나길,detatched_multiFamily
부산광역시 동래구 사직동,1*,월세,178,2000,25,1983,석사북로,detatched_multiFamily
부산광역시 동래구 사직동,5*,월세,197.44,4700,30,1983,사직북로28번길,detatched_multiFamily
부산광역시 동래구 수안동,*,월세,18.36,1900,17,,,detatched_multiFamily
부산광역시 동래구 수안동,6**,전세,19.8,7000,0,2016,온천천로,detatched_multiFamily
부산광역시 동래구 수안동,6**,전세,19.88,6500,0,2016,온천천로,detatched_multiFamily
부산광역시 동래구 수안동,6**,전세,22.25,7000,0,2016,온천천로,detatched_multiFamily
부산광역시 동래구 수안동,3**,월세,28.45,500,40,2010,명륜로112번길,detatched_multiFamily
부산광역시 동래구 수안동,3*,월세,30,500,20,1982,온천천로337번길,detatched_multiFamily
부산광역시 동래구 수안동,3**,월세,33.06,500,12,1966,명륜로112번길,detatched_multiFamily
부산광역시 동래구 수안동,3*,월세,40.68,1000,25,1982,온천천로285번길,detatched_multiFamily
부산광역시 동래구 수안동,3**,월세,45,2000,30,1992,충렬대로237번가길,detatched_multiFamily
부산광역시 동래구 수안동,3*,월세,47.5,5000,30,1979,온천천로337번길,detatched_multiFamily
부산광역시 동래구 수안동,5**,월세,47.6,5500,25,2019,,detatched_multiFamily
부산광역시 동래구 수안동,*,월세,48.58,3000,30,1978,명륜로63번길,detatched_multiFamily
부산광역시 동래구 수안동,3*,월세,49.02,5000,15,1979,,detatched_multiFamily
부산광역시 동래구 수안동,3*,월세,52.9,500,35,1982,수안로,detatched_multiFamily
부산광역시 동래구 수안동,3**,월세,53.38,1000,30,1967,충렬대로245번길,detatched_multiFamily
부산광역시 동래구 수안동,3*,월세,55.92,500,45,1987,온천천로319번나길,detatched_multiFamily
부산광역시 동래구 수안동,*,월세,56.26,2000,30,1996,명륜로63번길,detatched_multiFamily
부산광역시 동래구 수안동,3*,전세,61.49,4000,0,1980,온천천로,detatched_multiFamily
부산광역시 동래구 수안동,*,월세,64.98,2000,29,1980,명륜로63번길,detatched_multiFamily
부산광역시 동래구 수안동,1**,전세,65.97,15000,0,1983,온천천로319번길,detatched_multiFamily
부산광역시 동래구 수안동,1**,전세,65.97,15000,0,1983,온천천로319번길,detatched_multiFamily
부산광역시 동래구 수안동,3*,월세,67.47,1000,35,1983,온천천로301번길,detatched_multiFamily
부산광역시 동래구 수안동,3**,월세,67.5,1000,20,1993,충렬대로245번길,detatched_multiFamily
부산광역시 동래구 수안동,3*,월세,79.33,2000,40,1979,온천천로301번길,detatched_multiFamily
부산광역시 동래구 수안동,5**,월세,80,10000,40,,명륜로92번길,detatched_multiFamily
부산광역시 동래구 수안동,5**,월세,80,10000,40,2019,명륜로92번길,detatched_multiFamily
부산광역시 동래구 수안동,1*,월세,83.37,4000,40,1978,온천천로253번길,detatched_multiFamily
부산광역시 동래구 수안동,5**,월세,88.92,4500,60,2019,명륜로92번길,detatched_multiFamily
부산광역시 동래구 수안동,5**,월세,88.92,5000,45,2019,명륜로92번길,detatched_multiFamily
부산광역시 동래구 수안동,1*,월세,93.45,4000,30,2003,명륜로45번길,detatched_multiFamily
부산광역시 동래구 수안동,1*,월세,102.66,200,30,2003,온천천로253번길,detatched_multiFamily
부산광역시 동래구 안락동,4**,월세,10,100,22,2010,충렬대로375번길,detatched_multiFamily
부산광역시 동래구 안락동,4**,월세,13,3000,15,2020,명안로17번길,detatched_multiFamily
부산광역시 동래구 안락동,4**,월세,13.2,3000,10,1983,명안로18번길,detatched_multiFamily
부산광역시 동래구 안락동,4**,월세,13.2,100,18,1979,안락로17번길,detatched_multiFamily
부산광역시 동래구 안락동,6**,월세,13.22,100,15,1987,온천천로431번길,detatched_multiFamily
부산광역시 동래구 안락동,4**,전세,13.77,9000,0,1976,충렬대로331번길,detatched_multiFamily
부산광역시 동래구 안락동,1**,월세,14,70,33,1991,연안로59번길,detatched_multiFamily
부산광역시 동래구 안락동,4**,전세,14,4000,0,2020,명안로17번길,detatched_multiFamily
부산광역시 동래구 안락동,4**,월세,15,500,20,1985,명안로39번길,detatched_multiFamily
부산광역시 동래구 안락동,4**,월세,15,0,10,1983,명안로9번길,detatched_multiFamily
부산광역시 동래구 안락동,4**,월세,15,500,20,1987,명안로9번길,detatched_multiFamily
부산광역시 동래구 안락동,4**,월세,16,500,28,2017,명안로17번길,detatched_multiFamily
부산광역시 동래구 안락동,4**,월세,16,200,40,2017,명안로17번길,detatched_multiFamily
부산광역시 동래구 안락동,4**,월세,16,2000,35,2017,안락로17번길,detatched_multiFamily
부산광역시 동래구 안락동,1*,월세,16.5,300,23,,,detatched_multiFamily
부산광역시 동래구 안락동,4**,월세,16.5,200,10,1985,명안로17번길,detatched_multiFamily
부산광역시 동래구 안락동,4**,월세,17,3000,15,2016,명안로18번길,detatched_multiFamily
부산광역시 동래구 안락동,6**,전세,18,5000,0,2011,안남로,detatched_multiFamily
부산광역시 동래구 안락동,5**,전세,18.29,1083,0,,,detatched_multiFamily
부산광역시 동래구 안락동,4**,월세,18.61,2500,35,2020,반송로218번길,detatched_multiFamily
부산광역시 동래구 안락동,4**,월세,18.61,3000,30,2020,반송로218번길,detatched_multiFamily
부산광역시 동래구 안락동,4**,월세,18.61,3000,30,2020,반송로218번길,detatched_multiFamily
부산광역시 동래구 안락동,4**,월세,19.8,500,10,1976,명안로39번길,detatched_multiFamily
부산광역시 동래구 안락동,5**,월세,19.83,200,30,2009,명안로9번길,detatched_multiFamily
부산광역시 동래구 안락동,5**,월세,20,300,13,1973,명안로,detatched_multiFamily
부산광역시 동래구 안락동,8**,월세,20,2200,3,1976,충렬대로331번길,detatched_multiFamily
부산광역시 동래구 안락동,5**,월세,20,200,30,2009,명안로9번길,detatched_multiFamily
부산광역시 동래구 안락동,5**,전세,20,2000,0,1973,명안로9번길,detatched_multiFamily
부산광역시 동래구 안락동,6**,전세,21.7,4800,0,1982,,detatched_multiFamily
부산광역시 동래구 안락동,4**,월세,22,500,30,2011,충렬대로387번길,detatched_multiFamily
부산광역시 동래구 안락동,1**,월세,22.7,5000,4,2016,연안로59번길,detatched_multiFamily
부산광역시 동래구 안락동,6**,월세,22.74,1000,50,2016,연안로51번길,detatched_multiFamily
부산광역시 동래구 안락동,4**,월세,23.14,500,20,1979,충렬대로375번길,detatched_multiFamily
부산광역시 동래구 안락동,5**,월세,24,1000,40,2017,충렬대로409번길,detatched_multiFamily
부산광역시 동래구 안락동,4**,월세,24,500,40,1989,충렬대로459번길,detatched_multiFamily
부산광역시 동래구 안락동,4**,월세,24,200,18,1988,명안로10번길,detatched_multiFamily
부산광역시 동래구 안락동,4**,월세,24.07,2000,28,2010,안락로13번길,detatched_multiFamily
부산광역시 동래구 안락동,4**,월세,24.12,2000,35,,안락로17번길,detatched_multiFamily
부산광역시 동래구 안락동,4**,월세,24.4,100,15,1989,명안로25번길,detatched_multiFamily
부산광역시 동래구 안락동,4**,월세,24.5,300,45,,안연로102번길,detatched_multiFamily
부산광역시 동래구 안락동,4**,월세,25,500,38,2017,반송로208번가길,detatched_multiFamily
부산광역시 동래구 안락동,5**,전세,25.05,6000,0,1985,,detatched_multiFamily
부산광역시 동래구 안락동,2**,월세,26.4,2000,30,2010,연안로51번길,detatched_multiFamily
부산광역시 동래구 안락동,5**,월세,26.4,300,25,1986,충렬대로409번길,detatched_multiFamily
부산광역시 동래구 안락동,4**,월세,26.4,500,20,1991,안락로51번길,detatched_multiFamily
부산광역시 동래구 안락동,4**,월세,26.4,200,20,1979,안락로,detatched_multiFamily
부산광역시 동래구 안락동,6**,월세,26.4,500,15,1977,연안로51번길,detatched_multiFamily
부산광역시 동래구 안락동,4**,월세,26.41,1000,65,2021,안연로102번길,detatched_multiFamily
부산광역시 동래구 안락동,4**,월세,26.41,1500,65,,안연로102번길,detatched_multiFamily
부산광역시 동래구 안락동,4**,월세,26.41,1500,65,2021,안연로102번길,detatched_multiFamily
부산광역시 동래구 안락동,4**,월세,26.41,1000,63,2021,안연로102번길,detatched_multiFamily
부산광역시 동래구 안락동,4**,월세,28,300,35,2017,명안로17번길,detatched_multiFamily
부산광역시 동래구 안락동,4**,월세,28,700,53,2018,반송로208번가길,detatched_multiFamily
부산광역시 동래구 안락동,4**,월세,28,2000,40,2018,반송로208번가길,detatched_multiFamily
부산광역시 동래구 안락동,6**,전세,28,10000,0,2018,충렬대로410번길,detatched_multiFamily
부산광역시 동래구 안락동,4**,월세,28.22,1000,65,2021,안연로102번길,detatched_multiFamily
부산광역시 동래구 안락동,4**,전세,28.62,3000,0,1991,안락로,detatched_multiFamily
부산광역시 동래구 안락동,4**,전세,28.68,14000,0,,안락로17번길,detatched_multiFamily
부산광역시 동래구 안락동,4**,전세,29,6000,0,2013,안연로110번길,detatched_multiFamily
부산광역시 동래구 안락동,6**,월세,29.7,500,30,1991,연안로51번길,detatched_multiFamily
부산광역시 동래구 안락동,5**,월세,29.7,500,25,1974,충렬대로446번길,detatched_multiFamily
부산광역시 동래구 안락동,8**,전세,29.75,3500,0,1991,충렬대로331번길,detatched_multiFamily
부산광역시 동래구 안락동,1***,월세,30,500,22,1987,명안로46번라길,detatched_multiFamily
부산광역시 동래구 안락동,9**,월세,30,100,20,,명륜로112번길,detatched_multiFamily
부산광역시 동래구 안락동,6**,월세,30,2000,27,1989,온천천로431번길,detatched_multiFamily
부산광역시 동래구 안락동,6**,월세,30,1000,55,2018,충렬대로410번길,detatched_multiFamily
부산광역시 동래구 안락동,4**,월세,30,5000,22,2013,안연로110번길,detatched_multiFamily
부산광역시 동래구 안락동,4**,전세,30,4000,0,1982,명안로39번길,detatched_multiFamily
부산광역시 동래구 안락동,4**,월세,30.1,300,32,2013,충렬대로387번길,detatched_multiFamily
부산광역시 동래구 안락동,1**,월세,30.26,2000,15,1977,충렬대로446번나길,detatched_multiFamily
부산광역시 동래구 안락동,2**,월세,31.12,15000,20,,온천천로457번길,detatched_multiFamily
부산광역시 동래구 안락동,6**,전세,31.92,5750,0,2011,안남로,detatched_multiFamily
부산광역시 동래구 안락동,4**,월세,33,300,22,1994,충렬대로335번길,detatched_multiFamily
부산광역시 동래구 안락동,4**,월세,33,500,20,1991,명안로25번길,detatched_multiFamily
부산광역시 동래구 안락동,5**,월세,33,200,20,1978,충렬대로405번길,detatched_multiFamily
부산광역시 동래구 안락동,6**,월세,33,800,20,1993,온천천로471번가길,detatched_multiFamily
부산광역시 동래구 안락동,4**,월세,33,500,20,1989,충렬대로331번길,detatched_multiFamily
부산광역시 동래구 안락동,4**,월세,33,0,40,1990,반송로,detatched_multiFamily
부산광역시 동래구 안락동,4**,월세,33,100,10,1985,명장로20번길,detatched_multiFamily
부산광역시 동래구 안락동,6**,월세,33,1000,20,1987,연안로51번길,detatched_multiFamily
부산광역시 동래구 안락동,4**,월세,33,1500,10,1988,명안로25번길,detatched_multiFamily
부산광역시 동래구 안락동,9**,월세,33,5000,10,2013,반송로247번길,detatched_multiFamily
부산광역시 동래구 안락동,4**,월세,33,1000,25,1990,안락로,detatched_multiFamily
부산광역시 동래구 안락동,4**,월세,33,2000,15,1992,충렬대로375번길,detatched_multiFamily
부산광역시 동래구 안락동,6**,월세,33,4000,15,1991,연안로51번길,detatched_multiFamily
부산광역시 동래구 안락동,4**,월세,33,100,25,1984,안연로110번길,detatched_multiFamily
부산광역시 동래구 안락동,4**,월세,33,200,16,1979,안락로17번길,detatched_multiFamily
부산광역시 동래구 안락동,6**,월세,33,2000,10,1989,안남로,detatched_multiFamily
부산광역시 동래구 안락동,4**,월세,33,2500,45,2014,충렬대로387번길,detatched_multiFamily
부산광역시 동래구 안락동,4**,월세,33,300,20,1986,충렬대로375번길,detatched_multiFamily
부산광역시 동래구 안락동,4**,월세,33,2000,20,1978,명안로25번길,detatched_multiFamily
부산광역시 동래구 안락동,4**,월세,33,200,18,1979,안락로17번길,detatched_multiFamily
부산광역시 동래구 안락동,4**,전세,33,13000,0,1980,충렬대로359번길,detatched_multiFamily
부산광역시 동래구 안락동,4**,월세,33.06,500,20,1987,명안로9번길,detatched_multiFamily
부산광역시 동래구 안락동,4**,월세,33.06,500,20,1987,명안로9번길,detatched_multiFamily
부산광역시 동래구 안락동,8**,월세,33.06,500,13,1972,충렬대로321번길,detatched_multiFamily
부산광역시 동래구 안락동,4**,전세,33.46,4300,0,1993,명안로45번길,detatched_multiFamily
부산광역시 동래구 안락동,4**,월세,35,1500,5,1985,안연로110번길,detatched_multiFamily
부산광역시 동래구 안락동,4**,월세,36,4000,10,1988,충렬사로,detatched_multiFamily
부산광역시 동래구 안락동,4**,월세,36,3500,20,1981,안락로,detatched_multiFamily
부산광역시 동래구 안락동,4**,전세,36,6500,0,1990,반송로229번길,detatched_multiFamily
부산광역시 동래구 안락동,8**,월세,36.03,1000,15,1974,충렬대로321번길,detatched_multiFamily
부산광역시 동래구 안락동,1**,월세,36.3,5000,20,2016,,detatched_multiFamily
부산광역시 동래구 안락동,1**,월세,36.3,5000,20,,연안로59번길,detatched_multiFamily
부산광역시 동래구 안락동,1**,월세,36.64,1000,40,1994,연안로51번길,detatched_multiFamily
부산광역시 동래구 안락동,1**,월세,36.64,1000,40,1994,연안로51번길,detatched_multiFamily
부산광역시 동래구 안락동,1**,월세,36.64,1500,35,1994,연안로51번길,detatched_multiFamily
부산광역시 동래구 안락동,6**,월세,36.65,1000,25,1987,온천천로431번길,detatched_multiFamily
부산광역시 동래구 안락동,6**,월세,36.65,1000,25,1987,온천천로431번길,detatched_multiFamily
부산광역시 동래구 안락동,1***,월세,36.69,500,25,1987,명안로46번라길,detatched_multiFamily
부산광역시 동래구 안락동,4**,월세,36.89,500,30,1994,명안로39번길,detatched_multiFamily
부산광역시 동래구 안락동,4**,전세,37.55,3500,0,1988,명안로25번길,detatched_multiFamily
부산광역시 동래구 안락동,9**,월세,37.67,2000,35,2013,반송로247번길,detatched_multiFamily
부산광역시 동래구 안락동,1**,전세,37.76,5900,0,1995,충렬대로446번길,detatched_multiFamily
부산광역시 동래구 안락동,4**,월세,39,600,30,1985,안락로13번길,detatched_multiFamily
부산광역시 동래구 안락동,9**,전세,39,5000,0,1979,동래로215번가길,detatched_multiFamily
부산광역시 동래구 안락동,1**,월세,39.06,1500,25,1974,충렬대로446번길,detatched_multiFamily
부산광역시 동래구 안락동,4**,월세,39.28,5000,20,2014,충렬대로387번길,detatched_multiFamily
부산광역시 동래구 안락동,4**,월세,39.4,8000,10,1978,안락로,detatched_multiFamily
부산광역시 동래구 안락동,1**,월세,39.6,1000,35,1994,연안로51번길,detatched_multiFamily
부산광역시 동래구 안락동,1**,월세,39.6,2000,20,1995,충렬대로446번길,detatched_multiFamily
부산광역시 동래구 안락동,4**,월세,39.67,1500,20,1995,명안로17번길,detatched_multiFamily
부산광역시 동래구 안락동,4**,월세,39.67,500,20,1979,안락로17번길,detatched_multiFamily
부산광역시 동래구 안락동,9**,전세,39.67,3500,0,1991,충렬사로,detatched_multiFamily
부산광역시 동래구 안락동,9**,월세,40,4000,25,1977,충렬사로,detatched_multiFamily
부산광역시 동래구 안락동,4**,월세,40,1000,43,1984,안연로110번길,detatched_multiFamily
부산광역시 동래구 안락동,4**,월세,40.46,1000,30,1978,안락로,detatched_multiFamily
부산광역시 동래구 안락동,5**,월세,40.8,1000,20,1982,충렬대로387번길,detatched_multiFamily
부산광역시 동래구 안락동,4**,월세,41.16,2000,40,1977,명안로25번길,detatched_multiFamily
부산광역시 동래구 안락동,1***,월세,41.58,1000,25,1986,명안로46번나길,detatched_multiFamily
부산광역시 동래구 안락동,8**,전세,41.64,4000,0,1996,충렬대로321번길,detatched_multiFamily
부산광역시 동래구 안락동,4**,전세,42,6000,0,1991,명안로25번길,detatched_multiFamily
부산광역시 동래구 안락동,6**,월세,42.97,1500,20,1992,안남로,detatched_multiFamily
부산광역시 동래구 안락동,5**,전세,43,9000,0,1985,연안로59번길,detatched_multiFamily
부산광역시 동래구 안락동,4**,월세,43.32,3000,10,1996,,detatched_multiFamily
부산광역시 동래구 안락동,1***,월세,43.91,1000,20,1986,명안로46번라길,detatched_multiFamily
부산광역시 동래구 안락동,5**,월세,44.13,1000,20,1977,충렬대로405번길,detatched_multiFamily
부산광역시 동래구 안락동,1**,전세,44.28,2500,0,1987,연안로52번길,detatched_multiFamily
부산광역시 동래구 안락동,5**,월세,44.3,3000,35,1979,충렬대로409번길,detatched_multiFamily
부산광역시 동래구 안락동,4**,월세,45,2000,40,2011,충렬대로433번길,detatched_multiFamily
부산광역시 동래구 안락동,5**,월세,45,2000,20,1985,명안로17번길,detatched_multiFamily
부산광역시 동래구 안락동,8**,월세,45,1000,25,1991,충렬대로321번길,detatched_multiFamily
부산광역시 동래구 안락동,4**,전세,45.89,7000,0,,충렬대로457번길,detatched_multiFamily
부산광역시 동래구 안락동,4**,월세,46.3,500,25,1984,명장로20번길,detatched_multiFamily
부산광역시 동래구 안락동,4**,월세,46.94,1000,40,1982,,detatched_multiFamily
부산광역시 동래구 안락동,6**,월세,47,2000,15,1989,안남로,detatched_multiFamily
부산광역시 동래구 안락동,4**,전세,47.03,5000,0,,명장로22번길,detatched_multiFamily
부산광역시 동래구 안락동,6**,월세,49,1000,40,1990,온천천로471번가길,detatched_multiFamily
부산광역시 동래구 안락동,4**,월세,49,5000,10,1990,명안로25번길,detatched_multiFamily
부산광역시 동래구 안락동,2**,월세,49,500,25,1993,명안로10번길,detatched_multiFamily
부산광역시 동래구 안락동,4**,월세,49.09,1000,30,1978,안락로17번길,detatched_multiFamily
부산광역시 동래구 안락동,8**,전세,49.1,8000,0,,충렬대로321번길,detatched_multiFamily
부산광역시 동래구 안락동,8**,전세,49.2,8000,0,,충렬대로321번길,detatched_multiFamily
부산광역시 동래구 안락동,4**,월세,49.5,500,20,1985,명안로17번길,detatched_multiFamily
부산광역시 동래구 안락동,9**,전세,49.59,2900,0,1988,명륜로112번길,detatched_multiFamily
부산광역시 동래구 안락동,1**,전세,49.59,10000,0,1975,충렬대로446번가길,detatched_multiFamily
부산광역시 동래구 안락동,4**,월세,49.6,2500,20,1970,명안로25번길,detatched_multiFamily
부산광역시 동래구 안락동,4**,월세,49.6,1300,25,1993,명안로45번길,detatched_multiFamily
부산광역시 동래구 안락동,4**,월세,49.91,2000,40,,안연로110번길,detatched_multiFamily
부산광역시 동래구 안락동,4**,월세,50,300,20,1991,명안로45번길,detatched_multiFamily
부산광역시 동래구 안락동,5**,전세,50,7000,0,1977,충렬대로405번길,detatched_multiFamily
부산광역시 동래구 안락동,4**,전세,50.11,8000,0,2014,충렬대로387번길,detatched_multiFamily
부산광역시 동래구 안락동,4**,전세,50.56,9000,0,1995,명안로39번길,detatched_multiFamily
부산광역시 동래구 안락동,5**,월세,50.84,4000,28,1975,충렬대로428번가길,detatched_multiFamily
부산광역시 동래구 안락동,1**,월세,51.87,4000,5,1993,충렬대로446번길,detatched_multiFamily
부산광역시 동래구 안락동,4**,월세,52.12,2000,35,1981,명안로39번길,detatched_multiFamily
부산광역시 동래구 안락동,6**,전세,52.5,10000,0,1980,온천천로471번가길,detatched_multiFamily
부산광역시 동래구 안락동,4**,월세,52.73,2500,40,1979,명안로39번길,detatched_multiFamily
부산광역시 동래구 안락동,4**,월세,52.8,500,40,1984,안락로13번길,detatched_multiFamily
부산광역시 동래구 안락동,1**,월세,52.89,500,25,1989,연안로59번길,detatched_multiFamily
부산광역시 동래구 안락동,1**,월세,52.93,1000,50,1979,연안로,detatched_multiFamily
부산광역시 동래구 안락동,4**,월세,53.19,1500,29,1983,안락로,detatched_multiFamily
부산광역시 동래구 안락동,6**,월세,53.8,1000,25,1988,충렬대로410번길,detatched_multiFamily
부산광역시 동래구 안락동,6**,월세,53.88,1000,40,1980,온천천로471번가길,detatched_multiFamily
부산광역시 동래구 안락동,6**,월세,54,6000,10,1981,온천천로431번길,detatched_multiFamily
부산광역시 동래구 안락동,6**,월세,54,6000,10,1981,온천천로431번길,detatched_multiFamily
부산광역시 동래구 안락동,1**,월세,54,5000,28,1977,충렬대로446번가길,detatched_multiFamily
부산광역시 동래구 안락동,4**,월세,54.37,4500,10,1995,화현길,detatched_multiFamily
부산광역시 동래구 안락동,4**,월세,54.61,3000,35,1980,명안로25번길,detatched_multiFamily
부산광역시 동래구 안락동,6**,월세,54.65,2000,20,1986,온천천로431번길,detatched_multiFamily
부산광역시 동래구 안락동,2**,월세,54.71,2000,35,1978,명안로10번길,detatched_multiFamily
부산광역시 동래구 안락동,2**,월세,54.71,2000,35,1978,명안로10번길,detatched_multiFamily
부산광역시 동래구 안락동,6**,전세,55,7000,0,1988,,detatched_multiFamily
부산광역시 동래구 안락동,1**,월세,56.2,500,45,1988,연안로52번길,detatched_multiFamily
부산광역시 동래구 안락동,4**,전세,56.2,7500,0,1970,호현길,detatched_multiFamily
부산광역시 동래구 안락동,4**,월세,56.84,5000,20,1995,명안로39번길,detatched_multiFamily
부산광역시 동래구 안락동,1***,월세,58.32,1500,40,1986,명안로46번나길,detatched_multiFamily
부산광역시 동래구 안락동,2**,월세,59.13,2000,60,2017,온천천로471번가길,detatched_multiFamily
부산광역시 동래구 안락동,6**,월세,59.31,1000,55,1979,온천천로471번가길,detatched_multiFamily
부산광역시 동래구 안락동,4**,월세,59.5,1000,30,1987,안락로13번길,detatched_multiFamily
부산광역시 동래구 안락동,4**,월세,59.64,2000,35,1977,안연로110번길,detatched_multiFamily
부산광역시 동래구 안락동,4**,전세,59.74,10500,0,1980,충렬대로459번길,detatched_multiFamily
부산광역시 동래구 안락동,1**,월세,60,5000,5,1990,충렬대로446번나길,detatched_multiFamily
부산광역시 동래구 안락동,4**,전세,60,9000,0,1985,명안로39번길,detatched_multiFamily
부산광역시 동래구 안락동,4**,전세,60.36,13000,0,2021,안연로102번길,detatched_multiFamily
부산광역시 동래구 안락동,4**,전세,60.36,13000,0,2021,안연로102번길,detatched_multiFamily
부산광역시 동래구 안락동,4**,월세,60.62,4000,20,1984,충렬대로335번길,detatched_multiFamily
부산광역시 동래구 안락동,2**,월세,61.23,3500,29,1977,충렬대로428번길,detatched_multiFamily
부산광역시 동래구 안락동,4**,월세,61.62,3000,25,1980,충렬대로387번길,detatched_multiFamily
부산광역시 동래구 안락동,4**,월세,61.62,3000,30,1980,충렬대로387번길,detatched_multiFamily
부산광역시 동래구 안락동,1**,전세,62.35,7000,0,1983,충렬대로446번길,detatched_multiFamily
부산광역시 동래구 안락동,4**,월세,62.37,2000,25,1978,안락로,detatched_multiFamily
부산광역시 동래구 안락동,4**,월세,62.64,3200,35,1978,명안로39번길,detatched_multiFamily
부산광역시 동래구 안락동,3**,전세,62.72,11000,0,2015,명안로10번길,detatched_multiFamily
부산광역시 동래구 안락동,6**,전세,63.24,9500,0,1978,연안로59번길,detatched_multiFamily
부산광역시 동래구 안락동,6**,전세,63.24,9000,0,1978,연안로59번길,detatched_multiFamily
부산광역시 동래구 안락동,6**,전세,63.24,9000,0,1978,연안로59번길,detatched_multiFamily
부산광역시 동래구 안락동,4**,전세,63.77,9000,0,,충렬대로331번길,detatched_multiFamily
부산광역시 동래구 안락동,6**,전세,64.52,5800,0,,충렬대로410번길,detatched_multiFamily
부산광역시 동래구 안락동,9**,월세,65,4500,10,1996,동래로215번길,detatched_multiFamily
부산광역시 동래구 안락동,1***,전세,65.5,2000,0,,,detatched_multiFamily
부산광역시 동래구 안락동,7**,월세,66,1000,30,1986,충렬대로331번길,detatched_multiFamily
부산광역시 동래구 안락동,1***,월세,66,10000,5,1988,명안로46번라길,detatched_multiFamily
부산광역시 동래구 안락동,4**,전세,66,9000,0,1981,명안로,detatched_multiFamily
부산광역시 동래구 안락동,4**,월세,66.31,8000,10,1983,충렬대로359번길,detatched_multiFamily
부산광역시 동래구 안락동,6**,월세,66.48,1000,45,1984,온천천로431번길,detatched_multiFamily
부산광역시 동래구 안락동,6**,월세,67.32,8000,10,1983,온천천로431번길,detatched_multiFamily
부산광역시 동래구 안락동,4**,전세,67.36,12000,0,1981,충렬대로387번길,detatched_multiFamily
부산광역시 동래구 안락동,4**,월세,68.59,1000,20,1978,충렬대로387번길,detatched_multiFamily
부산광역시 동래구 안락동,4**,전세,68.59,8500,0,1985,충렬대로387번길,detatched_multiFamily
부산광역시 동래구 안락동,4**,전세,68.59,8500,0,1985,충렬대로387번길,detatched_multiFamily
부산광역시 동래구 안락동,4**,전세,68.69,15000,0,1978,명안로39번길,detatched_multiFamily
부산광역시 동래구 안락동,4**,전세,68.82,10000,0,1982,명안로,detatched_multiFamily
부산광역시 동래구 안락동,4**,전세,69.09,8000,0,1979,명안로17번길,detatched_multiFamily
부산광역시 동래구 안락동,8**,전세,70.5,10000,0,1993,충렬대로331번길,detatched_multiFamily
부산광역시 동래구 안락동,4**,월세,70.98,1000,40,1984,명안로18번길,detatched_multiFamily
부산광역시 동래구 안락동,4**,월세,71.07,3000,30,1984,안락로13번길,detatched_multiFamily
부산광역시 동래구 안락동,4**,월세,71.91,10000,25,1987,충렬대로459번길,detatched_multiFamily
부산광역시 동래구 안락동,2**,월세,73.17,1000,50,1996,온천천로471번가길,detatched_multiFamily
부산광역시 동래구 안락동,4**,전세,73.27,12000,0,1988,안락로,detatched_multiFamily
부산광역시 동래구 안락동,6**,월세,74.35,2000,35,1978,온천천로453번길,detatched_multiFamily
부산광역시 동래구 안락동,4**,월세,74.68,3000,30,1978,명안로17번길,detatched_multiFamily
부산광역시 동래구 안락동,4**,월세,74.68,3000,30,1978,명안로17번길,detatched_multiFamily
부산광역시 동래구 안락동,4**,월세,74.68,500,18,1978,명안로17번길,detatched_multiFamily
부산광역시 동래구 안락동,4**,월세,75.9,450,30,1985,명안로9번길,detatched_multiFamily
부산광역시 동래구 안락동,2**,월세,76.63,6000,35,1978,연안로51번길,detatched_multiFamily
부산광역시 동래구 안락동,8**,전세,77.02,5500,0,1976,충렬대로321번길,detatched_multiFamily
부산광역시 동래구 안락동,1**,월세,77.73,1000,37,1988,연안로52번길,detatched_multiFamily
부산광역시 동래구 안락동,6**,월세,78.12,2000,60,1997,연안로59번길,detatched_multiFamily
부산광역시 동래구 안락동,2**,전세,78.75,15000,0,1990,연안로51번길,detatched_multiFamily
부산광역시 동래구 안락동,2**,전세,78.75,12600,0,1990,연안로51번길,detatched_multiFamily
부산광역시 동래구 안락동,4**,월세,78.83,10000,0,,충렬대로359번길,detatched_multiFamily
부산광역시 동래구 안락동,5**,월세,79.2,4000,30,1998,충렬대로405번길,detatched_multiFamily
부산광역시 동래구 안락동,6**,월세,79.34,3000,40,1989,온천천로431번길,detatched_multiFamily
부산광역시 동래구 안락동,6**,월세,80.88,4000,30,1996,온천천로441번길,detatched_multiFamily
부산광역시 동래구 안락동,4**,월세,81.57,0,20,1992,명안로9번길,detatched_multiFamily
부산광역시 동래구 안락동,4**,월세,81.65,500,30,1986,명안로25번길,detatched_multiFamily
부산광역시 동래구 안락동,6**,월세,82.12,3000,35,1984,온천천로431번길,detatched_multiFamily
부산광역시 동래구 안락동,5**,월세,82.17,5500,50,1983,충렬대로428번길,detatched_multiFamily
부산광역시 동래구 안락동,4**,월세,82.31,2000,50,1977,안연로110번길,detatched_multiFamily
부산광역시 동래구 안락동,1**,월세,82.67,8000,20,1990,연안로52번길,detatched_multiFamily
부산광역시 동래구 안락동,4**,전세,83.39,9000,0,1983,안락로,detatched_multiFamily
부산광역시 동래구 안락동,1**,월세,86.1,0,20,1990,연안로58번가길,detatched_multiFamily
부산광역시 동래구 안락동,4**,월세,86.6,1000,50,1985,안연로110번길,detatched_multiFamily
부산광역시 동래구 안락동,3**,월세,87.1,3500,35,2012,충렬대로433번길,detatched_multiFamily
부산광역시 동래구 안락동,3**,월세,87.1,3500,35,2012,충렬대로433번길,detatched_multiFamily
부산광역시 동래구 안락동,2**,월세,88.5,3000,40,1990,온천천로471번가길,detatched_multiFamily
부산광역시 동래구 안락동,4**,월세,90.39,2000,30,1984,충렬대로376번길,detatched_multiFamily
부산광역시 동래구 안락동,1**,월세,91.55,8000,20,1996,연안로51번길,detatched_multiFamily
부산광역시 동래구 안락동,6**,월세,92.15,1000,25,1990,안남로,detatched_multiFamily
부산광역시 동래구 안락동,1**,월세,93.33,6000,30,1990,충렬대로446번나길,detatched_multiFamily
부산광역시 동래구 안락동,4**,월세,93.64,1000,29,1984,안연로110번길,detatched_multiFamily
부산광역시 동래구 안락동,8**,전세,95.21,9000,0,1996,충렬대로331번길,detatched_multiFamily
부산광역시 동래구 안락동,6**,월세,99.36,3000,50,2014,안남로,detatched_multiFamily
부산광역시 동래구 안락동,1***,월세,100.62,5000,30,,,detatched_multiFamily
부산광역시 동래구 안락동,6**,월세,103.86,2000,42,2003,충렬대로428번길,detatched_multiFamily
부산광역시 동래구 안락동,4**,월세,118.4,1000,20,1983,반송로208번가길,detatched_multiFamily
부산광역시 동래구 안락동,4**,전세,123.17,8000,0,1988,충렬대로,detatched_multiFamily
부산광역시 동래구 안락동,5**,월세,128.7,2000,20,1985,연안로59번길,detatched_multiFamily
부산광역시 동래구 안락동,5**,월세,128.7,800,20,1985,연안로59번길,detatched_multiFamily
부산광역시 동래구 안락동,4**,전세,144.28,14000,0,1991,반송로239번길,detatched_multiFamily
부산광역시 동래구 안락동,4**,전세,160.17,10000,0,1990,명안로18번길,detatched_multiFamily
부산광역시 동래구 안락동,4**,월세,171.45,4000,10,1994,명안로39번길,detatched_multiFamily
부산광역시 동래구 온천동,1***,월세,10,500,23,1988,아시아드대로255번길,detatched_multiFamily
부산광역시 동래구 온천동,1***,월세,12.15,500,35,,충렬대로86번길,detatched_multiFamily
부산광역시 동래구 온천동,1***,월세,14,300,27,2009,충렬대로86번길,detatched_multiFamily
부산광역시 동래구 온천동,1***,월세,14.42,1000,27,2010,미남로132번길,detatched_multiFamily
부산광역시 동래구 온천동,1***,월세,14.42,1000,27,2010,미남로132번길,detatched_multiFamily
부산광역시 동래구 온천동,1***,월세,14.42,500,29,2010,미남로132번길,detatched_multiFamily
부산광역시 동래구 온천동,3**,월세,15,100,20,,차밭골로49번길,detatched_multiFamily
부산광역시 동래구 온천동,1***,전세,15,3500,0,1983,아시아드대로225번길,detatched_multiFamily
부산광역시 동래구 온천동,1***,월세,15.03,500,28,,미남로146번길,detatched_multiFamily
부산광역시 동래구 온천동,1***,월세,15.54,1000,20,1977,여고북로,detatched_multiFamily
부산광역시 동래구 온천동,1**,월세,15.69,0,50,2019,온천장로119번가길,detatched_multiFamily
부산광역시 동래구 온천동,1***,월세,16,300,28,2010,충렬대로86번길,detatched_multiFamily
부산광역시 동래구 온천동,1***,월세,16.36,1000,18,2010,미남로146번길,detatched_multiFamily
부산광역시 동래구 온천동,1***,전세,16.54,5000,0,,충렬대로100번나길,detatched_multiFamily
부산광역시 동래구 온천동,1***,월세,17,1000,30,1994,여고북로73번길,detatched_multiFamily
부산광역시 동래구 온천동,1***,전세,17.55,5000,0,,충렬대로100번나길,detatched_multiFamily
부산광역시 동래구 온천동,1***,월세,17.72,2000,22,,아시아드대로247번길,detatched_multiFamily
부산광역시 동래구 온천동,1***,전세,17.72,4500,0,,아시아드대로247번길,detatched_multiFamily
부산광역시 동래구 온천동,1***,월세,17.99,500,36,1989,충렬대로126번길,detatched_multiFamily
부산광역시 동래구 온천동,1***,월세,18,1000,30,2017,미남로146번길,detatched_multiFamily
부산광역시 동래구 온천동,1***,월세,18,300,33,1976,중앙대로1333번길,detatched_multiFamily
부산광역시 동래구 온천동,1***,월세,18.34,10000,15,,여고북로123번라길,detatched_multiFamily
부산광역시 동래구 온천동,4**,월세,18.55,500,43,,차밭골로21번길,detatched_multiFamily
부산광역시 동래구 온천동,1***,월세,19.49,500,31,2010,미남로116번길,detatched_multiFamily
부산광역시 동래구 온천동,3**,월세,19.5,4000,17,1993,우장춘로,detatched_multiFamily
부산광역시 동래구 온천동,1***,월세,19.5,300,27,2010,미남로132번길,detatched_multiFamily
부산광역시 동래구 온천동,1***,전세,19.7,3000,0,2009,여고북로123번길,detatched_multiFamily
부산광역시 동래구 온천동,1***,전세,19.89,5000,0,,사직북로28번길,detatched_multiFamily
부산광역시 동래구 온천동,1***,월세,20,300,29,2011,아시아드대로220번길,detatched_multiFamily
부산광역시 동래구 온천동,1***,월세,20,2000,15,2011,아시아드대로220번길,detatched_multiFamily
부산광역시 동래구 온천동,1***,월세,20,500,45,,충렬대로148번길,detatched_multiFamily
부산광역시 동래구 온천동,4**,월세,20,100,30,2002,차밭골로21번길,detatched_multiFamily
부산광역시 동래구 온천동,1***,월세,20,500,30,2014,아시아드대로255번가길,detatched_multiFamily
부산광역시 동래구 온천동,1***,월세,20,300,25,2009,충렬대로86번길,detatched_multiFamily
부산광역시 동래구 온천동,1***,월세,20,500,38,2011,미남로146번길,detatched_multiFamily
부산광역시 동래구 온천동,1***,월세,20,1000,32,2009,충렬대로86번길,detatched_multiFamily
부산광역시 동래구 온천동,1***,월세,20,1000,30,2010,여고북로33번길,detatched_multiFamily
부산광역시 동래구 온천동,1**,월세,20,500,20,1982,금강로,detatched_multiFamily
부산광역시 동래구 온천동,1***,월세,20,500,37,2018,미남로116번길,detatched_multiFamily
부산광역시 동래구 온천동,1***,전세,20,4500,0,2011,아시아드대로220번길,detatched_multiFamily
부산광역시 동래구 온천동,1***,월세,20.36,3000,12,2020,석사북로95번길,detatched_multiFamily
부산광역시 동래구 온천동,1***,월세,20.47,100,35,2010,미남로132번길,detatched_multiFamily
부산광역시 동래구 온천동,1***,월세,20.47,100,34,2010,미남로132번길,detatched_multiFamily
부산광역시 동래구 온천동,1***,월세,20.84,4500,15,2018,아시아드대로219번길,detatched_multiFamily
부산광역시 동래구 온천동,1***,월세,20.84,4500,10,2018,아시아드대로219번길,detatched_multiFamily
부산광역시 동래구 온천동,1***,월세,20.84,3000,40,2018,아시아드대로219번길,detatched_multiFamily
부산광역시 동래구 온천동,1***,월세,21.1,4000,20,2018,아시아드대로219번길,detatched_multiFamily
부산광역시 동래구 온천동,1***,월세,21.65,300,33,2017,미남로132번길,detatched_multiFamily
부산광역시 동래구 온천동,4**,월세,22,300,35,2010,차밭골로21번길,detatched_multiFamily
부산광역시 동래구 온천동,4**,전세,22.73,6300,0,,,detatched_multiFamily
부산광역시 동래구 온천동,1***,월세,23,500,43,2018,아시아드대로247번가길,detatched_multiFamily
부산광역시 동래구 온천동,1***,월세,23,1000,43,2018,아시아드대로247번가길,detatched_multiFamily
부산광역시 동래구 온천동,1***,전세,23,5000,0,2011,중앙대로1307번길,detatched_multiFamily
부산광역시 동래구 온천동,1***,월세,23.1,500,45,2018,아시아드대로219번길,detatched_multiFamily
부산광역시 동래구 온천동,7**,월세,23.14,1000,25,1973,중앙대로1367번길,detatched_multiFamily
부산광역시 동래구 온천동,4**,월세,23.14,2000,25,1969,금강로,detatched_multiFamily
부산광역시 동래구 온천동,1***,월세,23.22,300,30,2010,여고북로33번길,detatched_multiFamily
부산광역시 동래구 온천동,1***,월세,23.22,300,30,2010,여고북로33번길,detatched_multiFamily
부산광역시 동래구 온천동,1***,월세,24.45,2000,36,2011,미남로146번길,detatched_multiFamily
부산광역시 동래구 온천동,1***,월세,24.8,2000,25,2010,충렬대로100번나길,detatched_multiFamily
부산광역시 동래구 온천동,1***,월세,25,3000,18,2010,미남로116번길,detatched_multiFamily
부산광역시 동래구 온천동,1***,월세,25,200,35,2010,아시아드대로208번가길,detatched_multiFamily
부산광역시 동래구 온천동,1***,월세,25,500,20,1977,미남로,detatched_multiFamily
부산광역시 동래구 온천동,4**,월세,25.99,4000,40,,동래로,detatched_multiFamily
부산광역시 동래구 온천동,1***,전세,26.32,8000,0,2018,아시아드대로247번가길,detatched_multiFamily
부산광역시 동래구 온천동,1***,전세,26.33,7000,0,2018,아시아드대로247번가길,detatched_multiFamily
부산광역시 동래구 온천동,1***,전세,26.33,7000,0,2018,아시아드대로247번가길,detatched_multiFamily
부산광역시 동래구 온천동,1***,전세,26.33,7000,0,2018,아시아드대로247번가길,detatched_multiFamily
부산광역시 동래구 온천동,1***,월세,26.39,1000,50,2017,미남로146번길,detatched_multiFamily
부산광역시 동래구 온천동,1***,월세,26.4,2000,20,2011,중앙대로1307번길,detatched_multiFamily
부산광역시 동래구 온천동,1***,월세,26.62,500,20,2009,미남로,detatched_multiFamily
부산광역시 동래구 온천동,1***,월세,27.75,200,19,2021,석사북로95번길,detatched_multiFamily
부산광역시 동래구 온천동,1***,전세,27.87,7000,0,,사직북로28번길,detatched_multiFamily
부산광역시 동래구 온천동,1***,월세,28.84,200,28,2021,석사북로95번길,detatched_multiFamily
부산광역시 동래구 온천동,7**,전세,29.35,7000,0,,중앙대로1367번길,detatched_multiFamily
부산광역시 동래구 온천동,1***,월세,29.6,300,10,1986,쇠미로129번길,detatched_multiFamily
부산광역시 동래구 온천동,1***,전세,29.7,9000,0,2018,아시아드대로219번길,detatched_multiFamily
부산광역시 동래구 온천동,4**,전세,29.88,10000,0,,동래로19번길,detatched_multiFamily
부산광역시 동래구 온천동,1***,전세,30,8000,0,2018,미남로116번길,detatched_multiFamily
부산광역시 동래구 온천동,3**,월세,30.3,500,25,1988,차밭골로37번길,detatched_multiFamily
부산광역시 동래구 온천동,1***,전세,31,9200,0,1991,,detatched_multiFamily
부산광역시 동래구 온천동,1***,월세,32,2000,40,2018,아시아드대로208번가길,detatched_multiFamily
부산광역시 동래구 온천동,1***,전세,32.4,4000,0,1978,아시아드대로255번가길,detatched_multiFamily
부산광역시 동래구 온천동,1***,전세,32.7,9000,0,,충렬대로148번길,detatched_multiFamily
부산광역시 동래구 온천동,1***,전세,32.7,9000,0,,충렬대로148번길,detatched_multiFamily
부산광역시 동래구 온천동,1***,월세,33,500,48,2008,충렬대로86번길,detatched_multiFamily
부산광역시 동래구 온천동,8**,월세,33,1000,10,1991,금강로,detatched_multiFamily
부산광역시 동래구 온천동,1***,월세,34.17,2000,20,1990,충렬대로100번길,detatched_multiFamily
부산광역시 동래구 온천동,1***,월세,34.54,2500,30,1985,미남로146번길,detatched_multiFamily
부산광역시 동래구 온천동,1***,전세,34.71,7000,0,,충렬대로86번길,detatched_multiFamily
부산광역시 동래구 온천동,2**,전세,35,8000,0,1936,금강로123번길,detatched_multiFamily
부산광역시 동래구 온천동,1***,월세,35.76,4000,30,1995,충렬대로100번길,detatched_multiFamily
부산광역시 동래구 온천동,1***,월세,36,100,5,1990,금정마을로,detatched_multiFamily
부산광역시 동래구 온천동,1***,월세,36,1000,45,1977,여고북로123번길,detatched_multiFamily
부산광역시 동래구 온천동,1***,전세,36,3500,0,1987,아시아드대로247번길,detatched_multiFamily
부산광역시 동래구 온천동,1***,월세,36.49,1000,30,1974,충렬대로137번길,detatched_multiFamily
부산광역시 동래구 온천동,1***,월세,36.49,3000,30,1974,충렬대로137번길,detatched_multiFamily
부산광역시 동래구 온천동,1**,월세,36.7,500,32,,온천장로125번길,detatched_multiFamily
부산광역시 동래구 온천동,1***,월세,37,1400,20,1995,충렬대로100번나길,detatched_multiFamily
부산광역시 동래구 온천동,1***,월세,37.47,200,28,,사직북로28번길,detatched_multiFamily
부산광역시 동래구 온천동,1***,월세,37.5,1000,42,,아시아드대로208번길,detatched_multiFamily
부산광역시 동래구 온천동,1***,월세,37.95,2000,30,1991,여고북로123번나길,detatched_multiFamily
부산광역시 동래구 온천동,1***,월세,38,300,35,1993,충렬대로86번길,detatched_multiFamily
부산광역시 동래구 온천동,1***,월세,38.15,2000,30,1971,석사북로95번길,detatched_multiFamily
부산광역시 동래구 온천동,1***,전세,39,6000,0,1991,,detatched_multiFamily
부산광역시 동래구 온천동,1***,월세,39.05,2000,20,,사직북로28번길,detatched_multiFamily
부산광역시 동래구 온천동,1***,전세,39.43,6000,0,,아시아드대로181번가길,detatched_multiFamily
부산광역시 동래구 온천동,1***,월세,39.78,5000,10,1988,충렬대로100번길,detatched_multiFamily
부산광역시 동래구 온천동,1***,월세,40,1000,52,2018,미남로116번길,detatched_multiFamily
부산광역시 동래구 온천동,1***,월세,40,4000,15,1989,중앙대로1333번길,detatched_multiFamily
부산광역시 동래구 온천동,1***,월세,40,1000,30,1992,여고북로123번라길,detatched_multiFamily
부산광역시 동래구 온천동,1***,월세,40.32,500,23,1991,중앙대로1301번길,detatched_multiFamily
부산광역시 동래구 온천동,1***,월세,40.52,100,23,2021,석사북로95번길,detatched_multiFamily
부산광역시 동래구 온천동,1***,월세,40.59,1000,52,2018,아시아드대로208번가길,detatched_multiFamily
부산광역시 동래구 온천동,1***,월세,40.66,6000,15,1979,미남로102번길,detatched_multiFamily
부산광역시 동래구 온천동,1***,월세,40.66,3000,30,1989,중앙대로1333번길,detatched_multiFamily
부산광역시 동래구 온천동,1***,월세,40.66,3000,30,1989,중앙대로1333번길,detatched_multiFamily
부산광역시 동래구 온천동,1***,월세,40.97,1000,30,1988,충렬대로100번다길,detatched_multiFamily
부산광역시 동래구 온천동,1***,월세,40.97,1000,28,1988,충렬대로100번다길,detatched_multiFamily
부산광역시 동래구 온천동,1***,월세,41,2000,27,1991,여고북로123번다길,detatched_multiFamily
부산광역시 동래구 온천동,1***,월세,42.22,1000,25,1996,미남로116번길,detatched_multiFamily
부산광역시 동래구 온천동,1***,월세,42.64,500,35,1978,아시아드대로181번가길,detatched_multiFamily
부산광역시 동래구 온천동,1***,전세,42.66,9000,0,1975,미남로102번길,detatched_multiFamily
부산광역시 동래구 온천동,1***,월세,43,500,30,1995,충렬대로100번나길,detatched_multiFamily
부산광역시 동래구 온천동,1***,월세,43.04,5000,10,1989,아시아드대로213번길,detatched_multiFamily
부산광역시 동래구 온천동,3**,월세,43.32,2000,38,1991,차밭골로49번가길,detatched_multiFamily
부산광역시 동래구 온천동,1***,월세,43.38,2000,35,1974,충렬대로137번길,detatched_multiFamily
부산광역시 동래구 온천동,1***,월세,43.38,2000,35,1975,충렬대로125번길,detatched_multiFamily
부산광역시 동래구 온천동,4*,월세,43.46,2000,10,1992,온천장로125번길,detatched_multiFamily
부산광역시 동래구 온천동,1***,월세,43.69,4000,30,1973,쇠미로154번길,detatched_multiFamily
부산광역시 동래구 온천동,1***,월세,43.87,4000,15,1974,아시아드대로231번길,detatched_multiFamily
부산광역시 동래구 온천동,1***,월세,43.92,500,28,1991,아시아드대로207번길,detatched_multiFamily
부산광역시 동래구 온천동,1***,월세,44.64,500,25,1989,금정마을로112번길,detatched_multiFamily
부산광역시 동래구 온천동,1***,월세,44.85,500,35,1985,충렬대로108번길,detatched_multiFamily
부산광역시 동래구 온천동,1***,월세,45,1000,30,1978,여고북로,detatched_multiFamily
부산광역시 동래구 온천동,1***,월세,45,2500,25,1996,쇠미로154번길,detatched_multiFamily
부산광역시 동래구 온천동,2**,전세,45,4000,0,1989,금강로,detatched_multiFamily
부산광역시 동래구 온천동,1***,월세,45.64,3500,20,1984,충렬대로100번길,detatched_multiFamily
부산광역시 동래구 온천동,1***,월세,46.21,2000,25,1979,아시아드대로219번길,detatched_multiFamily
부산광역시 동래구 온천동,1***,월세,46.28,10000,20,,충렬대로86번길,detatched_multiFamily
부산광역시 동래구 온천동,1***,전세,46.28,8500,0,1973,중앙대로1333번길,detatched_multiFamily
부산광역시 동래구 온천동,1***,전세,46.89,6500,0,,미남로132번길,detatched_multiFamily
부산광역시 동래구 온천동,1***,월세,48,1000,35,1993,아시아드대로207번길,detatched_multiFamily
부산광역시 동래구 온천동,1***,월세,48,4000,15,1994,쇠미로129번길,detatched_multiFamily
부산광역시 동래구 온천동,1***,월세,48.2,2000,25,1978,아시아드대로208번길,detatched_multiFamily
부산광역시 동래구 온천동,1***,월세,48.67,3800,10,1992,석사북로,detatched_multiFamily
부산광역시 동래구 온천동,1***,월세,48.67,4000,20,1992,석사북로,detatched_multiFamily
부산광역시 동래구 온천동,1***,월세,49,2000,58,2015,중앙대로1333번길,detatched_multiFamily
부산광역시 동래구 온천동,1***,월세,49.47,4000,30,1977,여고북로123번길,detatched_multiFamily
부산광역시 동래구 온천동,1***,월세,49.5,1000,35,2010,충렬대로100번나길,detatched_multiFamily
부산광역시 동래구 온천동,1***,전세,49.58,10000,0,1976,충렬대로100번길,detatched_multiFamily
부산광역시 동래구 온천동,1***,월세,49.98,3000,40,1991,미남로116번길,detatched_multiFamily
부산광역시 동래구 온천동,1***,월세,50,2000,20,1988,아시아드대로181번가길,detatched_multiFamily
부산광역시 동래구 온천동,2**,전세,50,7000,0,1989,금강로,detatched_multiFamily
부산광역시 동래구 온천동,1***,월세,51.18,1000,30,1986,여고북로33번가길,detatched_multiFamily
부산광역시 동래구 온천동,3**,월세,51.99,2000,20,1985,차밭골로49번길,detatched_multiFamily
부산광역시 동래구 온천동,1***,전세,52,7000,0,1991,여고북로73번길,detatched_multiFamily
부산광역시 동래구 온천동,1***,월세,52.38,1500,35,1982,아시아드대로181번가길,detatched_multiFamily
부산광역시 동래구 온천동,1***,월세,52.9,6000,20,1995,충렬대로100번길,detatched_multiFamily
부산광역시 동래구 온천동,1***,월세,53.8,4000,10,,충렬대로100번길,detatched_multiFamily
부산광역시 동래구 온천동,7**,월세,54,3000,45,2001,우장춘로18번길,detatched_multiFamily
부산광역시 동래구 온천동,1***,월세,54.28,5000,35,1982,아시아드대로181번가길,detatched_multiFamily
부산광역시 동래구 온천동,1***,월세,55.95,1000,30,1983,아시아드대로231번길,detatched_multiFamily
부산광역시 동래구 온천동,1***,월세,56,7000,10,1995,충렬대로100번길,detatched_multiFamily
부산광역시 동래구 온천동,1***,월세,56.36,3500,29,1997,아시아드대로255번가길,detatched_multiFamily
부산광역시 동래구 온천동,1***,월세,57.61,7000,11,1987,미남로146번길,detatched_multiFamily
부산광역시 동래구 온천동,1***,월세,57.8,8000,10,,미남로116번길,detatched_multiFamily
부산광역시 동래구 온천동,1***,월세,58.54,1000,35,1985,사직북로48번길,detatched_multiFamily
부산광역시 동래구 온천동,1***,전세,59.15,6000,0,1985,아시아드대로247번길,detatched_multiFamily
부산광역시 동래구 온천동,1***,전세,59.2,2000,0,1986,쇠미로129번길,detatched_multiFamily
부산광역시 동래구 온천동,1***,전세,59.34,10000,0,1975,충렬대로100번길,detatched_multiFamily
부산광역시 동래구 온천동,1***,월세,59.37,5000,40,1974,,detatched_multiFamily
부산광역시 동래구 온천동,1***,전세,59.37,5000,0,1974,아시아드대로231번길,detatched_multiFamily
부산광역시 동래구 온천동,1***,전세,59.59,11000,0,2014,아시아드대로255번가길,detatched_multiFamily
부산광역시 동래구 온천동,3**,월세,60,3000,35,1991,차밭골로49번가길,detatched_multiFamily
부산광역시 동래구 온천동,1***,월세,60.12,1000,40,1985,사직북로48번길,detatched_multiFamily
부산광역시 동래구 온천동,7**,월세,60.75,1000,45,1995,금강로8번길,detatched_multiFamily
부산광역시 동래구 온천동,7**,월세,61.16,2000,40,1975,중앙대로1367번길,detatched_multiFamily
부산광역시 동래구 온천동,1***,월세,61.16,5000,50,1977,아시아드대로181번가길,detatched_multiFamily
부산광역시 동래구 온천동,1***,월세,61.16,5000,50,1977,아시아드대로181번가길,detatched_multiFamily
부산광역시 동래구 온천동,1***,월세,62.65,300,31,2017,미남로132번길,detatched_multiFamily
부산광역시 동래구 온천동,7**,월세,63.11,1500,35,1995,금강로8번길,detatched_multiFamily
부산광역시 동래구 온천동,7**,월세,63.11,3000,32,1995,금강로8번길,detatched_multiFamily
부산광역시 동래구 온천동,6**,전세,63.3,10000,0,1994,중앙대로1301번길,detatched_multiFamily
부산광역시 동래구 온천동,1***,월세,63.35,400,12,1973,석사북로95번길,detatched_multiFamily
부산광역시 동래구 온천동,1***,전세,64.64,15000,0,1988,여고북로,detatched_multiFamily
부산광역시 동래구 온천동,1***,월세,65.28,2000,45,1988,아시아드대로181번가길,detatched_multiFamily
부산광역시 동래구 온천동,1***,전세,65.36,6000,0,1981,쇠미로221번길,detatched_multiFamily
부산광역시 동래구 온천동,1***,월세,65.56,1000,27,1987,여고북로123번라길,detatched_multiFamily
부산광역시 동래구 온천동,3**,월세,66.31,6000,20,2013,차밭골로49번가길,detatched_multiFamily
부산광역시 동래구 온천동,1***,월세,67.03,4000,35,1984,석사북로95번길,detatched_multiFamily
부산광역시 동래구 온천동,7**,월세,67.19,76,29,2010,중앙대로1367번길,detatched_multiFamily
부산광역시 동래구 온천동,7**,월세,67.2,2500,45,1990,중앙대로1367번길,detatched_multiFamily
부산광역시 동래구 온천동,3**,전세,67.61,13000,0,1989,차밭골로37번길,detatched_multiFamily
부산광역시 동래구 온천동,1***,전세,68.4,11000,0,1981,여고북로,detatched_multiFamily
부산광역시 동래구 온천동,6**,월세,68.67,8000,20,1987,충렬대로126번길,detatched_multiFamily
부산광역시 동래구 온천동,1***,월세,68.94,5000,20,1986,여고북로,detatched_multiFamily
부산광역시 동래구 온천동,1***,월세,69.75,500,43,2010,미남로132번길,detatched_multiFamily
부산광역시 동래구 온천동,3**,월세,70.64,1000,29,1988,금강로59번길,detatched_multiFamily
부산광역시 동래구 온천동,1***,전세,70.66,13000,0,1988,아시아드대로247번길,detatched_multiFamily
부산광역시 동래구 온천동,7**,월세,71.34,10000,10,1973,중앙대로1367번길,detatched_multiFamily
부산광역시 동래구 온천동,7**,월세,72,2500,20,1977,충렬대로95번길,detatched_multiFamily
부산광역시 동래구 온천동,1***,월세,72.53,4000,60,1982,충렬대로108번길,detatched_multiFamily
부산광역시 동래구 온천동,1***,월세,72.6,1000,40,1976,아시아드대로219번길,detatched_multiFamily
부산광역시 동래구 온천동,1***,월세,72.73,4000,35,1975,여고북로123번길,detatched_multiFamily
부산광역시 동래구 온천동,1***,월세,72.98,3000,45,1992,충렬대로86번길,detatched_multiFamily
부산광역시 동래구 온천동,1***,월세,73,7000,11,1976,미남로102번길,detatched_multiFamily
부산광역시 동래구 온천동,1***,월세,73.36,1000,35,2011,미남로146번길,detatched_multiFamily
부산광역시 동래구 온천동,1***,월세,73.96,2000,50,1985,아시아드대로181번가길,detatched_multiFamily
부산광역시 동래구 온천동,1***,월세,75.37,6000,30,1978,,detatched_multiFamily
부산광역시 동래구 온천동,1***,월세,75.77,10000,16,1985,충렬대로86번길,detatched_multiFamily
부산광역시 동래구 온천동,1***,월세,77.08,2000,50,1973,아시아드대로220번길,detatched_multiFamily
부산광역시 동래구 온천동,1***,월세,78.99,1000,30,2017,미남로146번길,detatched_multiFamily
부산광역시 동래구 온천동,1***,월세,79.33,3000,50,1977,여고북로33번가길,detatched_multiFamily
부산광역시 동래구 온천동,1***,월세,79.33,3000,50,1977,여고북로33번가길,detatched_multiFamily
부산광역시 동래구 온천동,3**,월세,79.62,1000,50,1995,차밭골로49번길,detatched_multiFamily
부산광역시 동래구 온천동,1***,월세,80,5000,35,1977,충렬대로86번길,detatched_multiFamily
부산광역시 동래구 온천동,7**,월세,80.04,3000,50,1990,금강로10번길,detatched_multiFamily
부산광역시 동래구 온천동,1***,월세,80.39,3000,39,2018,미남로116번길,detatched_multiFamily
부산광역시 동래구 온천동,1***,월세,80.92,4000,37,1995,,detatched_multiFamily
부산광역시 동래구 온천동,1***,월세,81.18,1000,60,2018,아시아드대로208번가길,detatched_multiFamily
부산광역시 동래구 온천동,1***,전세,81.23,5500,0,2015,쇠미로221번길,detatched_multiFamily
부산광역시 동래구 온천동,1***,월세,82,12000,16,1988,충렬대로108번길,detatched_multiFamily
부산광역시 동래구 온천동,1***,전세,82,12000,0,,충렬대로108번길,detatched_multiFamily
부산광역시 동래구 온천동,1***,전세,82.11,14700,0,1990,쇠미로217번길,detatched_multiFamily
부산광역시 동래구 온천동,1***,전세,84.73,16000,0,1979,중앙대로1307번길,detatched_multiFamily
부산광역시 동래구 온천동,1***,월세,85.59,5000,25,2014,아시아드대로255번가길,detatched_multiFamily
부산광역시 동래구 온천동,1***,월세,86.04,2500,25,1985,,detatched_multiFamily
부산광역시 동래구 온천동,1***,전세,86.25,15500,0,1994,충렬대로108번길,detatched_multiFamily
부산광역시 동래구 온천동,1***,월세,89.69,8000,22,1990,아시아드대로219번길,detatched_multiFamily
부산광역시 동래구 온천동,1***,전세,90.02,18000,0,1979,아시아드대로219번길,detatched_multiFamily
부산광역시 동래구 온천동,1***,전세,90.02,18000,0,1979,아시아드대로219번길,detatched_multiFamily
부산광역시 동래구 온천동,1***,전세,90.14,14000,0,1986,쇠미로129번길,detatched_multiFamily
부산광역시 동래구 온천동,1***,월세,90.18,10000,10,1988,아시아드대로219번길,detatched_multiFamily
부산광역시 동래구 온천동,1***,월세,90.49,6000,42,1995,충렬대로100번나길,detatched_multiFamily
부산광역시 동래구 온천동,1***,월세,90.49,6000,42,1995,충렬대로100번나길,detatched_multiFamily
부산광역시 동래구 온천동,1***,월세,90.75,300,47,2018,아시아드대로247번가길,detatched_multiFamily
부산광역시 동래구 온천동,1***,월세,91.36,5000,30,1991,석사북로95번길,detatched_multiFamily
부산광역시 동래구 온천동,1***,월세,92.35,2000,35,1991,금정마을로,detatched_multiFamily
부산광역시 동래구 온천동,1**,전세,97.19,15750,0,1970,금강로,detatched_multiFamily
부산광역시 동래구 온천동,3**,월세,97.27,2000,55,1993,우장춘로,detatched_multiFamily
부산광역시 동래구 온천동,1***,월세,97.9,100,32,2010,충렬대로86번길,detatched_multiFamily
부산광역시 동래구 온천동,1***,월세,98.4,300,28,2009,아시아드대로207번길,detatched_multiFamily
부산광역시 동래구 온천동,1***,월세,98.47,15000,40,2021,아시아드대로181번가길,detatched_multiFamily
부산광역시 동래구 온천동,1***,월세,98.47,15000,40,2021,아시아드대로181번가길,detatched_multiFamily
부산광역시 동래구 온천동,1***,월세,99.17,500,20,1974,여고북로123번길,detatched_multiFamily
부산광역시 동래구 온천동,1***,월세,101.61,2000,30,1991,충렬대로100번다길,detatched_multiFamily
부산광역시 동래구 온천동,8**,월세,105.6,2000,30,1993,우장춘로62번길,detatched_multiFamily
부산광역시 동래구 온천동,1***,월세,108.4,5000,50,1985,여고북로123번나길,detatched_multiFamily
부산광역시 동래구 온천동,7**,월세,110.55,5000,180,1998,중앙대로1367번길,detatched_multiFamily
부산광역시 동래구 온천동,1***,월세,116.27,10000,40,1993,여고북로123번길,detatched_multiFamily
부산광역시 동래구 온천동,7**,전세,119.17,30000,0,1973,충렬대로107번길,detatched_multiFamily
부산광역시 동래구 온천동,1***,전세,119.85,15500,0,1994,충렬대로108번길,detatched_multiFamily
부산광역시 동래구 온천동,1***,월세,121,3000,40,1975,미남로132번길,detatched_multiFamily
부산광역시 동래구 온천동,1***,전세,129.6,20000,0,,미남로116번길,detatched_multiFamily
부산광역시 동래구 온천동,2**,월세,134.43,1000,35,2017,차밭골로34번길,detatched_multiFamily
부산광역시 동래구 온천동,1***,월세,139.1,3000,30,1975,충렬대로125번길,detatched_multiFamily
부산광역시 동래구 온천동,1***,월세,139.33,7000,11,1988,충렬대로108번길,detatched_multiFamily
부산광역시 동래구 온천동,7**,전세,142.83,40000,0,1988,충렬대로107번길,detatched_multiFamily
부산광역시 동래구 온천동,8**,월세,144.18,2000,30,,우장춘로62번길,detatched_multiFamily
부산광역시 동래구 온천동,4**,월세,151,1000,70,1986,금강로74번길,detatched_multiFamily
부산광역시 동래구 온천동,3**,전세,158,40000,0,1985,우장춘로56번길,detatched_multiFamily
부산광역시 동래구 온천동,1***,월세,193,3000,40,2018,미남로146번길,detatched_multiFamily
부산광역시 동래구 칠산동,8*,월세,24.79,300,20,1969,동래로179번다길,detatched_multiFamily
부산광역시 동래구 칠산동,1**,월세,27.77,200,20,1969,동래로182번길,detatched_multiFamily
부산광역시 동래구 칠산동,2**,월세,29.05,500,25,1990,동래로182번길,detatched_multiFamily
부산광역시 동래구 칠산동,7*,전세,32.4,6500,0,1983,칠산로50번길,detatched_multiFamily
부산광역시 동래구 칠산동,2**,전세,33.84,5000,0,1995,동래로176번길,detatched_multiFamily
부산광역시 동래구 칠산동,1*,월세,42.2,300,20,1969,칠산로39번길,detatched_multiFamily
부산광역시 동래구 칠산동,2**,전세,44,3000,0,1978,동래로182번길,detatched_multiFamily
부산광역시 동래구 칠산동,7*,월세,48.33,1000,30,1983,동래로159번가길,detatched_multiFamily
부산광역시 동래구 칠산동,1**,전세,49.58,7000,0,1968,동래로198번길,detatched_multiFamily
부산광역시 동래구 칠산동,1**,전세,49.58,7000,0,1968,동래로198번길,detatched_multiFamily
부산광역시 동래구 칠산동,6*,월세,55.48,3000,20,1989,칠산로50번길,detatched_multiFamily
부산광역시 동래구 칠산동,1**,월세,55.66,1000,20,1993,동래로182번길,detatched_multiFamily
부산광역시 동래구 칠산동,7*,전세,56,2500,0,1982,칠산로60번길,detatched_multiFamily
부산광역시 동래구 칠산동,2**,전세,62,19000,0,,충렬대로271번길,detatched_multiFamily
부산광역시 동래구 칠산동,*,월세,64.5,200,20,1985,칠산로39번가길,detatched_multiFamily
부산광역시 동래구 칠산동,*,월세,64.63,500,15,1989,칠산로39번가길,detatched_multiFamily
부산광역시 동래구 칠산동,3*,월세,67.5,1000,10,,칠산로42번길,detatched_multiFamily
부산광역시 동래구 칠산동,*,전세,69.69,2500,0,1983,칠산로60번가길,detatched_multiFamily
부산광역시 동래구 칠산동,5*,월세,74.28,3000,15,1991,동래로179번길,detatched_multiFamily
부산광역시 동래구 칠산동,6*,월세,77.06,5000,5,1992,칠산로42번길,detatched_multiFamily
부산광역시 동래구 칠산동,2**,전세,78.68,6500,0,,명륜로112번길,detatched_multiFamily
부산광역시 동래구 칠산동,2**,월세,93.78,1500,25,1994,동래로176번길,detatched_multiFamily
부산광역시 동래구 칠산동,9*,전세,107.34,4300,0,1994,동래로179번나길,detatched_multiFamily
부산광역시 동래구 칠산동,2**,월세,136.6,500,40,1994,명륜로98번길,detatched_multiFamily
부산광역시 동래구 칠산동,7*,월세,136.69,1000,25,1978,칠산로,detatched_multiFamily
부산광역시 부산진구 가야동,*,월세,12,1000,45,2017,가야대로668번길,detatched_multiFamily
부산광역시 부산진구 가야동,6**,월세,13,1000,23,1989,냉정로232번길,detatched_multiFamily
부산광역시 부산진구 가야동,6**,월세,14,500,20,1981,가야대로482번길,detatched_multiFamily
부산광역시 부산진구 가야동,3**,전세,14.27,7000,0,,가야대로572번길,detatched_multiFamily
부산광역시 부산진구 가야동,3**,월세,15,100,20,1993,엄광로,detatched_multiFamily
부산광역시 부산진구 가야동,3**,전세,15,2500,0,1994,엄광로,detatched_multiFamily
부산광역시 부산진구 가야동,3**,전세,15,3500,0,1989,대학로44번길,detatched_multiFamily
부산광역시 부산진구 가야동,1**,월세,15.52,500,30,2010,가야대로527번길,detatched_multiFamily
부산광역시 부산진구 가야동,6**,월세,15.58,1000,33,2020,냉정로233번길,detatched_multiFamily
부산광역시 부산진구 가야동,3**,월세,16,100,22,2008,엄광로208번길,detatched_multiFamily
부산광역시 부산진구 가야동,5**,월세,16.52,300,28,2010,가야대로552번길,detatched_multiFamily
부산광역시 부산진구 가야동,4**,월세,17,500,30,,엄광로,detatched_multiFamily
부산광역시 부산진구 가야동,4**,월세,17,500,40,2002,엄광로182번길,detatched_multiFamily
부산광역시 부산진구 가야동,4**,월세,17,2500,30,2017,엄광로190번길,detatched_multiFamily
부산광역시 부산진구 가야동,4**,월세,17,3000,25,2017,엄광로190번길,detatched_multiFamily
부산광역시 부산진구 가야동,4**,월세,17,200,30,2002,엄광로182번길,detatched_multiFamily
부산광역시 부산진구 가야동,4**,월세,17,2000,39,2017,엄광로190번길,detatched_multiFamily
부산광역시 부산진구 가야동,4**,월세,17,2000,33,2017,엄광로190번길,detatched_multiFamily
부산광역시 부산진구 가야동,4**,월세,17,500,35,2017,엄광로190번길,detatched_multiFamily
부산광역시 부산진구 가야동,4**,월세,17,3000,24,2017,엄광로190번길,detatched_multiFamily
부산광역시 부산진구 가야동,3**,전세,17,3500,0,2010,엄광로,detatched_multiFamily
부산광역시 부산진구 가야동,8*,전세,17.19,3500,0,1981,가야대로587번길,detatched_multiFamily
부산광역시 부산진구 가야동,4**,전세,17.28,6000,0,1987,대학로,detatched_multiFamily
부산광역시 부산진구 가야동,8*,월세,17.65,700,30,1981,가야대로587번길,detatched_multiFamily
부산광역시 부산진구 가야동,5*,월세,17.8,3000,29,,,detatched_multiFamily
부산광역시 부산진구 가야동,5**,월세,18,300,28,2008,가야공원로63번길,detatched_multiFamily
부산광역시 부산진구 가야동,5**,월세,18,200,27,2008,가야공원로63번길,detatched_multiFamily
부산광역시 부산진구 가야동,4**,전세,18,6500,0,2002,가야대로552번길,detatched_multiFamily
부산광역시 부산진구 가야동,4**,월세,18.04,1500,32,,,detatched_multiFamily
부산광역시 부산진구 가야동,5**,월세,18.55,200,29,2008,가야공원로63번길,detatched_multiFamily
부산광역시 부산진구 가야동,4**,월세,18.6,3000,15,2016,엄광로190번길,detatched_multiFamily
부산광역시 부산진구 가야동,3**,월세,18.68,2000,11,1989,대학로44번길,detatched_multiFamily
부산광역시 부산진구 가야동,3**,전세,18.68,3000,0,1989,대학로44번길,detatched_multiFamily
부산광역시 부산진구 가야동,4**,월세,19,2000,30,2016,엄광로190번길,detatched_multiFamily
부산광역시 부산진구 가야동,4**,월세,19,500,51,2017,엄광로190번길,detatched_multiFamily
부산광역시 부산진구 가야동,3**,월세,19,500,30,1989,대학로44번길,detatched_multiFamily
부산광역시 부산진구 가야동,4**,월세,19,3000,32,2017,엄광로190번길,detatched_multiFamily
부산광역시 부산진구 가야동,6**,월세,19.24,1000,37,2020,냉정로233번길,detatched_multiFamily
부산광역시 부산진구 가야동,6**,월세,19.38,200,28,2010,냉정로233번길,detatched_multiFamily
부산광역시 부산진구 가야동,*,월세,20,100,25,2010,엄광로337번길,detatched_multiFamily
부산광역시 부산진구 가야동,4**,월세,20,3000,32,2017,엄광로190번길,detatched_multiFamily
부산광역시 부산진구 가야동,4**,월세,20,2000,32,2017,엄광로190번길,detatched_multiFamily
부산광역시 부산진구 가야동,*,월세,20,200,29,2010,엄광로337번길,detatched_multiFamily
부산광역시 부산진구 가야동,*,월세,20,100,25,2010,엄광로337번길,detatched_multiFamily
부산광역시 부산진구 가야동,4**,월세,20,1000,36,2017,엄광로190번길,detatched_multiFamily
부산광역시 부산진구 가야동,2**,월세,20,100,20,1970,가야대로572번가길,detatched_multiFamily
부산광역시 부산진구 가야동,4**,월세,20,2000,53,2017,엄광로190번길,detatched_multiFamily
부산광역시 부산진구 가야동,4**,월세,20,1000,46,2017,엄광로190번길,detatched_multiFamily
부산광역시 부산진구 가야동,4**,월세,20,2000,32,2017,엄광로190번길,detatched_multiFamily
부산광역시 부산진구 가야동,*,월세,20,200,25,2010,엄광로337번길,detatched_multiFamily
부산광역시 부산진구 가야동,6**,월세,20,100,10,1978,냉정로252번가길,detatched_multiFamily
부산광역시 부산진구 가야동,5**,월세,20.5,500,25,2003,가야대로548번길,detatched_multiFamily
부산광역시 부산진구 가야동,8*,월세,21.48,200,30,1981,가야대로587번길,detatched_multiFamily
부산광역시 부산진구 가야동,6**,월세,22,200,20,1973,냉정로252번가길,detatched_multiFamily
부산광역시 부산진구 가야동,3**,월세,22.46,500,29,2004,대학로44번길,detatched_multiFamily
부산광역시 부산진구 가야동,6**,월세,24.92,8000,17,2020,냉정로252번가길,detatched_multiFamily
부산광역시 부산진구 가야동,3**,월세,25,3500,25,1990,엄광로262번길,detatched_multiFamily
부산광역시 부산진구 가야동,4**,월세,25,2000,25,2003,가야대로552번길,detatched_multiFamily
부산광역시 부산진구 가야동,4**,월세,25,5000,20,1998,가야대로552번길,detatched_multiFamily
부산광역시 부산진구 가야동,4**,월세,25,500,33,2002,엄광로182번길,detatched_multiFamily
부산광역시 부산진구 가야동,4**,월세,25,500,33,2002,엄광로182번길,detatched_multiFamily
부산광역시 부산진구 가야동,4**,월세,25,200,27,1980,엄광로,detatched_multiFamily
부산광역시 부산진구 가야동,1*,월세,26.45,100,20,,엄광로312번길,detatched_multiFamily
부산광역시 부산진구 가야동,4**,월세,27,0,19,1990,엄광로228번길,detatched_multiFamily
부산광역시 부산진구 가야동,6**,전세,27.8,3500,0,,가야대로498번가길,detatched_multiFamily
부산광역시 부산진구 가야동,6**,전세,28.88,10000,0,2020,냉정로252번가길,detatched_multiFamily
부산광역시 부산진구 가야동,4**,월세,30,300,43,1988,대학로,detatched_multiFamily
부산광역시 부산진구 가야동,4*,월세,30,500,25,1996,엄광로,detatched_multiFamily
부산광역시 부산진구 가야동,1*,월세,30,1500,50,1992,가야대로668번길,detatched_multiFamily
부산광역시 부산진구 가야동,6**,월세,30,1000,25,1995,냉정로252번길,detatched_multiFamily
부산광역시 부산진구 가야동,2**,월세,30,3000,30,1993,대학로36번길,detatched_multiFamily
부산광역시 부산진구 가야동,1**,월세,30,4000,30,1968,가야대로527번길,detatched_multiFamily
부산광역시 부산진구 가야동,6**,전세,30,7000,0,2011,,detatched_multiFamily
부산광역시 부산진구 가야동,6**,전세,30,7000,0,,,detatched_multiFamily
부산광역시 부산진구 가야동,4**,전세,30,10000,0,2015,엄광로124번길,detatched_multiFamily
부산광역시 부산진구 가야동,4**,전세,30,12000,0,2017,엄광로190번길,detatched_multiFamily
부산광역시 부산진구 가야동,2**,월세,32.3,300,35,2008,,detatched_multiFamily
부산광역시 부산진구 가야동,6**,월세,33,200,10,1975,가야공원로,detatched_multiFamily
부산광역시 부산진구 가야동,4*,전세,33,11000,0,2016,가야대로679번길,detatched_multiFamily
부산광역시 부산진구 가야동,4**,전세,33.12,2000,0,1993,대학로61번길,detatched_multiFamily
부산광역시 부산진구 가야동,4**,전세,33.12,2000,0,1993,대학로61번길,detatched_multiFamily
부산광역시 부산진구 가야동,2**,전세,34.05,13000,0,1972,가야대로543번가길,detatched_multiFamily
부산광역시 부산진구 가야동,6**,월세,35,1000,25,1975,가야대로498번가길,detatched_multiFamily
부산광역시 부산진구 가야동,5**,전세,35,3500,0,1969,가야공원로40번길,detatched_multiFamily
부산광역시 부산진구 가야동,*,월세,35.39,1000,30,,가야대로668번길,detatched_multiFamily
부산광역시 부산진구 가야동,6**,전세,35.52,8000,0,1993,냉정로,detatched_multiFamily
부산광역시 부산진구 가야동,4**,전세,35.76,4000,0,1998,엄광로208번가길,detatched_multiFamily
부산광역시 부산진구 가야동,6**,월세,36.18,1000,38,2015,냉정로232번길,detatched_multiFamily
부산광역시 부산진구 가야동,6**,월세,37,1000,30,1991,냉정로,detatched_multiFamily
부산광역시 부산진구 가야동,6**,월세,39,5000,22,1989,엄광로69번길,detatched_multiFamily
부산광역시 부산진구 가야동,4**,월세,39.42,2000,33,1989,엄광로147번길,detatched_multiFamily
부산광역시 부산진구 가야동,4**,월세,39.67,700,20,1967,대학로49번길,detatched_multiFamily
부산광역시 부산진구 가야동,2**,월세,40,5000,15,2014,가야대로572번가길,detatched_multiFamily
부산광역시 부산진구 가야동,4*,전세,40,11000,0,2016,가야대로679번길,detatched_multiFamily
부산광역시 부산진구 가야동,3**,월세,40.88,500,17,1994,대학로,detatched_multiFamily
부산광역시 부산진구 가야동,6**,월세,41.9,1000,25,1991,복지로47번길,detatched_multiFamily
부산광역시 부산진구 가야동,3**,월세,41.92,2500,20,1994,엄광로,detatched_multiFamily
부산광역시 부산진구 가야동,5**,월세,42,2000,20,1991,엄광로147번길,detatched_multiFamily
부산광역시 부산진구 가야동,4**,월세,42.8,500,30,1980,엄광로,detatched_multiFamily
부산광역시 부산진구 가야동,6**,월세,42.9,500,25,1988,가야대로482번길,detatched_multiFamily
부산광역시 부산진구 가야동,3**,월세,42.98,100,25,1976,대학로,detatched_multiFamily
부산광역시 부산진구 가야동,6**,월세,43,1000,20,1991,가야공원로40번길,detatched_multiFamily
부산광역시 부산진구 가야동,1*,전세,43,2000,0,1996,엄광로,detatched_multiFamily
부산광역시 부산진구 가야동,4**,전세,45,6500,0,2002,가야대로552번길,detatched_multiFamily
부산광역시 부산진구 가야동,6**,월세,45.4,1000,30,1979,가야공원로38번길,detatched_multiFamily
부산광역시 부산진구 가야동,5**,월세,45.5,2000,25,1976,가야공원로63번길,detatched_multiFamily
부산광역시 부산진구 가야동,6**,월세,45.84,3000,30,1973,가야공원로40번길,detatched_multiFamily
부산광역시 부산진구 가야동,6**,월세,46.28,6000,25,1988,가야대로482번길,detatched_multiFamily
부산광역시 부산진구 가야동,1**,전세,46.72,3500,0,,가야공원로14번길,detatched_multiFamily
부산광역시 부산진구 가야동,5**,월세,48,3500,30,1970,가야공원로52번길,detatched_multiFamily
부산광역시 부산진구 가야동,1*,월세,48.2,3000,19,,,detatched_multiFamily
부산광역시 부산진구 가야동,4**,월세,48.4,500,40,1980,대학로,detatched_multiFamily
부산광역시 부산진구 가야동,6**,월세,48.6,2500,30,1977,가야공원로,detatched_multiFamily
부산광역시 부산진구 가야동,4**,월세,48.71,1000,20,1991,가야대로572번길,detatched_multiFamily
부산광역시 부산진구 가야동,4*,전세,48.82,10500,0,,가야대로679번길,detatched_multiFamily
부산광역시 부산진구 가야동,4*,전세,48.82,10000,0,2016,가야대로679번길,detatched_multiFamily
부산광역시 부산진구 가야동,6**,월세,49.42,3000,25,1979,가야공원로38번길,detatched_multiFamily
부산광역시 부산진구 가야동,6**,월세,49.46,5000,20,1973,가야공원로40번길,detatched_multiFamily
부산광역시 부산진구 가야동,1**,월세,49.5,2000,25,1971,가야대로527번길,detatched_multiFamily
부산광역시 부산진구 가야동,1**,월세,50,3200,18,1988,가야대로507번길,detatched_multiFamily
부산광역시 부산진구 가야동,2**,월세,50,4000,20,1993,가야대로556번길,detatched_multiFamily
부산광역시 부산진구 가야동,2**,월세,50.52,7000,10,1974,가야대로556번길,detatched_multiFamily
부산광역시 부산진구 가야동,6**,월세,50.79,1500,25,1974,냉정로,detatched_multiFamily
부산광역시 부산진구 가야동,4**,월세,50.86,2500,25,1985,대학로75번길,detatched_multiFamily
부산광역시 부산진구 가야동,3**,전세,51.3,9500,0,1975,,detatched_multiFamily
부산광역시 부산진구 가야동,4*,월세,51.58,2000,15,1997,엄광로,detatched_multiFamily
부산광역시 부산진구 가야동,1**,월세,52.62,8000,15,1992,가야대로521번길,detatched_multiFamily
부산광역시 부산진구 가야동,6*,월세,53,4000,23,1983,,detatched_multiFamily
부산광역시 부산진구 가야동,5**,월세,53.42,6000,20,1979,,detatched_multiFamily
부산광역시 부산진구 가야동,6**,전세,53.42,9000,0,1973,,detatched_multiFamily
부산광역시 부산진구 가야동,6**,전세,53.42,10000,0,1973,,detatched_multiFamily
부산광역시 부산진구 가야동,6**,전세,53.42,10000,0,1973,가야공원로40번길,detatched_multiFamily
부산광역시 부산진구 가야동,6**,전세,53.42,10000,0,1973,,detatched_multiFamily
부산광역시 부산진구 가야동,6**,전세,53.42,10000,0,1973,,detatched_multiFamily
부산광역시 부산진구 가야동,4**,전세,53.55,15000,0,1978,엄광로190번길,detatched_multiFamily
부산광역시 부산진구 가야동,6**,전세,54.24,9000,0,1996,가야공원로52번길,detatched_multiFamily
부산광역시 부산진구 가야동,6**,전세,55.13,7500,0,,냉정로252번길,detatched_multiFamily
부산광역시 부산진구 가야동,1**,월세,55.34,5000,35,1980,가야대로517번길,detatched_multiFamily
부산광역시 부산진구 가야동,4**,월세,57.04,3000,30,1994,가야공원로52번길,detatched_multiFamily
부산광역시 부산진구 가야동,8*,전세,59.17,15000,0,1981,가야대로587번길,detatched_multiFamily
부산광역시 부산진구 가야동,2**,월세,59.4,3000,30,1994,가야대로568번길,detatched_multiFamily
부산광역시 부산진구 가야동,6*,월세,60,1000,35,1972,가야대로587번길,detatched_multiFamily
부산광역시 부산진구 가야동,6**,월세,60,4000,33,1977,가야공원로38번길,detatched_multiFamily
부산광역시 부산진구 가야동,6**,전세,60.76,10000,0,1970,냉정로252번길,detatched_multiFamily
부산광역시 부산진구 가야동,6*,월세,61.61,4000,25,,,detatched_multiFamily
부산광역시 부산진구 가야동,1**,월세,62.69,2000,30,1979,가야대로527번길,detatched_multiFamily
부산광역시 부산진구 가야동,2**,전세,62.86,10000,0,1977,가야대로556번길,detatched_multiFamily
부산광역시 부산진구 가야동,7*,월세,63.23,5000,25,,,detatched_multiFamily
부산광역시 부산진구 가야동,6**,월세,63.48,1000,18,1985,냉정로252번가길,detatched_multiFamily
부산광역시 부산진구 가야동,6**,전세,63.48,13000,0,1996,가야공원로52번길,detatched_multiFamily
부산광역시 부산진구 가야동,6**,전세,63.48,13000,0,1996,가야공원로52번길,detatched_multiFamily
부산광역시 부산진구 가야동,6**,월세,64.08,6000,20,1995,,detatched_multiFamily
부산광역시 부산진구 가야동,6**,전세,64.08,6000,0,,냉정로252번길,detatched_multiFamily
부산광역시 부산진구 가야동,4*,월세,64.2,1000,50,1996,가야대로614번길,detatched_multiFamily
부산광역시 부산진구 가야동,6**,월세,64.95,2500,25,1973,냉정로252번가길,detatched_multiFamily
부산광역시 부산진구 가야동,6**,월세,65,1000,32,1975,가야공원로,detatched_multiFamily
부산광역시 부산진구 가야동,4**,월세,66,500,60,2015,엄광로124번길,detatched_multiFamily
부산광역시 부산진구 가야동,4**,월세,66,500,60,2015,엄광로124번길,detatched_multiFamily
부산광역시 부산진구 가야동,4**,월세,69.13,1000,20,,엄광로,detatched_multiFamily
부산광역시 부산진구 가야동,6**,전세,69.42,10000,0,1989,가야대로482번길,detatched_multiFamily
부산광역시 부산진구 가야동,6**,전세,69.67,12500,0,1973,가야공원로,detatched_multiFamily
부산광역시 부산진구 가야동,6**,전세,70.41,4500,0,1976,가야공원로40번길,detatched_multiFamily
부산광역시 부산진구 가야동,1**,월세,71.74,1500,45,1979,가야대로527번길,detatched_multiFamily
부산광역시 부산진구 가야동,4**,월세,72.85,200,32,2008,엄광로182번길,detatched_multiFamily
부산광역시 부산진구 가야동,4**,월세,72.9,300,33,1986,대학로75번길,detatched_multiFamily
부산광역시 부산진구 가야동,6**,전세,74.71,10000,0,1974,냉정로252번가길,detatched_multiFamily
부산광역시 부산진구 가야동,6**,전세,76.03,12000,0,1973,가야공원로40번길,detatched_multiFamily
부산광역시 부산진구 가야동,5*,전세,77.86,8500,0,1992,가야대로587번길,detatched_multiFamily
부산광역시 부산진구 가야동,4**,월세,79,500,28,1986,대학로61번길,detatched_multiFamily
부산광역시 부산진구 가야동,*,전세,79,5000,0,1982,가야대로668번길,detatched_multiFamily
부산광역시 부산진구 가야동,1**,월세,79.34,7000,18,1979,가야대로527번길,detatched_multiFamily
부산광역시 부산진구 가야동,6**,전세,81.09,13500,0,1981,엄광로,detatched_multiFamily
부산광역시 부산진구 가야동,6**,월세,88.57,2500,20,1997,가야공원로38번길,detatched_multiFamily
부산광역시 부산진구 가야동,3**,월세,89.36,4000,26,1979,대학로25번길,detatched_multiFamily
부산광역시 부산진구 가야동,6**,전세,91.29,13000,0,1991,가야공원로38번길,detatched_multiFamily
부산광역시 부산진구 가야동,2**,월세,92.3,3000,25,1977,가야대로556번길,detatched_multiFamily
부산광역시 부산진구 가야동,3**,월세,92.55,7000,30,2004,가야대로572번길,detatched_multiFamily
부산광역시 부산진구 가야동,6**,월세,96.19,500,42,2020,냉정로233번길,detatched_multiFamily
부산광역시 부산진구 가야동,6**,월세,104.7,9000,10,1973,가야공원로40번길,detatched_multiFamily
부산광역시 부산진구 가야동,6**,전세,114.56,16000,0,2001,가야공원로38번길,detatched_multiFamily
부산광역시 부산진구 가야동,3**,월세,126,50,20,1962,대학로15번길,detatched_multiFamily
부산광역시 부산진구 가야동,6**,월세,127.28,8000,12,2020,냉정로252번가길,detatched_multiFamily
부산광역시 부산진구 가야동,1**,월세,128.86,6000,50,2003,가야공원로14번길,detatched_multiFamily
부산광역시 부산진구 가야동,6**,월세,129,2000,30,1973,냉정로252번가길,detatched_multiFamily
부산광역시 부산진구 가야동,6**,전세,145,10000,0,1979,가야공원로38번길,detatched_multiFamily
부산광역시 부산진구 가야동,5**,월세,162.7,200,30,2009,가야공원로63번길,detatched_multiFamily
부산광역시 부산진구 개금동,2**,월세,13,500,25,1993,개금본동로17번길,detatched_multiFamily
부산광역시 부산진구 개금동,2*,월세,13.9,100,10,1987,개금본동로4번길,detatched_multiFamily
부산광역시 부산진구 개금동,5**,월세,13.98,500,35,,냉정로,detatched_multiFamily
부산광역시 부산진구 개금동,5**,월세,14.5,200,28,2010,가야대로424번길,detatched_multiFamily
부산광역시 부산진구 개금동,1**,월세,14.94,500,35,2022,,detatched_multiFamily
부산광역시 부산진구 개금동,5**,월세,15,300,21,2010,복지로,detatched_multiFamily
부산광역시 부산진구 개금동,1**,월세,15,1900,19,2010,복지로21번길,detatched_multiFamily
부산광역시 부산진구 개금동,1**,월세,15,1900,19,2010,복지로21번길,detatched_multiFamily
부산광역시 부산진구 개금동,5**,전세,15,6500,0,2019,복지로,detatched_multiFamily
부산광역시 부산진구 개금동,1**,전세,15,4000,0,2010,복지로21번길,detatched_multiFamily
부산광역시 부산진구 개금동,5**,전세,16,5500,0,2018,복지로41번길,detatched_multiFamily
부산광역시 부산진구 개금동,4**,전세,17,3500,0,1992,개금본동로66번길,detatched_multiFamily
부산광역시 부산진구 개금동,1**,월세,17.5,300,25,2010,복지로13번길,detatched_multiFamily
부산광역시 부산진구 개금동,5**,전세,17.5,3000,0,2010,복지로,detatched_multiFamily
부산광역시 부산진구 개금동,1**,전세,19.5,4000,0,2010,,detatched_multiFamily
부산광역시 부산진구 개금동,5**,월세,20,500,37,2018,복지로41번길,detatched_multiFamily
부산광역시 부산진구 개금동,1**,월세,20,500,27,2016,냉정로,detatched_multiFamily
부산광역시 부산진구 개금동,1**,월세,20,1000,23,2016,냉정로,detatched_multiFamily
부산광역시 부산진구 개금동,1**,전세,20,7000,0,2010,가야대로468번길,detatched_multiFamily
부산광역시 부산진구 개금동,5**,전세,20,6300,0,2019,복지로,detatched_multiFamily
부산광역시 부산진구 개금동,5**,전세,20,6300,0,2019,복지로,detatched_multiFamily
부산광역시 부산진구 개금동,4**,전세,20,2000,0,1978,개금본동로66번길,detatched_multiFamily
부산광역시 부산진구 개금동,5**,전세,20.28,6000,0,2016,복지로21번길,detatched_multiFamily
부산광역시 부산진구 개금동,4**,전세,21.3,5000,0,2017,가야대로443번길,detatched_multiFamily
부산광역시 부산진구 개금동,5**,월세,21.55,2000,40,,복지로,detatched_multiFamily
부산광역시 부산진구 개금동,1**,전세,22,7000,0,2017,복지로21번길,detatched_multiFamily
부산광역시 부산진구 개금동,6**,월세,23.1,300,20,1977,냉정로161번길,detatched_multiFamily
부산광역시 부산진구 개금동,5**,월세,25,800,50,2021,복지로8번길,detatched_multiFamily
부산광역시 부산진구 개금동,6**,월세,25,1000,40,1995,가야대로424번길,detatched_multiFamily
부산광역시 부산진구 개금동,5**,월세,25,2000,60,1989,엄광로62번길,detatched_multiFamily
부산광역시 부산진구 개금동,5**,월세,25,3000,38,2021,복지로8번길,detatched_multiFamily
부산광역시 부산진구 개금동,4**,전세,25,6000,0,2017,가야대로443번길,detatched_multiFamily
부산광역시 부산진구 개금동,5**,전세,25,9000,0,2016,복지로21번길,detatched_multiFamily
부산광역시 부산진구 개금동,5**,전세,25,7000,0,2021,복지로8번길,detatched_multiFamily
부산광역시 부산진구 개금동,5**,월세,25.48,2000,32,2017,가야대로454번길,detatched_multiFamily
부산광역시 부산진구 개금동,1**,전세,26.5,6000,0,2017,복지로21번길,detatched_multiFamily
부산광역시 부산진구 개금동,4**,전세,28.18,5500,0,2017,가야대로443번길,detatched_multiFamily
부산광역시 부산진구 개금동,4**,월세,29.42,500,17,1972,가야대로443번가길,detatched_multiFamily
부산광역시 부산진구 개금동,1**,월세,29.75,1000,52,2016,,detatched_multiFamily
부산광역시 부산진구 개금동,5**,월세,30,6000,10,1977,,detatched_multiFamily
부산광역시 부산진구 개금동,5**,월세,30,2000,20,1996,복지로41번길,detatched_multiFamily
부산광역시 부산진구 개금동,1**,월세,30,2000,50,2016,복지로21번길,detatched_multiFamily
부산광역시 부산진구 개금동,1**,월세,30,5000,20,2016,냉정로,detatched_multiFamily
부산광역시 부산진구 개금동,1**,전세,30,7500,0,2016,복지로21번길,detatched_multiFamily
부산광역시 부산진구 개금동,5**,전세,30.75,9000,0,2016,복지로21번길,detatched_multiFamily
부산광역시 부산진구 개금동,4**,월세,33,300,22,1992,개금온정로17번길,detatched_multiFamily
부산광역시 부산진구 개금동,4**,월세,33,1000,15,1978,개금본동로,detatched_multiFamily
부산광역시 부산진구 개금동,3**,월세,33.05,100,17,1992,개금본동로23번길,detatched_multiFamily
부산광역시 부산진구 개금동,5**,월세,35,1000,35,,가야대로454번길,detatched_multiFamily
부산광역시 부산진구 개금동,5**,월세,36.2,1000,25,1980,엄광로,detatched_multiFamily
부산광역시 부산진구 개금동,6**,전세,37.69,6000,0,,가야대로410번길,detatched_multiFamily
부산광역시 부산진구 개금동,6**,전세,37.69,6000,0,,가야대로410번길,detatched_multiFamily
부산광역시 부산진구 개금동,5**,월세,37.8,4000,20,1994,,detatched_multiFamily
부산광역시 부산진구 개금동,5**,월세,39.67,4000,20,1994,,detatched_multiFamily
부산광역시 부산진구 개금동,5**,월세,40,5000,20,1994,,detatched_multiFamily
부산광역시 부산진구 개금동,5**,월세,40,500,25,1979,엄광로62번길,detatched_multiFamily
부산광역시 부산진구 개금동,5**,월세,40,1000,10,1991,복지로41번길,detatched_multiFamily
부산광역시 부산진구 개금동,5**,월세,40.17,3000,30,,복지로21번길,detatched_multiFamily
부산광역시 부산진구 개금동,5**,월세,40.74,500,45,1977,가야대로424번길,detatched_multiFamily
부산광역시 부산진구 개금동,6**,월세,40.83,300,30,1977,진사로25번길,detatched_multiFamily
부산광역시 부산진구 개금동,6**,월세,40.83,1000,30,1977,진사로25번길,detatched_multiFamily
부산광역시 부산진구 개금동,5**,전세,41.5,9000,0,1991,복지로41번길,detatched_multiFamily
부산광역시 부산진구 개금동,5**,월세,42.58,3000,30,1980,복지로47번길,detatched_multiFamily
부산광역시 부산진구 개금동,5**,전세,44.04,8500,0,1979,엄광로,detatched_multiFamily
부산광역시 부산진구 개금동,5**,월세,44.4,500,35,1979,엄광로62번길,detatched_multiFamily
부산광역시 부산진구 개금동,2**,월세,44.94,2500,15,1983,개금본동로9번길,detatched_multiFamily
부산광역시 부산진구 개금동,4**,전세,45.12,1000,0,1985,백양대로,detatched_multiFamily
부산광역시 부산진구 개금동,5**,월세,45.26,1000,27,1991,가야대로454번길,detatched_multiFamily
부산광역시 부산진구 개금동,1*,월세,45.53,1000,30,1989,개금본동로,detatched_multiFamily
부산광역시 부산진구 개금동,5**,월세,46.22,5000,35,1979,가야대로454번길,detatched_multiFamily
부산광역시 부산진구 개금동,1**,월세,47.58,1000,35,1977,냉정로231번길,detatched_multiFamily
부산광역시 부산진구 개금동,3**,전세,47.65,7000,0,1996,백양대로238번길,detatched_multiFamily
부산광역시 부산진구 개금동,3**,월세,47.84,100,30,1983,개금본동로,detatched_multiFamily
부산광역시 부산진구 개금동,6**,전세,48.93,4000,0,1977,엄광로,detatched_multiFamily
부산광역시 부산진구 개금동,5**,월세,49.5,3000,20,1992,가야대로468번길,detatched_multiFamily
부산광역시 부산진구 개금동,5**,월세,49.5,2000,20,1992,가야대로468번길,detatched_multiFamily
부산광역시 부산진구 개금동,3**,월세,53.82,2000,35,1991,개금본동로17번길,detatched_multiFamily
부산광역시 부산진구 개금동,5**,월세,53.83,1800,40,1977,가야대로424번길,detatched_multiFamily
부산광역시 부산진구 개금동,6**,월세,56.2,0,14,1976,진사로77번길,detatched_multiFamily
부산광역시 부산진구 개금동,5**,전세,58.15,7000,0,1987,엄광로62번길,detatched_multiFamily
부산광역시 부산진구 개금동,4**,월세,59.4,1000,35,1990,개금본동로66번길,detatched_multiFamily
부산광역시 부산진구 개금동,2**,월세,59.85,2000,40,1997,개금온정로13번길,detatched_multiFamily
부산광역시 부산진구 개금동,4*,전세,60,6000,0,1979,,detatched_multiFamily
부산광역시 부산진구 개금동,1**,월세,60.78,2000,30,1991,가야공원로14번길,detatched_multiFamily
부산광역시 부산진구 개금동,5**,월세,62.02,500,40,1985,엄광로44번길,detatched_multiFamily
부산광역시 부산진구 개금동,1**,전세,62.76,11000,0,1989,가야대로507번가길,detatched_multiFamily
부산광역시 부산진구 개금동,6**,전세,62.81,10000,0,1975,진사로,detatched_multiFamily
부산광역시 부산진구 개금동,4**,월세,63,10000,5,1977,개금본동로,detatched_multiFamily
부산광역시 부산진구 개금동,3**,월세,64,0,20,1983,개금본동로,detatched_multiFamily
부산광역시 부산진구 개금동,6**,월세,64.44,3000,25,1984,진사로67번길,detatched_multiFamily
부산광역시 부산진구 개금동,5**,전세,64.46,13000,0,1976,복지로41번길,detatched_multiFamily
부산광역시 부산진구 개금동,6**,월세,64.53,4000,35,1976,냉정로161번길,detatched_multiFamily
부산광역시 부산진구 개금동,3**,월세,64.87,2000,35,1983,개금본동로4번길,detatched_multiFamily
부산광역시 부산진구 개금동,5**,월세,65,5000,20,1988,복지로47번길,detatched_multiFamily
부산광역시 부산진구 개금동,5**,월세,65.98,4000,30,1982,엄광로,detatched_multiFamily
부산광역시 부산진구 개금동,3**,전세,66.28,9500,0,2019,백양대로252번길,detatched_multiFamily
부산광역시 부산진구 개금동,6**,월세,70.34,4000,20,1984,복지로85번길,detatched_multiFamily
부산광역시 부산진구 개금동,4**,전세,73,15000,0,,개금본동로,detatched_multiFamily
부산광역시 부산진구 개금동,4**,월세,73.8,500,30,1990,개금본동로66번길,detatched_multiFamily
부산광역시 부산진구 개금동,6**,전세,74,6000,0,1976,진사로77번길,detatched_multiFamily
부산광역시 부산진구 개금동,6**,전세,74.05,6000,0,1981,복지로85번길,detatched_multiFamily
부산광역시 부산진구 개금동,1**,전세,74.49,7000,0,2017,복지로21번길,detatched_multiFamily
부산광역시 부산진구 개금동,4**,월세,76.28,2000,40,1992,개금본동로66번길,detatched_multiFamily
부산광역시 부산진구 개금동,4**,월세,77.03,0,25,1977,백양대로252번길,detatched_multiFamily
부산광역시 부산진구 개금동,5**,월세,80.6,1000,30,1988,엄광로44번길,detatched_multiFamily
부산광역시 부산진구 개금동,4**,월세,84.87,500,20,1995,개금본동로66번길,detatched_multiFamily
부산광역시 부산진구 개금동,4**,월세,84.98,800,27,1986,개금본동로,detatched_multiFamily
부산광역시 부산진구 개금동,3**,월세,98.34,100,35,2020,백양대로238번길,detatched_multiFamily
부산광역시 부산진구 개금동,4**,월세,107.65,2000,25,1977,개금본동로,detatched_multiFamily
부산광역시 부산진구 개금동,5**,월세,111.35,6000,32,1996,복지로41번길,detatched_multiFamily
부산광역시 부산진구 개금동,6**,월세,119,1300,30,1997,가야대로410번길,detatched_multiFamily
부산광역시 부산진구 개금동,2*,월세,131.88,5000,30,1983,개금본동로4번길,detatched_multiFamily
부산광역시 부산진구 개금동,5**,전세,154.96,5000,0,1977,복지로47번길,detatched_multiFamily
부산광역시 부산진구 개금동,5**,월세,224,1000,35,1993,엄광로62번길,detatched_multiFamily
부산광역시 부산진구 당감동,6*,월세,13.22,300,20,2001,가야대로703번길,detatched_multiFamily
부산광역시 부산진구 당감동,5**,월세,16.52,100,15,,가야대로589번길,detatched_multiFamily
부산광역시 부산진구 당감동,9*,월세,16.53,500,30,2010,가야대로691번길,detatched_multiFamily
부산광역시 부산진구 당감동,3**,전세,16.61,6000,0,1987,동평로45번길,detatched_multiFamily
부산광역시 부산진구 당감동,7**,월세,18,500,15,1989,당감로55번길,detatched_multiFamily
부산광역시 부산진구 당감동,8**,전세,19.43,5000,0,2017,가야대로691번길,detatched_multiFamily
부산광역시 부산진구 당감동,8**,전세,19.44,7000,0,2017,가야대로691번길,detatched_multiFamily
부산광역시 부산진구 당감동,2**,월세,19.5,200,10,1970,당감로,detatched_multiFamily
부산광역시 부산진구 당감동,8**,월세,19.8,200,20,,가야대로691번길,detatched_multiFamily
부산광역시 부산진구 당감동,5**,월세,19.83,50,15,1968,가야대로507번길,detatched_multiFamily
부산광역시 부산진구 당감동,8**,월세,19.83,200,20,1968,가야대로,detatched_multiFamily
부산광역시 부산진구 당감동,5**,월세,19.83,500,15,1968,가야대로507번길,detatched_multiFamily
부산광역시 부산진구 당감동,9*,월세,20,500,32,2010,가야대로691번길,detatched_multiFamily
부산광역시 부산진구 당감동,9*,월세,20,500,32,2010,가야대로691번길,detatched_multiFamily
부산광역시 부산진구 당감동,9*,월세,20,200,35,2010,가야대로691번길,detatched_multiFamily
부산광역시 부산진구 당감동,9*,월세,20,1000,27,2010,가야대로691번길,detatched_multiFamily
부산광역시 부산진구 당감동,9*,월세,20.4,1000,42,2010,가야대로691번길,detatched_multiFamily
부산광역시 부산진구 당감동,2**,월세,22.31,1500,15,1960,동평로100번길,detatched_multiFamily
부산광역시 부산진구 당감동,9**,월세,23,300,28,,가야대로703번가길,detatched_multiFamily
부산광역시 부산진구 당감동,5**,월세,23.1,50,19,1983,가야대로589번길,detatched_multiFamily
부산광역시 부산진구 당감동,6**,월세,25,2000,15,1978,백양순환로,detatched_multiFamily
부산광역시 부산진구 당감동,2*,월세,28.17,1000,25,1962,가야대로703번다길,detatched_multiFamily
부산광역시 부산진구 당감동,8**,월세,28.33,300,15,1968,가야대로,detatched_multiFamily
부산광역시 부산진구 당감동,3**,전세,29.05,5000,0,1987,동평로45번길,detatched_multiFamily
부산광역시 부산진구 당감동,3**,전세,29.7,5000,0,1987,동평로45번길,detatched_multiFamily
부산광역시 부산진구 당감동,5*,전세,29.75,8000,0,1967,신천대로197번길,detatched_multiFamily
부산광역시 부산진구 당감동,3**,월세,30,1000,20,1993,동평로66번길,detatched_multiFamily
부산광역시 부산진구 당감동,5**,월세,30,1000,15,1990,당감서로9번길,detatched_multiFamily
부산광역시 부산진구 당감동,6**,월세,30,1000,15,1988,동평로39번길,detatched_multiFamily
부산광역시 부산진구 당감동,7**,월세,30,300,33,1979,당감서로,detatched_multiFamily
부산광역시 부산진구 당감동,8**,월세,30,2000,52,2017,가야대로691번길,detatched_multiFamily
부산광역시 부산진구 당감동,9**,월세,30,100,30,1989,가야대로703번가길,detatched_multiFamily
부산광역시 부산진구 당감동,2**,월세,30,300,21,1985,백양대로60번가길,detatched_multiFamily
부산광역시 부산진구 당감동,2*,월세,30,200,18,,가야대로681번길,detatched_multiFamily
부산광역시 부산진구 당감동,2*,월세,30,500,10,,가야대로681번길,detatched_multiFamily
부산광역시 부산진구 당감동,7**,전세,31,2500,0,1996,당감서로100번길,detatched_multiFamily
부산광역시 부산진구 당감동,5**,월세,33,2500,10,1968,가야대로507번길,detatched_multiFamily
부산광역시 부산진구 당감동,2**,월세,33,150,17,,당감로4번길,detatched_multiFamily
부산광역시 부산진구 당감동,7*,월세,33.06,500,15,1980,가야대로703번다길,detatched_multiFamily
부산광역시 부산진구 당감동,6**,전세,33.17,4000,0,1977,동평로55번길,detatched_multiFamily
부산광역시 부산진구 당감동,7**,월세,33.65,500,20,1989,백양순환로18번길,detatched_multiFamily
부산광역시 부산진구 당감동,2**,월세,34,200,17,,당감로4번길,detatched_multiFamily
부산광역시 부산진구 당감동,2**,전세,37.93,6000,0,,백양대로60번길,detatched_multiFamily
부산광역시 부산진구 당감동,3**,월세,39,500,15,1992,동평로44번길,detatched_multiFamily
부산광역시 부산진구 당감동,1**,월세,39.67,1500,20,,가야대로681번길,detatched_multiFamily
부산광역시 부산진구 당감동,7**,월세,39.67,7000,30,1969,,detatched_multiFamily
부산광역시 부산진구 당감동,6**,월세,40,500,26,1994,백양순환로10번길,detatched_multiFamily
부산광역시 부산진구 당감동,3**,월세,40,2000,20,1990,당감로52번길,detatched_multiFamily
부산광역시 부산진구 당감동,2**,월세,40.99,1000,20,1962,백양대로48번길,detatched_multiFamily
부산광역시 부산진구 당감동,7**,월세,41,4000,15,,동평로73번길,detatched_multiFamily
부산광역시 부산진구 당감동,8**,월세,41.52,4000,20,1984,,detatched_multiFamily
부산광역시 부산진구 당감동,2**,월세,41.82,1500,30,1976,동평로94번길,detatched_multiFamily
부산광역시 부산진구 당감동,8**,월세,42.16,1000,50,2000,가야대로703번길,detatched_multiFamily
부산광역시 부산진구 당감동,1**,월세,42.9,300,10,,가야대로681번길,detatched_multiFamily
부산광역시 부산진구 당감동,7*,전세,42.98,3500,0,1992,가야대로703번다길,detatched_multiFamily
부산광역시 부산진구 당감동,7**,월세,43,500,30,1988,당감로45번길,detatched_multiFamily
부산광역시 부산진구 당감동,9*,전세,43.47,5000,0,1992,가야대로703번라길,detatched_multiFamily
부산광역시 부산진구 당감동,8*,월세,45,1000,30,1985,가야대로703번마길,detatched_multiFamily
부산광역시 부산진구 당감동,3**,전세,45.84,6000,0,1986,동평로55번길,detatched_multiFamily
부산광역시 부산진구 당감동,5*,월세,47.51,3000,10,1985,신천대로197번길,detatched_multiFamily
부산광역시 부산진구 당감동,3**,전세,47.54,8000,0,1990,동평로55번길,detatched_multiFamily
부산광역시 부산진구 당감동,8**,월세,48.95,5000,10,,가야대로681번길,detatched_multiFamily
부산광역시 부산진구 당감동,5**,월세,49.2,2000,20,1983,가야대로589번길,detatched_multiFamily
부산광역시 부산진구 당감동,7*,전세,49.5,4000,0,1996,가야대로703번마길,detatched_multiFamily
부산광역시 부산진구 당감동,5*,월세,49.58,300,30,1991,가야대로703번마길,detatched_multiFamily
부산광역시 부산진구 당감동,8**,월세,49.58,800,30,1968,가야대로,detatched_multiFamily
부산광역시 부산진구 당감동,8*,월세,49.59,200,25,1961,가야대로703번마길,detatched_multiFamily
부산광역시 부산진구 당감동,8*,월세,49.6,3000,10,1986,가야대로703번마길,detatched_multiFamily
부산광역시 부산진구 당감동,6**,월세,49.85,1000,35,1977,동평로27번길,detatched_multiFamily
부산광역시 부산진구 당감동,6**,월세,50.32,2000,25,1984,백양순환로17번길,detatched_multiFamily
부산광역시 부산진구 당감동,6**,월세,50.58,1000,30,1981,동평로55번길,detatched_multiFamily
부산광역시 부산진구 당감동,2**,전세,51.04,3500,0,,백양대로78번길,detatched_multiFamily
부산광역시 부산진구 당감동,6**,월세,52.6,300,40,2015,당감서로109번길,detatched_multiFamily
부산광역시 부산진구 당감동,6**,월세,52.89,4000,30,1977,동평로27번길,detatched_multiFamily
부산광역시 부산진구 당감동,6**,월세,52.92,1000,35,1989,당감서로,detatched_multiFamily
부산광역시 부산진구 당감동,6**,월세,55.01,1000,25,1980,백양순환로28번길,detatched_multiFamily
부산광역시 부산진구 당감동,3**,전세,56,8000,0,1987,동평로45번길,detatched_multiFamily
부산광역시 부산진구 당감동,3**,월세,56.19,2000,15,1995,동평로55번길,detatched_multiFamily
부산광역시 부산진구 당감동,2**,월세,56.39,500,70,1985,백양대로,detatched_multiFamily
부산광역시 부산진구 당감동,1**,월세,59,500,55,1994,가야대로691번길,detatched_multiFamily
부산광역시 부산진구 당감동,7*,월세,59.5,2000,30,1980,가야대로703번다길,detatched_multiFamily
부산광역시 부산진구 당감동,3**,월세,59.75,3000,20,1986,동평로55번길,detatched_multiFamily
부산광역시 부산진구 당감동,3**,월세,61,3000,20,1991,동평로55번길,detatched_multiFamily
부산광역시 부산진구 당감동,3**,월세,61.09,2000,30,1992,동평로44번길,detatched_multiFamily
부산광역시 부산진구 당감동,3**,전세,61.09,10000,0,1994,동평로66번길,detatched_multiFamily
부산광역시 부산진구 당감동,1**,월세,62.6,7000,15,1994,가야대로691번길,detatched_multiFamily
부산광역시 부산진구 당감동,1**,전세,62.6,9300,0,1994,가야대로691번길,detatched_multiFamily
부산광역시 부산진구 당감동,8**,월세,62.8,200,15,,신천대로,detatched_multiFamily
부산광역시 부산진구 당감동,6**,전세,63.86,11000,0,1977,동평로27번길,detatched_multiFamily
부산광역시 부산진구 당감동,9*,전세,64.68,8000,0,1986,가야대로703번라길,detatched_multiFamily
부산광역시 부산진구 당감동,1**,월세,65,1000,45,1994,가야대로691번길,detatched_multiFamily
부산광역시 부산진구 당감동,7**,월세,65.41,4500,20,1987,백양순환로28번길,detatched_multiFamily
부산광역시 부산진구 당감동,1**,월세,66,1000,10,,가야대로681번길,detatched_multiFamily
부산광역시 부산진구 당감동,6**,월세,66,1500,25,1977,백양순환로35번길,detatched_multiFamily
부산광역시 부산진구 당감동,7**,전세,66,5000,0,1968,동평로73번길,detatched_multiFamily
부산광역시 부산진구 당감동,5*,월세,66.6,3000,25,1971,가야대로703번마길,detatched_multiFamily
부산광역시 부산진구 당감동,3**,월세,67.02,500,20,1985,당감로,detatched_multiFamily
부산광역시 부산진구 당감동,3**,월세,70,1000,35,1988,백양순환로,detatched_multiFamily
부산광역시 부산진구 당감동,6**,전세,71.24,13000,0,1977,동평로27번길,detatched_multiFamily
부산광역시 부산진구 당감동,8**,월세,73.65,200,20,1968,가야대로,detatched_multiFamily
부산광역시 부산진구 당감동,6**,월세,74.83,2000,35,1993,백양순환로35번길,detatched_multiFamily
부산광역시 부산진구 당감동,9*,전세,76.81,10000,0,1992,가야대로703번라길,detatched_multiFamily
부산광역시 부산진구 당감동,2**,월세,78,100,18,,백양대로64번길,detatched_multiFamily
부산광역시 부산진구 당감동,3**,월세,78.06,5000,20,1971,동평로45번길,detatched_multiFamily
부산광역시 부산진구 당감동,3**,월세,78.06,5000,20,1971,동평로45번길,detatched_multiFamily
부산광역시 부산진구 당감동,6**,전세,79.01,5000,0,1985,동평로39번길,detatched_multiFamily
부산광역시 부산진구 당감동,7*,월세,79.2,2000,30,1980,가야대로703번다길,detatched_multiFamily
부산광역시 부산진구 당감동,7**,전세,80.33,7000,0,1968,동평로73번길,detatched_multiFamily
부산광역시 부산진구 당감동,5*,전세,82.98,5000,0,1991,신천대로197번길,detatched_multiFamily
부산광역시 부산진구 당감동,6*,월세,85.23,8000,10,2001,,detatched_multiFamily
부산광역시 부산진구 당감동,3**,월세,85.95,7500,20,1978,백양순환로,detatched_multiFamily
부산광역시 부산진구 당감동,3**,월세,86.05,2000,29,1979,백양순환로,detatched_multiFamily
부산광역시 부산진구 당감동,2**,월세,88.82,5500,10,1996,동평로94번길,detatched_multiFamily
부산광역시 부산진구 당감동,3**,월세,93.1,8000,15,1991,동평로45번길,detatched_multiFamily
부산광역시 부산진구 당감동,3**,월세,93.1,8000,15,1991,동평로45번길,detatched_multiFamily
부산광역시 부산진구 당감동,9*,월세,93.48,4000,45,2002,가야대로703번나길,detatched_multiFamily
부산광역시 부산진구 당감동,9*,월세,93.48,5000,40,,가야대로703번나길,detatched_multiFamily
부산광역시 부산진구 당감동,6**,월세,99.17,3000,15,1973,백양순환로42번길,detatched_multiFamily
부산광역시 부산진구 당감동,6**,월세,106.84,2000,25,1980,동평로27번길,detatched_multiFamily
부산광역시 부산진구 당감동,4**,전세,107.71,21000,0,2018,당감로25번길,detatched_multiFamily
부산광역시 부산진구 당감동,3**,월세,111.72,2000,30,1976,당감로60번길,detatched_multiFamily
부산광역시 부산진구 당감동,4**,전세,126.91,18000,0,2018,당감로25번길,detatched_multiFamily
부산광역시 부산진구 당감동,5**,월세,135,1000,35,1989,당감로17번길,detatched_multiFamily
부산광역시 부산진구 당감동,4**,월세,142.35,1000,34,1989,당감로17번길,detatched_multiFamily
부산광역시 부산진구 당감동,6**,전세,148.5,17000,0,1994,동평로39번길,detatched_multiFamily
부산광역시 부산진구 당감동,8**,전세,184.62,10000,0,1993,백양순환로,detatched_multiFamily
부산광역시 부산진구 당감동,7**,전세,211.88,11000,0,1993,동평로73번길,detatched_multiFamily
부산광역시 부산진구 범전동,3*,월세,18,300,25,1993,범양로,detatched_multiFamily
부산광역시 부산진구 범전동,4*,월세,26.4,200,10,1985,범전로32번길,detatched_multiFamily
부산광역시 부산진구 범전동,4**,월세,50,2000,10,1969,새싹로,detatched_multiFamily
부산광역시 부산진구 범전동,3**,월세,54,2000,20,1985,범전로10번길,detatched_multiFamily
부산광역시 부산진구 범전동,7*,월세,61.45,300,30,1991,양성로31번길,detatched_multiFamily
부산광역시 부산진구 범전동,6*,전세,110,12000,0,2004,경마장로,detatched_multiFamily
부산광역시 부산진구 범천동,8**,월세,10,1000,20,1963,중앙번영로,detatched_multiFamily
부산광역시 부산진구 범천동,8**,월세,11,200,15,,범천로12번나길,detatched_multiFamily
부산광역시 부산진구 범천동,8**,월세,12.23,300,41,1980,중앙번영로20번길,detatched_multiFamily
부산광역시 부산진구 범천동,산4*,월세,15,100,20,,안창로10번가길,detatched_multiFamily
부산광역시 부산진구 범천동,1***,월세,16,300,18,,신암로155번가길,detatched_multiFamily
부산광역시 부산진구 범천동,8**,월세,17,200,20,1969,중앙번영로20번가길,detatched_multiFamily
부산광역시 부산진구 범천동,1***,월세,17,200,15,,신암로155번나길,detatched_multiFamily
부산광역시 부산진구 범천동,1***,전세,17,2300,0,1975,엄광로500번길,detatched_multiFamily
부산광역시 부산진구 범천동,8**,월세,19.17,1300,8,1964,범일로142번길,detatched_multiFamily
부산광역시 부산진구 범천동,8**,월세,20,500,65,1965,중앙번영로20번길,detatched_multiFamily
부산광역시 부산진구 범천동,1***,월세,22,450,20,1996,안창로22번가길,detatched_multiFamily
부산광역시 부산진구 범천동,8**,월세,24.1,100,15,,중앙번영로20번길,detatched_multiFamily
부산광역시 부산진구 범천동,8**,월세,26.67,1500,25,1948,범일로154번길,detatched_multiFamily
부산광역시 부산진구 범천동,6*,월세,28.1,300,25,1966,범일로125번길,detatched_multiFamily
부산광역시 부산진구 범천동,8**,월세,30,200,25,,중앙대로621번길,detatched_multiFamily
부산광역시 부산진구 범천동,8**,월세,31.1,1000,21,,중앙번영로20번가길,detatched_multiFamily
부산광역시 부산진구 범천동,8**,월세,32,2500,12,,중앙번영로20번나길,detatched_multiFamily
부산광역시 부산진구 범천동,1***,월세,33,3000,50,1987,신암로155번길,detatched_multiFamily
부산광역시 부산진구 범천동,8**,월세,33,100,30,1974,황령대로18번길,detatched_multiFamily
부산광역시 부산진구 범천동,1***,전세,33,2500,0,1984,신암로177번길,detatched_multiFamily
부산광역시 부산진구 범천동,1***,월세,35,200,15,1991,엄광로495번길,detatched_multiFamily
부산광역시 부산진구 범천동,1***,전세,35,2000,0,,신암로39번길,detatched_multiFamily
부산광역시 부산진구 범천동,8**,월세,35.7,500,20,,중앙번영로20번길,detatched_multiFamily
부산광역시 부산진구 범천동,1***,월세,36.75,2500,5,1992,신암로145번가길,detatched_multiFamily
부산광역시 부산진구 범천동,1***,월세,38,500,20,1980,신암로85번길,detatched_multiFamily
부산광역시 부산진구 범천동,1***,전세,38,3800,0,1993,신암로,detatched_multiFamily
부산광역시 부산진구 범천동,1***,전세,41.32,7000,0,1975,엄광로,detatched_multiFamily
부산광역시 부산진구 범천동,산4*,월세,41.5,500,20,,안창로60번길,detatched_multiFamily
부산광역시 부산진구 범천동,1***,월세,42,100,15,,안창로60번길,detatched_multiFamily
부산광역시 부산진구 범천동,1***,월세,46.2,3000,10,2003,만리산로,detatched_multiFamily
부산광역시 부산진구 범천동,1***,월세,49.6,1000,50,1964,신암로,detatched_multiFamily
부산광역시 부산진구 범천동,1***,월세,50,200,17,,신암로96번길,detatched_multiFamily
부산광역시 부산진구 범천동,1***,전세,52.89,6000,0,1970,신암로155번길,detatched_multiFamily
부산광역시 부산진구 범천동,1***,월세,56,100,10,,만리산로69번길,detatched_multiFamily
부산광역시 부산진구 범천동,8**,월세,56.8,500,40,1967,범일로142번길,detatched_multiFamily
부산광역시 부산진구 범천동,1***,월세,57.79,500,20,2015,신암로145번길,detatched_multiFamily
부산광역시 부산진구 범천동,8**,월세,58.28,2000,40,1982,황령대로8번길,detatched_multiFamily
부산광역시 부산진구 범천동,8**,전세,58.28,4000,0,1982,황령대로8번길,detatched_multiFamily
부산광역시 부산진구 범천동,1***,월세,59,100,15,,신암로145번길,detatched_multiFamily
부산광역시 부산진구 범천동,8**,월세,60,4000,20,1957,중앙번영로20번나길,detatched_multiFamily
부산광역시 부산진구 범천동,1***,월세,62.15,6000,10,1984,신암로177번길,detatched_multiFamily
부산광역시 부산진구 범천동,6*,전세,62.81,2000,0,1971,중앙대로548번길,detatched_multiFamily
부산광역시 부산진구 범천동,6*,전세,62.81,5000,0,1971,중앙대로548번길,detatched_multiFamily
부산광역시 부산진구 범천동,8**,월세,63.8,2000,40,1969,중앙대로621번길,detatched_multiFamily
부산광역시 부산진구 범천동,1***,월세,66.12,800,30,1978,만리산로74번길,detatched_multiFamily
부산광역시 부산진구 범천동,1***,월세,68.43,2500,40,1978,신암로99번가길,detatched_multiFamily
부산광역시 부산진구 범천동,1***,월세,69,500,20,1968,만리산로,detatched_multiFamily
부산광역시 부산진구 범천동,1***,전세,70,17000,0,2018,신천대로,detatched_multiFamily
부산광역시 부산진구 범천동,8**,월세,78.28,5000,30,1988,범일로131번길,detatched_multiFamily
부산광역시 부산진구 범천동,8**,월세,81.7,2000,60,1992,중앙번영로,detatched_multiFamily
부산광역시 부산진구 범천동,1***,월세,86,600,15,1991,신암로99번길,detatched_multiFamily
부산광역시 부산진구 범천동,8**,월세,144.4,4000,50,1992,중앙번영로,detatched_multiFamily
부산광역시 부산진구 부암동,1**,월세,13.2,200,20,1994,신천대로204번나길,detatched_multiFamily
부산광역시 부산진구 부암동,1**,월세,15,300,30,1967,신천대로204번나길,detatched_multiFamily
부산광역시 부산진구 부암동,1**,월세,16.5,100,15,,신천대로204번나길,detatched_multiFamily
부산광역시 부산진구 부암동,3**,전세,21,8000,0,1998,동평로119번길,detatched_multiFamily
부산광역시 부산진구 부암동,6*,월세,22.11,500,35,,신천대로,detatched_multiFamily
부산광역시 부산진구 부암동,6**,월세,22.47,2000,20,1973,가야대로747번길,detatched_multiFamily
부산광역시 부산진구 부암동,1**,월세,23.14,100,10,1965,가야대로747번다길,detatched_multiFamily
부산광역시 부산진구 부암동,3**,월세,26.45,2000,25,2012,동평로,detatched_multiFamily
부산광역시 부산진구 부암동,6**,월세,30,3000,10,1992,가야대로747번나길,detatched_multiFamily
부산광역시 부산진구 부암동,6**,월세,30,2000,20,1992,가야대로747번나길,detatched_multiFamily
부산광역시 부산진구 부암동,6**,전세,30,3000,0,1992,가야대로747번나길,detatched_multiFamily
부산광역시 부산진구 부암동,3**,월세,30.52,1000,30,1978,동평로181번길,detatched_multiFamily
부산광역시 부산진구 부암동,3**,월세,33,2000,20,1977,동평로119번길,detatched_multiFamily
부산광역시 부산진구 부암동,3**,월세,33,200,18,,동평로127번길,detatched_multiFamily
부산광역시 부산진구 부암동,6**,월세,33,500,25,1985,가야대로747번길,detatched_multiFamily
부산광역시 부산진구 부암동,1**,월세,34.56,200,25,1994,신천대로204번나길,detatched_multiFamily
부산광역시 부산진구 부암동,4**,월세,35,2500,20,1976,백양순환로116번길,detatched_multiFamily
부산광역시 부산진구 부암동,4**,월세,35,2500,20,1976,백양순환로116번길,detatched_multiFamily
부산광역시 부산진구 부암동,3**,월세,36,3500,10,1975,당감로64번길,detatched_multiFamily
부산광역시 부산진구 부암동,3**,전세,36.11,18500,0,,,detatched_multiFamily
부산광역시 부산진구 부암동,3**,월세,36.36,3000,20,1966,동평로115번길,detatched_multiFamily
부산광역시 부산진구 부암동,3**,월세,38,2500,20,1993,백양순환로164번가길,detatched_multiFamily
부산광역시 부산진구 부암동,2**,전세,38.4,3500,0,1975,백양대로,detatched_multiFamily
부산광역시 부산진구 부암동,1**,월세,39.6,200,18,,가야대로747번다길,detatched_multiFamily
부산광역시 부산진구 부암동,3**,월세,39.66,5000,10,1978,동평로181번길,detatched_multiFamily
부산광역시 부산진구 부암동,1**,월세,40,300,50,1989,신천대로216번길,detatched_multiFamily
부산광역시 부산진구 부암동,1**,전세,40,3700,0,1962,신천대로204번길,detatched_multiFamily
부산광역시 부산진구 부암동,1**,전세,40,3200,0,1962,신천대로204번길,detatched_multiFamily
부산광역시 부산진구 부암동,3**,월세,40.93,3000,30,1970,동평로119번길,detatched_multiFamily
부산광역시 부산진구 부암동,3**,월세,42.59,1000,20,1976,동평로127번길,detatched_multiFamily
부산광역시 부산진구 부암동,3**,월세,44.1,2000,15,1993,동평로119번가길,detatched_multiFamily
부산광역시 부산진구 부암동,3**,월세,45,3000,20,1977,동평로119번길,detatched_multiFamily
부산광역시 부산진구 부암동,3**,월세,46.12,300,20,1976,동평로131번나길,detatched_multiFamily
부산광역시 부산진구 부암동,3**,월세,47.19,200,8,1975,동평로119번길,detatched_multiFamily
부산광역시 부산진구 부암동,3**,월세,47.39,3000,30,1981,당감로64번길,detatched_multiFamily
부산광역시 부산진구 부암동,2**,전세,48.09,3000,0,1985,백양대로42번가길,detatched_multiFamily
부산광역시 부산진구 부암동,3**,월세,49.14,1000,29,1985,백양순환로,detatched_multiFamily
부산광역시 부산진구 부암동,4**,월세,49.42,3000,25,1979,백양순환로,detatched_multiFamily
부산광역시 부산진구 부암동,3**,월세,49.5,200,30,1991,동평로171번가길,detatched_multiFamily
부산광역시 부산진구 부암동,1**,월세,49.5,2000,20,1991,신천대로216번길,detatched_multiFamily
부산광역시 부산진구 부암동,3**,월세,49.5,1000,40,1994,백양순환로,detatched_multiFamily
부산광역시 부산진구 부암동,3**,전세,49.5,1000,0,1979,동평로131번나길,detatched_multiFamily
부산광역시 부산진구 부암동,3**,월세,49.59,2000,15,1993,동평로119번길,detatched_multiFamily
부산광역시 부산진구 부암동,3**,월세,50,1500,16,1993,동평로119번길,detatched_multiFamily
부산광역시 부산진구 부암동,3**,월세,50,500,30,1983,동평로119번길,detatched_multiFamily
부산광역시 부산진구 부암동,5**,월세,50.58,1000,20,1978,당감서로94번길,detatched_multiFamily
부산광역시 부산진구 부암동,2**,월세,55.59,0,10,2000,백양대로42번가길,detatched_multiFamily
부산광역시 부산진구 부암동,1**,월세,56,1000,35,1976,가야대로747번다길,detatched_multiFamily
부산광역시 부산진구 부암동,2**,월세,56.1,2500,20,1980,백양대로42번길,detatched_multiFamily
부산광역시 부산진구 부암동,3**,월세,56.53,200,12,1974,동평로127번가길,detatched_multiFamily
부산광역시 부산진구 부암동,4**,전세,59.41,4000,0,1992,당감로106번가길,detatched_multiFamily
부산광역시 부산진구 부암동,3**,월세,59.5,2000,30,1998,동평로119번길,detatched_multiFamily
부산광역시 부산진구 부암동,1**,월세,60,1000,30,1993,가야대로747번가길,detatched_multiFamily
부산광역시 부산진구 부암동,3*,월세,60,1000,37,1981,시민공원로19번길,detatched_multiFamily
부산광역시 부산진구 부암동,3**,월세,60.63,4000,20,1984,동평로119번길,detatched_multiFamily
부산광역시 부산진구 부암동,3**,전세,62,9500,0,1992,동평로119번길,detatched_multiFamily
부산광역시 부산진구 부암동,3**,월세,62.94,8000,20,1977,동평로119번길,detatched_multiFamily
부산광역시 부산진구 부암동,3**,월세,65.14,3000,30,2002,동평로127번나길,detatched_multiFamily
부산광역시 부산진구 부암동,4**,월세,65.38,1000,15,1992,백양순환로127번길,detatched_multiFamily
부산광역시 부산진구 부암동,4**,월세,65.62,100,10,1974,당감로106번다길,detatched_multiFamily
부산광역시 부산진구 부암동,3**,전세,67,10000,0,1992,동평로119번길,detatched_multiFamily
부산광역시 부산진구 부암동,3**,월세,67.18,3000,40,1989,동평로127번길,detatched_multiFamily
부산광역시 부산진구 부암동,3**,월세,68.67,500,25,1992,동평로127번길,detatched_multiFamily
부산광역시 부산진구 부암동,3**,월세,69.18,1000,25,1984,동평로131번가길,detatched_multiFamily
부산광역시 부산진구 부암동,3**,월세,69.89,8000,10,1989,동평로127번길,detatched_multiFamily
부산광역시 부산진구 부암동,3**,월세,71.07,5500,10,1986,백양순환로,detatched_multiFamily
부산광역시 부산진구 부암동,4**,전세,72.81,8000,0,1979,백양순환로127번길,detatched_multiFamily
부산광역시 부산진구 부암동,2**,월세,73.98,100,20,1988,백양대로18번길,detatched_multiFamily
부산광역시 부산진구 부암동,2**,월세,83.49,1000,45,1988,백양대로34번길,detatched_multiFamily
부산광역시 부산진구 부암동,4**,월세,91.99,500,20,1990,당감로106번라길,detatched_multiFamily
부산광역시 부산진구 부암동,3*,전세,92.5,6000,0,1981,시민공원로19번길,detatched_multiFamily
부산광역시 부산진구 부암동,3**,월세,93.3,1500,20,1991,당감로60번길,detatched_multiFamily
부산광역시 부산진구 부암동,2**,월세,96.13,5000,10,1988,백양대로18번길,detatched_multiFamily
부산광역시 부산진구 부암동,3**,전세,113.32,12000,0,1992,동평로119번길,detatched_multiFamily
부산광역시 부산진구 부암동,3**,월세,113.85,1000,65,1985,당감로64번길,detatched_multiFamily
부산광역시 부산진구 부암동,3**,월세,119,2000,28,1995,동평로127번길,detatched_multiFamily
부산광역시 부산진구 부암동,3**,월세,129,500,20,1991,동평로131번가길,detatched_multiFamily
부산광역시 부산진구 부전동,4**,월세,12.68,200,48,,서면문화로53번길,detatched_multiFamily
부산광역시 부산진구 부전동,5**,월세,13,0,28,,가야대로746번길,detatched_multiFamily
부산광역시 부산진구 부전동,4**,월세,15,400,32,2010,가야대로755번길,detatched_multiFamily
부산광역시 부산진구 부전동,5**,월세,15,500,35,2010,,detatched_multiFamily
부산광역시 부산진구 부전동,4**,전세,17.33,6000,0,,,detatched_multiFamily
부산광역시 부산진구 부전동,4**,월세,18,300,34,2010,가야대로755번길,detatched_multiFamily
부산광역시 부산진구 부전동,4**,월세,19,200,30,1995,부전로111번길,detatched_multiFamily
부산광역시 부산진구 부전동,5**,월세,19,500,35,2010,신천대로62번길,detatched_multiFamily
부산광역시 부산진구 부전동,4**,월세,20,100,29,1993,가야대로755번길,detatched_multiFamily
부산광역시 부산진구 부전동,4**,월세,20,300,29,2010,부전로,detatched_multiFamily
부산광역시 부산진구 부전동,4**,월세,20,100,31,2010,부전로,detatched_multiFamily
부산광역시 부산진구 부전동,4**,월세,20,200,35,2010,가야대로747번길,detatched_multiFamily
부산광역시 부산진구 부전동,4**,월세,20,200,29,2010,부전로,detatched_multiFamily
부산광역시 부산진구 부전동,1**,월세,21,100,19,1968,중앙대로680번가길,detatched_multiFamily
부산광역시 부산진구 부전동,5**,월세,24,200,35,1980,부전로,detatched_multiFamily
부산광역시 부산진구 부전동,4**,월세,24.45,300,29,2010,부전로,detatched_multiFamily
부산광역시 부산진구 부전동,5**,월세,25,200,27,,가야대로750번길,detatched_multiFamily
부산광역시 부산진구 부전동,1**,월세,30,200,45,2014,동천로95번길,detatched_multiFamily
부산광역시 부산진구 부전동,3**,월세,30,400,20,1981,신천대로162번길,detatched_multiFamily
부산광역시 부산진구 부전동,1**,월세,30,200,40,2014,동천로95번길,detatched_multiFamily
부산광역시 부산진구 부전동,4**,전세,30,9000,0,1995,가야대로755번길,detatched_multiFamily
부산광역시 부산진구 부전동,2**,월세,33,300,23,1993,새싹로8번길,detatched_multiFamily
부산광역시 부산진구 부전동,2**,전세,33,7000,0,2003,부전로153번길,detatched_multiFamily
부산광역시 부산진구 부전동,2**,월세,40,500,23,,부전로153번길,detatched_multiFamily
부산광역시 부산진구 부전동,4**,월세,40,1000,50,2010,가야대로755번길,detatched_multiFamily
부산광역시 부산진구 부전동,4**,전세,40,7000,0,2011,가야대로755번길,detatched_multiFamily
부산광역시 부산진구 부전동,5**,월세,44.76,1000,40,1985,신천대로126번길,detatched_multiFamily
부산광역시 부산진구 부전동,5**,전세,45,2500,0,,신천대로126번길,detatched_multiFamily
부산광역시 부산진구 부전동,3**,월세,49.5,500,20,1988,새싹로52번길,detatched_multiFamily
부산광역시 부산진구 부전동,3**,월세,49.58,2000,20,1984,부전로152번길,detatched_multiFamily
부산광역시 부산진구 부전동,3**,월세,51.62,2000,60,1995,부전로,detatched_multiFamily
부산광역시 부산진구 부전동,4**,월세,52.89,3000,24,1973,가야대로747번길,detatched_multiFamily
부산광역시 부산진구 부전동,4**,월세,56.19,3700,10,,가야대로750번길,detatched_multiFamily
부산광역시 부산진구 부전동,4**,전세,56.2,17000,0,,가야대로747번길,detatched_multiFamily
부산광역시 부산진구 부전동,4**,월세,59.25,500,30,1994,서면문화로53번길,detatched_multiFamily
부산광역시 부산진구 부전동,3**,월세,66.36,6000,20,1983,새싹로28번길,detatched_multiFamily
부산광역시 부산진구 부전동,4**,전세,67,6500,0,1970,가야대로747번길,detatched_multiFamily
부산광역시 부산진구 부전동,3**,전세,79.34,4500,0,1984,부전로170번길,detatched_multiFamily
부산광역시 부산진구 부전동,4**,월세,80.53,300,33,1975,부전로96번길,detatched_multiFamily
부산광역시 부산진구 부전동,3**,전세,87.33,6000,0,1995,부전로174번길,detatched_multiFamily
부산광역시 부산진구 부전동,4**,월세,118.62,500,40,1988,부전로,detatched_multiFamily
부산광역시 부산진구 부전동,4**,월세,153.57,2000,90,1989,부전로,detatched_multiFamily
부산광역시 부산진구 양정동,*,월세,10.03,2000,25,,연수로,detatched_multiFamily
부산광역시 부산진구 양정동,3**,월세,13,50,28,2010,거제천로,detatched_multiFamily
부산광역시 부산진구 양정동,2**,월세,13,1000,30,1995,연수로11번길,detatched_multiFamily
부산광역시 부산진구 양정동,3**,월세,14.34,100,29,,,detatched_multiFamily
부산광역시 부산진구 양정동,1**,월세,15,300,33,2010,거제천로44번길,detatched_multiFamily
부산광역시 부산진구 양정동,1**,전세,17.28,4500,0,,중앙대로970번가길,detatched_multiFamily
부산광역시 부산진구 양정동,3**,월세,18.58,1000,30,1973,진남로,detatched_multiFamily
부산광역시 부산진구 양정동,3**,월세,19,500,40,2010,거제천로,detatched_multiFamily
부산광역시 부산진구 양정동,1**,월세,19.6,3000,15,2010,연제로9번길,detatched_multiFamily
부산광역시 부산진구 양정동,1**,전세,20,5000,0,2010,중앙대로970번가길,detatched_multiFamily
부산광역시 부산진구 양정동,4**,전세,20.09,6500,0,,,detatched_multiFamily
부산광역시 부산진구 양정동,1**,전세,20.3,5000,0,2010,중앙대로970번가길,detatched_multiFamily
부산광역시 부산진구 양정동,3**,월세,21.12,3000,20,1978,동평로397번길,detatched_multiFamily
부산광역시 부산진구 양정동,1**,월세,22.54,1000,30,1968,연수로,detatched_multiFamily
부산광역시 부산진구 양정동,6*,전세,24,4500,0,1983,양정로19번길,detatched_multiFamily
부산광역시 부산진구 양정동,1**,월세,29.33,2000,30,,연수로54번길,detatched_multiFamily
부산광역시 부산진구 양정동,2**,월세,30,400,20,1985,연수로,detatched_multiFamily
부산광역시 부산진구 양정동,6*,월세,31.78,500,35,1979,양정로,detatched_multiFamily
부산광역시 부산진구 양정동,3**,월세,34,5000,30,2015,거제대로74번길,detatched_multiFamily
부산광역시 부산진구 양정동,6*,월세,36.54,1000,50,1979,양정로,detatched_multiFamily
부산광역시 부산진구 양정동,8*,월세,37.5,1500,30,1991,양연로16번길,detatched_multiFamily
부산광역시 부산진구 양정동,1**,월세,37.76,1000,25,2004,양연로10번길,detatched_multiFamily
부산광역시 부산진구 양정동,1**,월세,38.78,500,30,1971,양정로3번길,detatched_multiFamily
부산광역시 부산진구 양정동,8*,월세,38.83,1000,28,1990,양연로16번길,detatched_multiFamily
부산광역시 부산진구 양정동,2**,전세,39.29,8000,0,1984,,detatched_multiFamily
부산광역시 부산진구 양정동,3**,월세,39.6,1000,25,1995,양지로17번길,detatched_multiFamily
부산광역시 부산진구 양정동,2**,월세,40,3000,35,1978,중앙대로979번길,detatched_multiFamily
부산광역시 부산진구 양정동,3**,전세,40.32,7000,0,1991,거제대로60번길,detatched_multiFamily
부산광역시 부산진구 양정동,3**,전세,40.32,7000,0,1991,거제대로60번길,detatched_multiFamily
부산광역시 부산진구 양정동,5**,전세,41,7000,0,,범양로119번길,detatched_multiFamily
부산광역시 부산진구 양정동,4**,월세,41.09,500,20,1991,범양로,detatched_multiFamily
부산광역시 부산진구 양정동,5**,월세,41.32,2000,25,1970,동평로,detatched_multiFamily
부산광역시 부산진구 양정동,5**,월세,42.51,500,25,1983,범양로120번길,detatched_multiFamily
부산광역시 부산진구 양정동,8*,월세,43.8,2000,40,1991,양연로16번길,detatched_multiFamily
부산광역시 부산진구 양정동,1**,월세,44,3000,18,1992,중앙대로970번길,detatched_multiFamily
부산광역시 부산진구 양정동,3**,월세,44.06,4000,10,1990,양지로17번길,detatched_multiFamily
부산광역시 부산진구 양정동,2**,월세,45,300,25,,중앙대로970번길,detatched_multiFamily
부산광역시 부산진구 양정동,3**,월세,45,1000,35,1986,양지로14번길,detatched_multiFamily
부산광역시 부산진구 양정동,3**,월세,45.75,3000,10,1983,양지로17번길,detatched_multiFamily
부산광역시 부산진구 양정동,3**,전세,46.05,11000,0,2015,거제대로74번길,detatched_multiFamily
부산광역시 부산진구 양정동,5**,전세,46.62,11000,0,1984,범양로119번길,detatched_multiFamily
부산광역시 부산진구 양정동,2**,월세,46.83,3000,50,1990,거제천로18번길,detatched_multiFamily
부산광역시 부산진구 양정동,5**,전세,48.6,3000,0,1991,범양로120번길,detatched_multiFamily
부산광역시 부산진구 양정동,3**,월세,49.32,2000,20,1979,양지로14번길,detatched_multiFamily
부산광역시 부산진구 양정동,*,전세,49.44,13000,0,,연수로54번길,detatched_multiFamily
부산광역시 부산진구 양정동,9*,전세,49.59,10000,0,1972,양연로10번길,detatched_multiFamily
부산광역시 부산진구 양정동,5**,월세,50.04,3000,20,1994,범양로118번길,detatched_multiFamily
부산광역시 부산진구 양정동,5**,전세,50.05,3000,0,1985,범양로117번길,detatched_multiFamily
부산광역시 부산진구 양정동,2**,전세,51.87,13000,0,1979,동평로405번길,detatched_multiFamily
부산광역시 부산진구 양정동,1**,월세,53.79,3000,30,1996,양정로3번길,detatched_multiFamily
부산광역시 부산진구 양정동,4**,월세,54.87,3000,15,1993,양성로59번길,detatched_multiFamily
부산광역시 부산진구 양정동,3**,월세,55.44,6000,20,1995,양지로17번길,detatched_multiFamily
부산광역시 부산진구 양정동,9*,월세,56,2500,25,1995,연수로,detatched_multiFamily
부산광역시 부산진구 양정동,3**,월세,57.52,1000,40,1974,거제대로72번길,detatched_multiFamily
부산광역시 부산진구 양정동,4**,월세,58.64,5500,13,1992,,detatched_multiFamily
부산광역시 부산진구 양정동,5**,월세,58.84,7000,10,1973,범양로117번길,detatched_multiFamily
부산광역시 부산진구 양정동,4**,월세,62.61,1500,20,2001,진남로496번길,detatched_multiFamily
부산광역시 부산진구 양정동,4*,월세,66.48,4000,120,1980,진남로,detatched_multiFamily
부산광역시 부산진구 양정동,4**,월세,67.65,4000,30,1999,범양로117번길,detatched_multiFamily
부산광역시 부산진구 양정동,6*,월세,70,6000,15,1995,양정로15번길,detatched_multiFamily
부산광역시 부산진구 양정동,6*,월세,70,6000,15,1995,양정로15번길,detatched_multiFamily
부산광역시 부산진구 양정동,9*,월세,70.46,2000,40,1972,양연로10번길,detatched_multiFamily
부산광역시 부산진구 양정동,9*,월세,70.46,1000,20,1972,양연로10번길,detatched_multiFamily
부산광역시 부산진구 양정동,2**,월세,71,8000,10,1994,거제천로,detatched_multiFamily
부산광역시 부산진구 양정동,8*,월세,73.35,2000,30,1985,양연로16번길,detatched_multiFamily
부산광역시 부산진구 양정동,4**,전세,74.05,5000,0,1974,양성로,detatched_multiFamily
부산광역시 부산진구 양정동,3**,월세,74.51,2500,25,1992,양지로8번길,detatched_multiFamily
부산광역시 부산진구 양정동,1**,월세,77.61,300,28,2010,연제로9번길,detatched_multiFamily
부산광역시 부산진구 양정동,8*,월세,80,3000,30,1970,진남로,detatched_multiFamily
부산광역시 부산진구 양정동,1**,월세,81,5000,39,1984,중앙대로970번가길,detatched_multiFamily
부산광역시 부산진구 양정동,2**,월세,81.65,4000,40,1984,연수로11번길,detatched_multiFamily
부산광역시 부산진구 양정동,1**,월세,83.41,300,32,2010,중앙대로970번가길,detatched_multiFamily
부산광역시 부산진구 양정동,3**,전세,85.25,25000,0,1995,양지로,detatched_multiFamily
부산광역시 부산진구 양정동,3**,월세,85.97,5000,30,1973,양지로5번길,detatched_multiFamily
부산광역시 부산진구 양정동,8*,월세,87.6,2000,35,1991,양연로16번길,detatched_multiFamily
부산광역시 부산진구 양정동,1**,전세,96.12,4000,0,2010,거제천로44번길,detatched_multiFamily
부산광역시 부산진구 양정동,4*,전세,110,5000,0,1980,진남로,detatched_multiFamily
부산광역시 부산진구 양정동,3**,월세,111.91,3000,60,2019,동평로406번길,detatched_multiFamily
부산광역시 부산진구 양정동,1**,월세,115.84,300,35,2010,연제로9번길,detatched_multiFamily
부산광역시 부산진구 양정동,2**,월세,120.54,1000,27,2010,,detatched_multiFamily
부산광역시 부산진구 양정동,1**,월세,162.48,200,30,2011,연제로9번길,detatched_multiFamily
부산광역시 부산진구 양정동,6*,월세,197,200,30,2003,양정로,detatched_multiFamily
부산광역시 부산진구 연지동,3*,월세,10,1000,27,1972,성지로14번길,detatched_multiFamily
부산광역시 부산진구 연지동,2*,월세,10,3000,15,1993,동평로291번길,detatched_multiFamily
부산광역시 부산진구 연지동,4*,월세,10,500,30,1993,동평로265번길,detatched_multiFamily
부산광역시 부산진구 연지동,3**,월세,10,3000,15,1996,동평로183번길,detatched_multiFamily
부산광역시 부산진구 연지동,2**,월세,10,500,13,,동평로223번길,detatched_multiFamily
부산광역시 부산진구 연지동,2*,월세,10,3000,10,,동평로291번길,detatched_multiFamily
부산광역시 부산진구 연지동,4*,월세,10,2000,15,1992,성지로8번길,detatched_multiFamily
부산광역시 부산진구 연지동,2**,월세,10,2300,10,1960,연지로43번길,detatched_multiFamily
부산광역시 부산진구 연지동,3*,전세,10,7000,0,1978,동평로265번길,detatched_multiFamily
부산광역시 부산진구 연지동,3*,전세,14.72,6000,0,2019,성지로34번길,detatched_multiFamily
부산광역시 부산진구 연지동,3*,전세,15.16,6500,0,2019,성지로34번길,detatched_multiFamily
부산광역시 부산진구 연지동,3*,전세,21,7000,0,2020,성지로34번길,detatched_multiFamily
부산광역시 부산진구 연지동,3*,전세,26.45,13500,0,,성지로34번길,detatched_multiFamily
부산광역시 부산진구 연지동,2*,월세,27,500,30,1993,동평로291번길,detatched_multiFamily
부산광역시 부산진구 연지동,3*,전세,29.96,14000,0,2020,성지로34번길,detatched_multiFamily
부산광역시 부산진구 연지동,1**,월세,30,500,50,,동평로235번길,detatched_multiFamily
부산광역시 부산진구 연지동,3**,전세,33,6000,0,1970,동평로183번길,detatched_multiFamily
부산광역시 부산진구 연지동,2**,전세,38.13,1000,0,,성지로33번길,detatched_multiFamily
부산광역시 부산진구 연지동,3*,월세,38.61,9000,15,1996,성지로14번길,detatched_multiFamily
부산광역시 부산진구 연지동,3*,전세,38.61,6000,0,1996,성지로14번길,detatched_multiFamily
부산광역시 부산진구 연지동,2**,월세,39.38,500,20,1989,,detatched_multiFamily
부산광역시 부산진구 연지동,*,월세,39.4,4000,20,1999,성지로,detatched_multiFamily
부산광역시 부산진구 연지동,3*,월세,39.6,1000,35,1988,동평로275번길,detatched_multiFamily
부산광역시 부산진구 연지동,1**,월세,39.67,10000,10,1962,동평로225번길,detatched_multiFamily
부산광역시 부산진구 연지동,1**,월세,39.67,10000,10,1962,동평로225번길,detatched_multiFamily
부산광역시 부산진구 연지동,3*,월세,40,2000,35,1971,성지로8번길,detatched_multiFamily
부산광역시 부산진구 연지동,3*,월세,40,2000,35,1971,성지로8번길,detatched_multiFamily
부산광역시 부산진구 연지동,1**,월세,40,5000,5,1990,연지로,detatched_multiFamily
부산광역시 부산진구 연지동,3*,전세,44,7000,0,1986,성지로18번길,detatched_multiFamily
부산광역시 부산진구 연지동,2**,전세,44.57,7000,0,1996,연지로17번길,detatched_multiFamily
부산광역시 부산진구 연지동,2**,월세,45,500,29,1992,동평로235번길,detatched_multiFamily
부산광역시 부산진구 연지동,4*,월세,46.99,1000,60,1969,성지로14번길,detatched_multiFamily
부산광역시 부산진구 연지동,*,월세,47.17,1000,30,1975,성지로43번길,detatched_multiFamily
부산광역시 부산진구 연지동,1**,월세,48.29,2000,30,2000,연지로,detatched_multiFamily
부산광역시 부산진구 연지동,3*,월세,48.96,1000,20,1970,동평로291번길,detatched_multiFamily
부산광역시 부산진구 연지동,3*,전세,49.59,13000,0,1971,성지로18번길,detatched_multiFamily
부산광역시 부산진구 연지동,3*,월세,50,1000,35,1973,성지로14번길,detatched_multiFamily
부산광역시 부산진구 연지동,4*,월세,50,1500,25,1985,동평로265번길,detatched_multiFamily
부산광역시 부산진구 연지동,4*,월세,50,500,30,1993,성지로8번길,detatched_multiFamily
부산광역시 부산진구 연지동,2**,전세,50,4000,0,1993,연지로17번길,detatched_multiFamily
부산광역시 부산진구 연지동,1*,전세,50,2000,0,1991,성지로51번길,detatched_multiFamily
부산광역시 부산진구 연지동,2**,월세,52,1000,40,1982,국악로,detatched_multiFamily
부산광역시 부산진구 연지동,2**,전세,52.3,15000,0,1982,국악로,detatched_multiFamily
부산광역시 부산진구 연지동,3*,월세,52.56,2000,50,1973,동평로291번길,detatched_multiFamily
부산광역시 부산진구 연지동,1*,월세,53.2,1000,30,1976,성지로51번길,detatched_multiFamily
부산광역시 부산진구 연지동,1*,월세,53.2,1000,30,1976,성지로51번길,detatched_multiFamily
부산광역시 부산진구 연지동,3*,월세,54.58,500,35,1972,성지로18번길,detatched_multiFamily
부산광역시 부산진구 연지동,3*,월세,55,4000,45,1973,동평로291번길,detatched_multiFamily
부산광역시 부산진구 연지동,3*,전세,57,5000,0,1988,성지로14번길,detatched_multiFamily
부산광역시 부산진구 연지동,2**,전세,58.64,9000,0,1978,연지로39번길,detatched_multiFamily
부산광역시 부산진구 연지동,3*,월세,59,1000,80,1973,성지로8번길,detatched_multiFamily
부산광역시 부산진구 연지동,2*,월세,59.23,1000,40,2002,성지로51번길,detatched_multiFamily
부산광역시 부산진구 연지동,7*,월세,60.2,2000,40,1980,성지로,detatched_multiFamily
부산광역시 부산진구 연지동,3*,월세,60.42,500,32,1991,동평로291번길,detatched_multiFamily
부산광역시 부산진구 연지동,1**,월세,60.62,2500,10,1985,동평로223번길,detatched_multiFamily
부산광역시 부산진구 연지동,2**,전세,62.4,7000,0,1989,연지로43번길,detatched_multiFamily
부산광역시 부산진구 연지동,2**,전세,63.36,10000,0,1979,성지로46번길,detatched_multiFamily
부산광역시 부산진구 연지동,2**,전세,63.36,10000,0,1979,성지로46번길,detatched_multiFamily
부산광역시 부산진구 연지동,2**,월세,64.8,500,40,1989,연지로39번길,detatched_multiFamily
부산광역시 부산진구 연지동,3*,전세,65.67,14000,0,1983,동평로265번길,detatched_multiFamily
부산광역시 부산진구 연지동,3*,월세,66.54,5000,30,1983,성지로8번길,detatched_multiFamily
부산광역시 부산진구 연지동,2**,월세,67.32,1000,45,1987,성지로46번길,detatched_multiFamily
부산광역시 부산진구 연지동,2**,월세,67.32,1000,35,1987,성지로46번길,detatched_multiFamily
부산광역시 부산진구 연지동,3*,월세,69.04,4000,40,,성지로34번길,detatched_multiFamily
부산광역시 부산진구 연지동,2**,월세,70.86,2000,17,1989,연지로43번길,detatched_multiFamily
부산광역시 부산진구 연지동,4*,월세,70.88,2000,55,1979,성지로8번길,detatched_multiFamily
부산광역시 부산진구 연지동,2**,월세,71.19,1000,55,1985,성지로46번길,detatched_multiFamily
부산광역시 부산진구 연지동,4*,월세,71.45,500,25,1974,성지로14번길,detatched_multiFamily
부산광역시 부산진구 연지동,3**,전세,73.82,18800,0,2017,새싹로,detatched_multiFamily
부산광역시 부산진구 연지동,2**,월세,73.83,1000,50,1989,연지로39번길,detatched_multiFamily
부산광역시 부산진구 연지동,2**,월세,74.6,7000,30,1985,국악로,detatched_multiFamily
부산광역시 부산진구 연지동,2**,전세,74.6,7000,0,,국악로,detatched_multiFamily
부산광역시 부산진구 연지동,2**,전세,74.6,7000,0,1985,국악로,detatched_multiFamily
부산광역시 부산진구 연지동,3*,월세,74.7,8000,10,1991,성지로34번길,detatched_multiFamily
부산광역시 부산진구 연지동,3*,월세,76.2,10000,15,1990,,detatched_multiFamily
부산광역시 부산진구 연지동,3*,전세,76.26,3000,0,1996,성지로22번길,detatched_multiFamily
부산광역시 부산진구 연지동,1**,전세,79.74,14000,0,1979,연지로17번길,detatched_multiFamily
부산광역시 부산진구 연지동,4*,월세,87.75,500,20,1993,성지로8번길,detatched_multiFamily
부산광역시 부산진구 연지동,1**,전세,89.6,10000,0,1995,동평로223번길,detatched_multiFamily
부산광역시 부산진구 연지동,1*,월세,90,1000,25,1991,성지로51번길,detatched_multiFamily
부산광역시 부산진구 연지동,3*,전세,100.2,6000,0,2019,성지로34번길,detatched_multiFamily
부산광역시 부산진구 연지동,2*,월세,143.94,3000,20,1993,동평로291번길,detatched_multiFamily
부산광역시 부산진구 연지동,4*,월세,223.7,1000,65,1986,동평로,detatched_multiFamily
부산광역시 부산진구 전포동,3**,월세,12,300,37,2011,전포대로186번길,detatched_multiFamily
부산광역시 부산진구 전포동,1**,월세,13.22,300,15,1962,동성로118번가길,detatched_multiFamily
부산광역시 부산진구 전포동,1**,월세,15,500,5,1985,진남로356번길,detatched_multiFamily
부산광역시 부산진구 전포동,3**,월세,16.31,3000,10,2008,서전로58번길,detatched_multiFamily
부산광역시 부산진구 전포동,3*,월세,19,1000,20,,동성로112번길,detatched_multiFamily
부산광역시 부산진구 전포동,3**,월세,19.83,500,30,2019,전포대로216번길,detatched_multiFamily
부산광역시 부산진구 전포동,1**,월세,19.83,2000,20,1962,동성로96번길,detatched_multiFamily
부산광역시 부산진구 전포동,1**,월세,19.83,2000,20,1969,동성로118번가길,detatched_multiFamily
부산광역시 부산진구 전포동,3**,월세,19.93,300,30,2019,전포대로216번길,detatched_multiFamily
부산광역시 부산진구 전포동,1**,월세,20,1000,30,1997,진남로395번길,detatched_multiFamily
부산광역시 부산진구 전포동,8**,월세,20,200,30,2019,중앙대로,detatched_multiFamily
부산광역시 부산진구 전포동,1**,월세,20,1000,50,1980,중앙대로824번길,detatched_multiFamily
부산광역시 부산진구 전포동,3*,전세,20.35,2000,0,1985,전포대로276번가길,detatched_multiFamily
부산광역시 부산진구 전포동,3**,월세,20.59,500,30,2019,전포대로216번길,detatched_multiFamily
부산광역시 부산진구 전포동,3**,월세,20.96,300,43,,,detatched_multiFamily
부산광역시 부산진구 전포동,6**,월세,21.09,300,44,,서전로37번길,detatched_multiFamily
부산광역시 부산진구 전포동,3**,월세,21.16,2000,34,,전포대로132번길,detatched_multiFamily
부산광역시 부산진구 전포동,3**,월세,21.67,300,40,2011,동성로39번길,detatched_multiFamily
부산광역시 부산진구 전포동,8**,월세,22.62,500,45,2019,중앙대로,detatched_multiFamily
부산광역시 부산진구 전포동,8**,월세,22.62,1000,42,2019,중앙대로,detatched_multiFamily
부산광역시 부산진구 전포동,8**,월세,22.62,1000,40,2019,중앙대로,detatched_multiFamily
부산광역시 부산진구 전포동,8**,월세,23,2000,34,2017,동천로24번길,detatched_multiFamily
부산광역시 부산진구 전포동,3**,월세,23.1,400,40,2011,서전로58번길,detatched_multiFamily
부산광역시 부산진구 전포동,3**,월세,23.1,1000,30,2011,서전로58번길,detatched_multiFamily
부산광역시 부산진구 전포동,8**,월세,23.52,500,45,2019,중앙대로,detatched_multiFamily
부산광역시 부산진구 전포동,8**,월세,23.52,100,45,2019,중앙대로,detatched_multiFamily
부산광역시 부산진구 전포동,8**,월세,23.53,300,45,2019,중앙대로,detatched_multiFamily
부산광역시 부산진구 전포동,8**,월세,23.53,500,45,2019,중앙대로,detatched_multiFamily
부산광역시 부산진구 전포동,8**,월세,23.53,500,45,2019,중앙대로,detatched_multiFamily
부산광역시 부산진구 전포동,8**,월세,23.53,300,47,2019,중앙대로,detatched_multiFamily
부산광역시 부산진구 전포동,5**,월세,24,1500,25,1989,황령대로98번길,detatched_multiFamily
부산광역시 부산진구 전포동,3**,월세,24,100,42,2012,전포대로216번길,detatched_multiFamily
부산광역시 부산진구 전포동,4**,월세,24.5,500,25,1977,봉수로15번길,detatched_multiFamily
부산광역시 부산진구 전포동,8**,월세,25,500,43,2017,동천로24번길,detatched_multiFamily
부산광역시 부산진구 전포동,8**,월세,25,500,43,2017,동천로24번길,detatched_multiFamily
부산광역시 부산진구 전포동,3**,월세,25,500,40,2012,전포대로216번길,detatched_multiFamily
부산광역시 부산진구 전포동,3**,월세,25,200,47,1973,전포대로132번길,detatched_multiFamily
부산광역시 부산진구 전포동,8**,월세,25,2000,34,2017,동천로24번길,detatched_multiFamily
부산광역시 부산진구 전포동,6**,월세,25,200,27,1978,동천로108번길,detatched_multiFamily
부산광역시 부산진구 전포동,6**,월세,25,200,35,2010,전포대로209번길,detatched_multiFamily
부산광역시 부산진구 전포동,6**,월세,25,200,27,1978,동천로108번길,detatched_multiFamily
부산광역시 부산진구 전포동,3**,월세,25.88,500,30,2008,서전로58번길,detatched_multiFamily
부산광역시 부산진구 전포동,2**,전세,25.9,9000,0,1991,서전로58번길,detatched_multiFamily
부산광역시 부산진구 전포동,6**,월세,25.96,300,45,,동천로,detatched_multiFamily
부산광역시 부산진구 전포동,3**,월세,26.4,500,45,1973,,detatched_multiFamily
부산광역시 부산진구 전포동,1**,월세,27.18,300,10,1984,동성로96번가길,detatched_multiFamily
부산광역시 부산진구 전포동,3**,월세,28,1500,32,2011,전포대로186번길,detatched_multiFamily
부산광역시 부산진구 전포동,1**,전세,28.2,5000,0,1978,진남로435번길,detatched_multiFamily
부산광역시 부산진구 전포동,3*,월세,28.43,5500,10,1970,,detatched_multiFamily
부산광역시 부산진구 전포동,1**,월세,28.86,500,17,1972,,detatched_multiFamily
부산광역시 부산진구 전포동,2**,월세,29.29,500,50,,,detatched_multiFamily
부산광역시 부산진구 전포동,3**,월세,29.7,300,15,1983,전포대로162번가길,detatched_multiFamily
부산광역시 부산진구 전포동,3**,월세,29.75,1000,40,2011,동성로39번길,detatched_multiFamily
부산광역시 부산진구 전포동,1**,월세,30,1500,40,1978,진남로435번길,detatched_multiFamily
부산광역시 부산진구 전포동,1**,월세,30,3000,30,1990,동성로,detatched_multiFamily
부산광역시 부산진구 전포동,1**,월세,30,3000,25,1990,동성로,detatched_multiFamily
부산광역시 부산진구 전포동,1**,월세,30,3000,25,1990,동성로,detatched_multiFamily
부산광역시 부산진구 전포동,1**,월세,30,3000,30,1978,진남로435번길,detatched_multiFamily
부산광역시 부산진구 전포동,2*,전세,30.73,5500,0,1992,동성로112번가길,detatched_multiFamily
부산광역시 부산진구 전포동,2*,전세,30.73,3500,0,1992,동성로112번가길,detatched_multiFamily
부산광역시 부산진구 전포동,6**,월세,32.25,1000,50,,동천로,detatched_multiFamily
부산광역시 부산진구 전포동,3**,월세,33,300,25,1985,전포대로162번가길,detatched_multiFamily
부산광역시 부산진구 전포동,1**,월세,33,100,50,1972,전포대로256번길,detatched_multiFamily
부산광역시 부산진구 전포동,8**,월세,33,2000,48,2017,동천로24번길,detatched_multiFamily
부산광역시 부산진구 전포동,3*,월세,33,750,15,1974,전포대로276번가길,detatched_multiFamily
부산광역시 부산진구 전포동,1**,월세,33,1000,30,1989,중앙대로824번길,detatched_multiFamily
부산광역시 부산진구 전포동,8**,월세,33.06,2000,35,2017,동천로24번길,detatched_multiFamily
부산광역시 부산진구 전포동,1**,월세,33.06,1000,40,1974,중앙대로824번길,detatched_multiFamily
부산광역시 부산진구 전포동,1**,월세,33.06,1000,40,1974,중앙대로824번길,detatched_multiFamily
부산광역시 부산진구 전포동,2*,전세,33.35,6500,0,,,detatched_multiFamily
부산광역시 부산진구 전포동,1**,전세,33.4,4000,0,1985,진남로356번길,detatched_multiFamily
부산광역시 부산진구 전포동,3**,월세,34.32,200,30,1988,전포대로162번가길,detatched_multiFamily
부산광역시 부산진구 전포동,3**,월세,35.84,500,25,1969,황령대로74번길,detatched_multiFamily
부산광역시 부산진구 전포동,3**,전세,36.85,19000,0,,서전로58번길,detatched_multiFamily
부산광역시 부산진구 전포동,3**,월세,36.99,500,20,1969,동성로76번길,detatched_multiFamily
부산광역시 부산진구 전포동,4**,월세,37.26,500,20,1978,봉수로15번길,detatched_multiFamily
부산광역시 부산진구 전포동,3**,월세,37.65,500,20,,황령대로64번길,detatched_multiFamily
부산광역시 부산진구 전포동,3**,월세,37.65,500,25,,황령대로64번길,detatched_multiFamily
부산광역시 부산진구 전포동,1**,월세,39.4,500,30,1985,진남로356번길,detatched_multiFamily
부산광역시 부산진구 전포동,1**,월세,39.4,500,20,1985,진남로356번길,detatched_multiFamily
부산광역시 부산진구 전포동,2**,월세,39.6,4000,20,,서전로,detatched_multiFamily
부산광역시 부산진구 전포동,3**,월세,39.97,300,20,1977,진남로305번길,detatched_multiFamily
부산광역시 부산진구 전포동,3**,전세,40,14000,0,2017,서전로68번길,detatched_multiFamily
부산광역시 부산진구 전포동,3*,전세,40.99,6000,0,1971,전포대로276번가길,detatched_multiFamily
부산광역시 부산진구 전포동,6**,월세,41.25,1000,70,2018,서전로46번길,detatched_multiFamily
부산광역시 부산진구 전포동,6**,전세,41.25,2000,0,2018,서전로46번길,detatched_multiFamily
부산광역시 부산진구 전포동,3**,월세,42,100,22,1979,진남로,detatched_multiFamily
부산광역시 부산진구 전포동,3**,월세,42.12,1000,30,1995,동성로71번길,detatched_multiFamily
부산광역시 부산진구 전포동,1**,월세,42.82,100,20,1993,진남로356번길,detatched_multiFamily
부산광역시 부산진구 전포동,2*,월세,44.83,1000,30,,,detatched_multiFamily
부산광역시 부산진구 전포동,1**,월세,45,500,20,,동성로112번길,detatched_multiFamily
부산광역시 부산진구 전포동,3*,월세,45.39,3000,40,1969,전포대로276번길,detatched_multiFamily
부산광역시 부산진구 전포동,3**,월세,45.67,1000,40,2011,동성로39번길,detatched_multiFamily
부산광역시 부산진구 전포동,8**,월세,46.26,1000,30,1985,동천로24번길,detatched_multiFamily
부산광역시 부산진구 전포동,4**,월세,47.24,1000,29,1977,봉수로15번길,detatched_multiFamily
부산광역시 부산진구 전포동,3**,월세,47.83,1000,30,1972,동성로76번길,detatched_multiFamily
부산광역시 부산진구 전포동,1**,전세,49.06,5000,0,1971,동성로104번길,detatched_multiFamily
부산광역시 부산진구 전포동,8**,월세,49.5,1000,20,1977,봉수로,detatched_multiFamily
부산광역시 부산진구 전포동,8**,월세,49.59,500,30,1971,동천로24번길,detatched_multiFamily
부산광역시 부산진구 전포동,1**,월세,50,500,18,1989,동성로104번길,detatched_multiFamily
부산광역시 부산진구 전포동,2**,월세,50,1000,18,1993,동성로61번길,detatched_multiFamily
부산광역시 부산진구 전포동,2*,전세,50,2000,0,,진남로442번길,detatched_multiFamily
부산광역시 부산진구 전포동,3*,월세,50.41,300,12,1979,동성로112번가길,detatched_multiFamily
부산광역시 부산진구 전포동,3**,전세,51.53,6200,0,1983,전포대로162번길,detatched_multiFamily
부산광역시 부산진구 전포동,1**,월세,52.56,1000,45,1978,진남로435번길,detatched_multiFamily
부산광역시 부산진구 전포동,1**,전세,53.72,5000,0,1976,동성로96번가길,detatched_multiFamily
부산광역시 부산진구 전포동,1**,월세,54.2,500,20,1985,동성로76번나길,detatched_multiFamily
부산광역시 부산진구 전포동,3**,전세,54.22,9000,0,1979,전포대로186번길,detatched_multiFamily
부산광역시 부산진구 전포동,1**,월세,55.34,4000,20,1979,중앙대로824번길,detatched_multiFamily
부산광역시 부산진구 전포동,1**,월세,55.58,2500,25,1998,진남로389번길,detatched_multiFamily
부산광역시 부산진구 전포동,3**,전세,57.08,12000,0,1985,전포대로186번길,detatched_multiFamily
부산광역시 부산진구 전포동,1**,월세,57.19,1000,25,1972,전포대로276번길,detatched_multiFamily
부산광역시 부산진구 전포동,5**,전세,59.4,2500,0,1989,황령대로98번길,detatched_multiFamily
부산광역시 부산진구 전포동,3**,월세,59.44,1000,20,1985,서전로68번길,detatched_multiFamily
부산광역시 부산진구 전포동,1**,전세,59.55,5500,0,1993,진남로,detatched_multiFamily
부산광역시 부산진구 전포동,3**,전세,59.64,5000,0,1977,진남로306번길,detatched_multiFamily
부산광역시 부산진구 전포동,2**,전세,60.17,7500,0,1969,서전로67번길,detatched_multiFamily
부산광역시 부산진구 전포동,1**,월세,60.26,2000,20,,진남로384번길,detatched_multiFamily
부산광역시 부산진구 전포동,3**,전세,60.93,3500,0,1970,동성로25번길,detatched_multiFamily
부산광역시 부산진구 전포동,3**,전세,60.93,3500,0,1970,동성로25번길,detatched_multiFamily
부산광역시 부산진구 전포동,3**,월세,61.32,200,25,1979,진남로306번길,detatched_multiFamily
부산광역시 부산진구 전포동,1**,월세,62.66,2000,30,1969,전포대로300번길,detatched_multiFamily
부산광역시 부산진구 전포동,3*,전세,64.8,3000,0,1974,동성로112번가길,detatched_multiFamily
부산광역시 부산진구 전포동,1**,월세,65.39,5000,40,1982,중앙대로824번길,detatched_multiFamily
부산광역시 부산진구 전포동,1**,월세,65.6,300,30,1992,진남로395번길,detatched_multiFamily
부산광역시 부산진구 전포동,3*,전세,66.87,5000,0,1990,전포대로276번길,detatched_multiFamily
부산광역시 부산진구 전포동,3**,월세,67.11,1000,20,1969,서전로58번길,detatched_multiFamily
부산광역시 부산진구 전포동,1**,월세,67.62,4000,15,1995,동성로96번나길,detatched_multiFamily
부산광역시 부산진구 전포동,1**,월세,67.77,1000,45,1996,전포대로246번길,detatched_multiFamily
부산광역시 부산진구 전포동,3*,월세,71.49,500,28,1973,전포대로276번길,detatched_multiFamily
부산광역시 부산진구 전포동,1**,전세,72.73,11000,0,1979,진남로373번길,detatched_multiFamily
부산광역시 부산진구 전포동,1**,전세,73.7,8000,0,1997,진남로389번길,detatched_multiFamily
부산광역시 부산진구 전포동,3**,월세,74.42,1000,40,1992,전포대로132번길,detatched_multiFamily
부산광역시 부산진구 전포동,1**,전세,76,12000,0,1995,동성로96번길,detatched_multiFamily
부산광역시 부산진구 전포동,3*,월세,77.88,3000,50,1992,동성로112번가길,detatched_multiFamily
부산광역시 부산진구 전포동,3**,월세,78.11,2000,50,2017,서전로68번길,detatched_multiFamily
부산광역시 부산진구 전포동,3**,전세,78.11,14000,0,2017,서전로68번길,detatched_multiFamily
부산광역시 부산진구 전포동,1**,월세,78.88,200,30,1997,진남로356번길,detatched_multiFamily
부산광역시 부산진구 전포동,1**,월세,80,1000,40,,동성로,detatched_multiFamily
부산광역시 부산진구 전포동,4**,월세,80.23,1500,20,1978,봉수로,detatched_multiFamily
부산광역시 부산진구 전포동,9*,월세,80.33,2500,25,1975,,detatched_multiFamily
부산광역시 부산진구 전포동,1**,월세,80.73,2000,20,1980,동성로118번가길,detatched_multiFamily
부산광역시 부산진구 전포동,3**,월세,81.21,2000,55,1976,전포대로,detatched_multiFamily
부산광역시 부산진구 전포동,3**,전세,81.64,22000,0,1996,서전로58번길,detatched_multiFamily
부산광역시 부산진구 전포동,1**,전세,81.99,8000,0,1977,진남로389번길,detatched_multiFamily
부산광역시 부산진구 전포동,1**,월세,83,500,20,1971,동성로112번길,detatched_multiFamily
부산광역시 부산진구 전포동,3**,전세,83.52,20000,0,2017,서전로68번길,detatched_multiFamily
부산광역시 부산진구 전포동,4**,월세,86.25,500,20,1977,봉수로15번길,detatched_multiFamily
부산광역시 부산진구 전포동,3**,월세,86.67,300,40,2011,동성로39번길,detatched_multiFamily
부산광역시 부산진구 전포동,1**,월세,87.5,3000,40,1996,서전로67번길,detatched_multiFamily
부산광역시 부산진구 전포동,1**,전세,89,2500,0,1985,진남로376번길,detatched_multiFamily
부산광역시 부산진구 전포동,8**,월세,91.1,2000,84,2016,동천로24번길,detatched_multiFamily
부산광역시 부산진구 전포동,2**,월세,96.73,4000,50,1988,서전로68번길,detatched_multiFamily
부산광역시 부산진구 전포동,1**,월세,97.5,3000,85,2017,동성로96번길,detatched_multiFamily
부산광역시 부산진구 전포동,1**,월세,100,3000,12,1974,진남로373번길,detatched_multiFamily
부산광역시 부산진구 전포동,2**,월세,103.14,3000,70,1962,동성로87번길,detatched_multiFamily
부산광역시 부산진구 전포동,8**,월세,109.65,3000,10,1995,동천로24번길,detatched_multiFamily
부산광역시 부산진구 전포동,1**,월세,111.13,5000,70,1996,서전로67번길,detatched_multiFamily
부산광역시 부산진구 전포동,1**,전세,114.74,6000,0,1992,진남로397번길,detatched_multiFamily
부산광역시 부산진구 전포동,3**,월세,119.98,500,45,2011,서전로58번길,detatched_multiFamily
부산광역시 부산진구 전포동,*,월세,142,1000,35,1994,중앙대로848번길,detatched_multiFamily
부산광역시 부산진구 전포동,3**,월세,181.21,3000,10,2008,서전로58번길,detatched_multiFamily
부산광역시 부산진구 초읍동,1**,월세,13.2,300,20,1977,초읍천로55번길,detatched_multiFamily
부산광역시 부산진구 초읍동,1**,월세,15,1000,28,2010,성지로122번길,detatched_multiFamily
부산광역시 부산진구 초읍동,2**,월세,16.5,300,15,1982,성지로94번가길,detatched_multiFamily
부산광역시 부산진구 초읍동,1**,월세,22,500,33,2012,월드컵대로472번길,detatched_multiFamily
부산광역시 부산진구 초읍동,2**,월세,23,500,40,2014,성지로153번길,detatched_multiFamily
부산광역시 부산진구 초읍동,3**,월세,23.1,100,27,1991,월드컵대로465번길,detatched_multiFamily
부산광역시 부산진구 초읍동,4**,월세,24,100,10,1974,성지로104번길,detatched_multiFamily
부산광역시 부산진구 초읍동,4**,월세,25,500,20,1983,성지로104번길,detatched_multiFamily
부산광역시 부산진구 초읍동,2**,월세,25,2000,25,2014,성지로153번길,detatched_multiFamily
부산광역시 부산진구 초읍동,2**,월세,25,2000,25,2014,성지로153번길,detatched_multiFamily
부산광역시 부산진구 초읍동,2**,월세,26,1000,23,1988,성지로94번길,detatched_multiFamily
부산광역시 부산진구 초읍동,4**,월세,26,500,36,2017,월드컵대로467번길,detatched_multiFamily
부산광역시 부산진구 초읍동,2**,월세,26.4,1000,35,2014,성지로153번길,detatched_multiFamily
부산광역시 부산진구 초읍동,2**,월세,26.4,500,32,2014,새싹로278번길,detatched_multiFamily
부산광역시 부산진구 초읍동,1**,월세,28,500,40,1994,성지로137번길,detatched_multiFamily
부산광역시 부산진구 초읍동,2**,월세,29,5000,6,2010,성지로137번길,detatched_multiFamily
부산광역시 부산진구 초읍동,2**,월세,29.7,500,37,2010,성지로137번길,detatched_multiFamily
부산광역시 부산진구 초읍동,1**,월세,30,500,29,2010,성지로122번길,detatched_multiFamily
부산광역시 부산진구 초읍동,1**,월세,30.46,2000,35,2015,성지로114번길,detatched_multiFamily
부산광역시 부산진구 초읍동,1**,월세,30.46,2000,35,2015,성지로114번길,detatched_multiFamily
부산광역시 부산진구 초읍동,1**,월세,32,500,35,1977,초읍천로,detatched_multiFamily
부산광역시 부산진구 초읍동,4**,월세,33,500,20,1988,성지로104번가길,detatched_multiFamily
부산광역시 부산진구 초읍동,3**,월세,34.8,1000,20,1991,월드컵대로465번길,detatched_multiFamily
부산광역시 부산진구 초읍동,1**,월세,35,500,47,2015,성지로137번길,detatched_multiFamily
부산광역시 부산진구 초읍동,1**,전세,35.04,7000,0,1971,초읍천로61번길,detatched_multiFamily
부산광역시 부산진구 초읍동,1**,전세,35.04,8000,0,,초읍천로61번길,detatched_multiFamily
부산광역시 부산진구 초읍동,2**,월세,36.3,1500,20,1994,성지로83번길,detatched_multiFamily
부산광역시 부산진구 초읍동,2**,월세,36.61,1000,30,1994,성지로83번길,detatched_multiFamily
부산광역시 부산진구 초읍동,1**,월세,37.76,500,46,2015,성지로137번길,detatched_multiFamily
부산광역시 부산진구 초읍동,1**,월세,38,500,47,2015,성지로137번길,detatched_multiFamily
부산광역시 부산진구 초읍동,3**,월세,38.4,1000,20,1991,월드컵대로465번길,detatched_multiFamily
부산광역시 부산진구 초읍동,3**,전세,39.35,3000,0,1988,성지로104번길,detatched_multiFamily
부산광역시 부산진구 초읍동,3**,월세,39.6,2000,10,1989,월드컵대로465번길,detatched_multiFamily
부산광역시 부산진구 초읍동,1**,월세,39.6,500,50,2015,성지로114번길,detatched_multiFamily
부산광역시 부산진구 초읍동,3**,전세,40,3500,0,1990,성지곡로,detatched_multiFamily
부산광역시 부산진구 초읍동,1**,월세,40.35,500,20,1991,초읍천로61번가길,detatched_multiFamily
부산광역시 부산진구 초읍동,1**,전세,42.28,4000,0,1996,초읍천로,detatched_multiFamily
부산광역시 부산진구 초읍동,4**,월세,43,1500,30,1989,월드컵대로467번길,detatched_multiFamily
부산광역시 부산진구 초읍동,1**,전세,43,3500,0,1996,초읍천로,detatched_multiFamily
부산광역시 부산진구 초읍동,1**,월세,45,500,20,1985,초읍천로61번길,detatched_multiFamily
부산광역시 부산진구 초읍동,2**,월세,45.3,2000,20,1991,성지로83번길,detatched_multiFamily
부산광역시 부산진구 초읍동,3**,월세,46,2000,20,1991,성지곡로51번길,detatched_multiFamily
부산광역시 부산진구 초읍동,4**,전세,47.31,9000,0,1990,성지로104번길,detatched_multiFamily
부산광역시 부산진구 초읍동,2**,월세,48.6,2000,34,1988,성지로,detatched_multiFamily
부산광역시 부산진구 초읍동,1**,전세,48.75,3000,0,1989,초읍천로61번길,detatched_multiFamily
부산광역시 부산진구 초읍동,3**,월세,49,2000,20,1991,성지곡로51번길,detatched_multiFamily
부산광역시 부산진구 초읍동,2**,월세,49.5,2000,27,1992,초읍천로108번길,detatched_multiFamily
부산광역시 부산진구 초읍동,4**,월세,49.5,1700,25,1994,성지로114번길,detatched_multiFamily
부산광역시 부산진구 초읍동,1**,월세,49.5,2700,10,1991,초읍천로61번길,detatched_multiFamily
부산광역시 부산진구 초읍동,4**,월세,49.5,1000,15,1990,성지로114번길,detatched_multiFamily
부산광역시 부산진구 초읍동,2**,월세,49.5,2000,20,1976,성지로93번길,detatched_multiFamily
부산광역시 부산진구 초읍동,4**,월세,49.5,300,18,1982,성지로104번길,detatched_multiFamily
부산광역시 부산진구 초읍동,2**,전세,49.59,6500,0,,,detatched_multiFamily
부산광역시 부산진구 초읍동,2**,월세,49.86,2000,35,1984,새싹로266번길,detatched_multiFamily
부산광역시 부산진구 초읍동,1**,전세,50,7000,0,1990,성지로114번길,detatched_multiFamily
부산광역시 부산진구 초읍동,1**,월세,50.63,500,20,1991,초읍천로61번가길,detatched_multiFamily
부산광역시 부산진구 초읍동,5**,월세,51.55,1000,30,1988,성지로74번나길,detatched_multiFamily
부산광역시 부산진구 초읍동,2**,월세,51.6,500,47,2014,새싹로278번길,detatched_multiFamily
부산광역시 부산진구 초읍동,2**,월세,51.92,300,30,2017,새싹로278번길,detatched_multiFamily
부산광역시 부산진구 초읍동,2**,월세,51.92,2000,20,2017,새싹로278번길,detatched_multiFamily
부산광역시 부산진구 초읍동,2**,월세,51.92,2000,23,2017,새싹로278번길,detatched_multiFamily
부산광역시 부산진구 초읍동,2**,월세,51.92,300,29,2017,새싹로278번길,detatched_multiFamily
부산광역시 부산진구 초읍동,1**,월세,52,500,17,1990,초읍천로77번길,detatched_multiFamily
부산광역시 부산진구 초읍동,1**,월세,52.01,1500,15,1970,성지로153번길,detatched_multiFamily
부산광역시 부산진구 초읍동,3**,전세,52.77,5000,0,1988,성지로104번길,detatched_multiFamily
부산광역시 부산진구 초읍동,1**,전세,53.26,6000,0,1974,초읍천로61번가길,detatched_multiFamily
부산광역시 부산진구 초읍동,2**,월세,53.35,3000,25,1976,성지로113번길,detatched_multiFamily
부산광역시 부산진구 초읍동,2**,월세,54.01,1000,30,1992,새싹로,detatched_multiFamily
부산광역시 부산진구 초읍동,5**,전세,54.84,4000,0,1993,성지로74번나길,detatched_multiFamily
부산광역시 부산진구 초읍동,1**,월세,56,2000,25,1987,성지로,detatched_multiFamily
부산광역시 부산진구 초읍동,5**,월세,56.1,1000,30,1996,성지로94번나길,detatched_multiFamily
부산광역시 부산진구 초읍동,1**,전세,56.1,5000,0,,,detatched_multiFamily
부산광역시 부산진구 초읍동,5**,전세,56.1,3500,0,1989,성지로94번길,detatched_multiFamily
부산광역시 부산진구 초읍동,2**,전세,57,7000,0,1990,성지로153번길,detatched_multiFamily
부산광역시 부산진구 초읍동,2**,전세,57,10000,0,1990,성지로153번길,detatched_multiFamily
부산광역시 부산진구 초읍동,6**,월세,57.36,2000,35,1974,성지로74번길,detatched_multiFamily
부산광역시 부산진구 초읍동,3**,월세,57.48,1000,25,1990,성지로104번길,detatched_multiFamily
부산광역시 부산진구 초읍동,2**,전세,57.9,7000,0,1990,성지로153번길,detatched_multiFamily
부산광역시 부산진구 초읍동,6**,월세,58.08,500,40,2013,성지로74번길,detatched_multiFamily
부산광역시 부산진구 초읍동,3**,월세,59.4,1000,20,1988,성지로122번길,detatched_multiFamily
부산광역시 부산진구 초읍동,2**,월세,60,1500,30,1988,성지로,detatched_multiFamily
부산광역시 부산진구 초읍동,6**,월세,60.06,1000,30,1978,성지로62번길,detatched_multiFamily
부산광역시 부산진구 초읍동,1**,월세,60.95,300,19,1987,초읍천로77번길,detatched_multiFamily
부산광역시 부산진구 초읍동,4**,전세,61.38,8000,0,1978,성지로122번길,detatched_multiFamily
부산광역시 부산진구 초읍동,1**,월세,62.64,3000,10,1987,초읍천로77번길,detatched_multiFamily
부산광역시 부산진구 초읍동,2**,월세,64.51,1500,35,1992,성지로137번길,detatched_multiFamily
부산광역시 부산진구 초읍동,2**,월세,64.51,1500,35,1992,성지로137번길,detatched_multiFamily
부산광역시 부산진구 초읍동,5**,전세,65.16,8000,0,1992,성지로74번길,detatched_multiFamily
부산광역시 부산진구 초읍동,5**,월세,66,2000,35,1988,성지로94번나길,detatched_multiFamily
부산광역시 부산진구 초읍동,5**,전세,66,3500,0,1990,성지로74번길,detatched_multiFamily
부산광역시 부산진구 초읍동,1**,전세,66.51,15000,0,1991,성지로114번길,detatched_multiFamily
부산광역시 부산진구 초읍동,1**,전세,66.51,12000,0,1991,성지로114번길,detatched_multiFamily
부산광역시 부산진구 초읍동,1**,월세,67.72,3000,10,1988,초읍천로77번길,detatched_multiFamily
부산광역시 부산진구 초읍동,3**,월세,67.83,5000,20,,성지곡로16번길,detatched_multiFamily
부산광역시 부산진구 초읍동,2**,월세,69.57,2000,40,1983,새싹로,detatched_multiFamily
부산광역시 부산진구 초읍동,5**,월세,70.3,0,40,2017,월드컵대로435번길,detatched_multiFamily
부산광역시 부산진구 초읍동,5**,월세,70.62,4000,30,1988,성지로94번나길,detatched_multiFamily
부산광역시 부산진구 초읍동,5*,월세,70.88,3000,5,1991,초읍천로43번길,detatched_multiFamily
부산광역시 부산진구 초읍동,4**,전세,74,9000,0,1990,성지로104번길,detatched_multiFamily
부산광역시 부산진구 초읍동,1**,월세,74.91,5000,25,1976,초읍천로61번길,detatched_multiFamily
부산광역시 부산진구 초읍동,1**,월세,74.96,6500,30,1976,초읍천로61번길,detatched_multiFamily
부산광역시 부산진구 초읍동,1**,월세,75.9,4000,40,1997,성지로114번길,detatched_multiFamily
부산광역시 부산진구 초읍동,2**,전세,76.36,13000,0,1975,새싹로,detatched_multiFamily
부산광역시 부산진구 초읍동,5*,월세,76.59,3200,10,1991,초읍천로43번길,detatched_multiFamily
부산광역시 부산진구 초읍동,2**,월세,77.52,3000,50,1994,성지로43번길,detatched_multiFamily
부산광역시 부산진구 초읍동,3**,월세,79,8000,25,1983,성지곡로,detatched_multiFamily
부산광역시 부산진구 초읍동,1**,월세,79,4000,30,1975,성지로104번길,detatched_multiFamily
부산광역시 부산진구 초읍동,1**,월세,79.29,1000,23,1989,초읍천로61번길,detatched_multiFamily
부산광역시 부산진구 초읍동,2**,전세,79.34,6000,0,1974,성지로104번길,detatched_multiFamily
부산광역시 부산진구 초읍동,5**,월세,82.2,11000,20,1988,성지로94번길,detatched_multiFamily
부산광역시 부산진구 초읍동,2**,월세,82.5,1500,30,1992,성지로43번길,detatched_multiFamily
부산광역시 부산진구 초읍동,3**,월세,82.5,500,30,1988,월드컵대로465번길,detatched_multiFamily
부산광역시 부산진구 초읍동,5*,월세,84,1500,10,1988,초읍천로55번나길,detatched_multiFamily
부산광역시 부산진구 초읍동,1**,월세,85.8,150,20,,초읍천로77번가길,detatched_multiFamily
부산광역시 부산진구 초읍동,2**,월세,87.6,2000,110,1978,성지로,detatched_multiFamily
부산광역시 부산진구 초읍동,2**,월세,93.15,7000,30,,,detatched_multiFamily
부산광역시 부산진구 초읍동,1**,월세,95.58,300,29,2010,성지로122번길,detatched_multiFamily
부산광역시 부산진구 초읍동,3**,전세,100.05,6500,0,1989,월드컵대로465번가길,detatched_multiFamily
부산광역시 부산진구 초읍동,2**,월세,102.33,500,60,1984,성지로143번길,detatched_multiFamily
부산광역시 부산진구 초읍동,2**,월세,102.33,1000,50,1984,성지로143번길,detatched_multiFamily
부산광역시 부산진구 초읍동,2**,월세,111.11,300,46,2017,성지로93번길,detatched_multiFamily
부산광역시 부산진구 초읍동,2**,월세,115.5,1500,50,1990,성지로137번길,detatched_multiFamily
부산광역시 부산진구 초읍동,2**,월세,115.7,1000,60,1995,성지로153번길,detatched_multiFamily
부산광역시 부산진구 초읍동,2**,월세,117.04,2000,40,1982,초읍천로108번길,detatched_multiFamily
부산광역시 부산진구 초읍동,3**,전세,122.15,11000,0,1980,성지로104번길,detatched_multiFamily
부산광역시 부산진구 초읍동,1**,월세,125.04,2000,40,1987,성지로104번길,detatched_multiFamily
부산광역시 부산진구 초읍동,3**,월세,131.38,1000,25,1991,월드컵대로465번길,detatched_multiFamily
부산광역시 부산진구 초읍동,1**,월세,132,500,50,2015,성지로114번길,detatched_multiFamily
부산광역시 부산진구 초읍동,3**,전세,132.68,15000,0,1973,월드컵대로465번길,detatched_multiFamily
부산광역시 부산진구 초읍동,2**,월세,148.58,6000,30,1991,새싹로,detatched_multiFamily
부산광역시 부산진구 초읍동,5**,전세,160.17,13000,0,1994,성지로74번길,detatched_multiFamily
부산광역시 부산진구 초읍동,5**,전세,161.93,4900,0,1988,성지로74번길,detatched_multiFamily
부산광역시 부산진구 초읍동,2**,월세,170.5,5000,20,1986,새싹로,detatched_multiFamily
부산광역시 북구 구포동,7**,월세,12,2200,10,1991,시랑로62번길,detatched_multiFamily
부산광역시 북구 구포동,8*,전세,13.47,3000,0,1979,,detatched_multiFamily
부산광역시 북구 구포동,1***,월세,14,2000,15,2011,모분재로,detatched_multiFamily
부산광역시 북구 구포동,8**,월세,16.29,500,40,2021,낙동북로772번가길,detatched_multiFamily
부산광역시 북구 구포동,1***,월세,16.5,100,90,1991,시랑로109번길,detatched_multiFamily
부산광역시 북구 구포동,1***,월세,16.5,300,19,1992,시랑로171번길,detatched_multiFamily
부산광역시 북구 구포동,1***,월세,16.5,500,35,2016,시랑로101번길,detatched_multiFamily
부산광역시 북구 구포동,1***,월세,16.5,50,15,1991,시랑로94번길,detatched_multiFamily
부산광역시 북구 구포동,7**,전세,16.58,4500,0,2018,시랑로48번길,detatched_multiFamily
부산광역시 북구 구포동,7**,전세,16.58,4500,0,2018,시랑로48번길,detatched_multiFamily
부산광역시 북구 구포동,9**,전세,16.61,7000,0,,백양대로1016번가길,detatched_multiFamily
부산광역시 북구 구포동,1***,월세,17,300,12,1991,팽나무로30번길,detatched_multiFamily
부산광역시 북구 구포동,1***,전세,17.65,4000,0,,시랑로132번길,detatched_multiFamily
부산광역시 북구 구포동,9**,월세,18.24,5000,5,2010,백양대로1063번길,detatched_multiFamily
부산광역시 북구 구포동,9**,월세,18.24,200,35,2010,백양대로1063번길,detatched_multiFamily
부산광역시 북구 구포동,9**,전세,18.49,7000,0,,백양대로1016번가길,detatched_multiFamily
부산광역시 북구 구포동,7*,월세,18.97,300,38,2021,백양대로1172번길,detatched_multiFamily
부산광역시 북구 구포동,1***,월세,19,500,30,,,detatched_multiFamily
부산광역시 북구 구포동,9**,월세,19,1000,40,2017,구남로14번길,detatched_multiFamily
부산광역시 북구 구포동,8*,전세,19,3000,0,1979,덕천로14번길,detatched_multiFamily
부산광역시 북구 구포동,8*,전세,19,3000,0,1979,덕천로14번길,detatched_multiFamily
부산광역시 북구 구포동,8*,전세,19,3000,0,1979,덕천로14번길,detatched_multiFamily
부산광역시 북구 구포동,1***,월세,19.8,200,34,2014,시랑로21번길,detatched_multiFamily
부산광역시 북구 구포동,1***,월세,20,200,34,2013,팽나무로8번길,detatched_multiFamily
부산광역시 북구 구포동,7**,월세,20,300,26,2018,가람로52번길,detatched_multiFamily
부산광역시 북구 구포동,7**,월세,20,300,26,,,detatched_multiFamily
부산광역시 북구 구포동,7**,월세,20,200,30,2010,시랑로62번길,detatched_multiFamily
부산광역시 북구 구포동,1***,월세,20,800,20,2011,모분재로23번길,detatched_multiFamily
부산광역시 북구 구포동,1***,월세,20,300,25,2010,시랑로101번길,detatched_multiFamily
부산광역시 북구 구포동,1***,월세,20,2000,25,2016,백양대로1015번길,detatched_multiFamily
부산광역시 북구 구포동,7**,월세,20,1000,22,2018,가람로52번길,detatched_multiFamily
부산광역시 북구 구포동,1***,월세,20.11,500,40,2011,백양대로1015번길,detatched_multiFamily
부산광역시 북구 구포동,6**,월세,20.39,500,13,2013,팽나무로8번길,detatched_multiFamily
부산광역시 북구 구포동,1***,월세,20.7,4000,15,2011,백양대로1015번길,detatched_multiFamily
부산광역시 북구 구포동,6**,전세,21,6300,0,2017,백양대로1172번길,detatched_multiFamily
부산광역시 북구 구포동,8**,전세,21.29,5000,0,2021,낙동북로772번가길,detatched_multiFamily
부산광역시 북구 구포동,1***,월세,22,300,30,2014,시랑로131번길,detatched_multiFamily
부산광역시 북구 구포동,1***,전세,22.06,5500,0,,가람로,detatched_multiFamily
부산광역시 북구 구포동,9**,전세,22.36,9000,0,,백양대로1016번가길,detatched_multiFamily
부산광역시 북구 구포동,9**,전세,22.36,9000,0,,백양대로1016번가길,detatched_multiFamily
부산광역시 북구 구포동,7**,월세,23,200,40,2018,시랑로48번길,detatched_multiFamily
부산광역시 북구 구포동,1***,월세,23,100,30,2012,가람로36번길,detatched_multiFamily
부산광역시 북구 구포동,1***,전세,23,3500,0,2015,시랑로109번길,detatched_multiFamily
부산광역시 북구 구포동,1***,월세,23.1,1700,5,1991,팽나무로,detatched_multiFamily
부산광역시 북구 구포동,6**,전세,23.48,7300,0,2017,백양대로1172번길,detatched_multiFamily
부산광역시 북구 구포동,1***,월세,24,300,25,2010,시랑로83번길,detatched_multiFamily
부산광역시 북구 구포동,1***,월세,24.8,200,29,,,detatched_multiFamily
부산광역시 북구 구포동,9**,월세,25,3000,30,2017,구남로14번길,detatched_multiFamily
부산광역시 북구 구포동,1***,월세,25,1000,37,2016,시랑로101번길,detatched_multiFamily
부산광역시 북구 구포동,7**,월세,25,500,37,2016,백양대로1124번길,detatched_multiFamily
부산광역시 북구 구포동,1***,월세,25,2000,25,2016,백양대로1015번길,detatched_multiFamily
부산광역시 북구 구포동,1***,월세,25,1500,32,2016,백양대로1015번길,detatched_multiFamily
부산광역시 북구 구포동,8*,월세,25,300,40,2018,모분재로15번길,detatched_multiFamily
부산광역시 북구 구포동,1***,월세,25,1000,27,2011,시랑로101번길,detatched_multiFamily
부산광역시 북구 구포동,8*,월세,25,300,40,2018,모분재로15번길,detatched_multiFamily
부산광역시 북구 구포동,9**,전세,25,8000,0,2016,백양대로1064번길,detatched_multiFamily
부산광역시 북구 구포동,1***,전세,25.13,7000,0,2016,백양대로1015번길,detatched_multiFamily
부산광역시 북구 구포동,1***,월세,25.14,300,38,2016,시랑로101번길,detatched_multiFamily
부산광역시 북구 구포동,8**,월세,25.26,300,52,1988,백양대로1016번나길,detatched_multiFamily
부산광역시 북구 구포동,7**,전세,25.3,5500,0,2016,,detatched_multiFamily
부산광역시 북구 구포동,7**,전세,25.3,6500,0,2016,낙동대로1762번길,detatched_multiFamily
부산광역시 북구 구포동,7**,전세,25.3,5000,0,2016,낙동대로1762번길,detatched_multiFamily
부산광역시 북구 구포동,7**,전세,25.3,6000,0,2016,낙동대로1762번길,detatched_multiFamily
부산광역시 북구 구포동,7**,전세,25.3,5000,0,1981,백양대로1124번가길,detatched_multiFamily
부산광역시 북구 구포동,7**,전세,25.3,6500,0,2016,낙동대로1762번길,detatched_multiFamily
부산광역시 북구 구포동,9**,월세,25.38,9000,10,2017,구남로14번길,detatched_multiFamily
부산광역시 북구 구포동,9**,전세,25.38,9000,0,2017,구남로14번길,detatched_multiFamily
부산광역시 북구 구포동,1***,월세,25.95,200,13,1992,시랑로94번길,detatched_multiFamily
부산광역시 북구 구포동,1***,월세,26,500,35,2010,백양대로1015번길,detatched_multiFamily
부산광역시 북구 구포동,1***,월세,26,1500,30,2010,백양대로1015번길,detatched_multiFamily
부산광역시 북구 구포동,1***,월세,26.4,200,27,2014,시랑로131번길,detatched_multiFamily
부산광역시 북구 구포동,8**,전세,26.4,5000,0,2021,낙동북로772번가길,detatched_multiFamily
부산광역시 북구 구포동,1***,전세,26.4,3000,0,1990,시랑로61번길,detatched_multiFamily
부산광역시 북구 구포동,1***,월세,26.44,1000,25,1990,낙동북로772번길,detatched_multiFamily
부산광역시 북구 구포동,7**,월세,26.44,200,15,1978,백양대로1124번길,detatched_multiFamily
부산광역시 북구 구포동,1***,월세,26.45,300,20,1993,팽나무로8번길,detatched_multiFamily
부산광역시 북구 구포동,8*,전세,26.95,5000,0,2018,모분재로15번길,detatched_multiFamily
부산광역시 북구 구포동,1**,전세,27.11,4500,0,,덕천로38번길,detatched_multiFamily
부산광역시 북구 구포동,9**,전세,28,8500,0,2016,백양대로1064번길,detatched_multiFamily
부산광역시 북구 구포동,9**,전세,28,8500,0,2016,백양대로1064번길,detatched_multiFamily
부산광역시 북구 구포동,9**,전세,29,8000,0,2017,구남로14번길,detatched_multiFamily
부산광역시 북구 구포동,7*,월세,29.22,300,33,1990,모분재로15번길,detatched_multiFamily
부산광역시 북구 구포동,9**,월세,29.45,5500,10,2016,백양대로1064번길,detatched_multiFamily
부산광역시 북구 구포동,9**,전세,29.45,8000,0,2016,백양대로1064번길,detatched_multiFamily
부산광역시 북구 구포동,7**,월세,30,500,30,1987,낙동대로1762번길,detatched_multiFamily
부산광역시 북구 구포동,1***,월세,30,300,37,2010,,detatched_multiFamily
부산광역시 북구 구포동,1***,월세,30,300,38,2010,백양대로1015번길,detatched_multiFamily
부산광역시 북구 구포동,1***,월세,30,1000,29,2016,시랑로35번길,detatched_multiFamily
부산광역시 북구 구포동,8**,월세,30,500,30,1988,백양대로1016번가길,detatched_multiFamily
부산광역시 북구 구포동,9**,월세,30,1000,40,2017,구남로14번길,detatched_multiFamily
부산광역시 북구 구포동,7**,월세,30,200,35,1984,팽나무로,detatched_multiFamily
부산광역시 북구 구포동,9**,전세,30,8500,0,2017,구남로14번길,detatched_multiFamily
부산광역시 북구 구포동,6**,전세,30,8000,0,2018,시랑로21번가길,detatched_multiFamily
부산광역시 북구 구포동,1***,전세,30,6500,0,2011,시랑로101번길,detatched_multiFamily
부산광역시 북구 구포동,1***,월세,30.23,500,40,1991,시랑로125번길,detatched_multiFamily
부산광역시 북구 구포동,9**,전세,30.46,9000,0,2017,구남로14번길,detatched_multiFamily
부산광역시 북구 구포동,9**,월세,32,1000,38,2017,구남로14번길,detatched_multiFamily
부산광역시 북구 구포동,9**,전세,32.17,9000,0,2017,구남로14번길,detatched_multiFamily
부산광역시 북구 구포동,1***,월세,33,300,25,1993,시랑로163번길,detatched_multiFamily
부산광역시 북구 구포동,1***,월세,33,2000,20,1994,시랑로109번길,detatched_multiFamily
부산광역시 북구 구포동,4**,월세,33,100,15,,시장샛길,detatched_multiFamily
부산광역시 북구 구포동,8*,월세,33,4000,5,1978,모분재로15번길,detatched_multiFamily
부산광역시 북구 구포동,1***,월세,33,1000,15,1992,모분재로120번길,detatched_multiFamily
부산광역시 북구 구포동,5*,월세,33,1000,5,1990,모분재로,detatched_multiFamily
부산광역시 북구 구포동,1***,월세,33,100,15,1993,시랑로182번길,detatched_multiFamily
부산광역시 북구 구포동,1***,월세,33,200,20,1993,시랑로182번길,detatched_multiFamily
부산광역시 북구 구포동,1***,월세,33,200,15,1992,모분재로120번길,detatched_multiFamily
부산광역시 북구 구포동,1***,월세,33,500,20,1988,가람로50번길,detatched_multiFamily
부산광역시 북구 구포동,8**,월세,33,500,25,1993,모분재로,detatched_multiFamily
부산광역시 북구 구포동,1***,월세,33,500,31,2011,시랑로101번길,detatched_multiFamily
부산광역시 북구 구포동,1***,월세,33,500,10,1993,시랑로,detatched_multiFamily
부산광역시 북구 구포동,1***,월세,33,1000,20,1990,시랑로,detatched_multiFamily
부산광역시 북구 구포동,1***,월세,33,1000,15,1993,시랑로94번길,detatched_multiFamily
부산광역시 북구 구포동,1***,월세,33,800,20,1991,시랑로138번가길,detatched_multiFamily
부산광역시 북구 구포동,1***,월세,33,1000,15,1989,사상로558번나길,detatched_multiFamily
부산광역시 북구 구포동,8**,전세,33,3000,0,1993,모분재로,detatched_multiFamily
부산광역시 북구 구포동,1***,전세,33,3500,0,1991,시랑로163번길,detatched_multiFamily
부산광역시 북구 구포동,4*,전세,33,2800,0,1991,시랑로21번길,detatched_multiFamily
부산광역시 북구 구포동,4*,전세,33,2815,0,1991,시랑로21번길,detatched_multiFamily
부산광역시 북구 구포동,9**,전세,33,8000,0,2017,구남로14번길,detatched_multiFamily
부산광역시 북구 구포동,8*,전세,33,2000,0,1996,덕천로28번길,detatched_multiFamily
부산광역시 북구 구포동,1***,전세,33,500,0,1990,모분재로149번길,detatched_multiFamily
부산광역시 북구 구포동,1***,월세,33.05,500,20,1991,팽나무로42번길,detatched_multiFamily
부산광역시 북구 구포동,9**,전세,33.2,8800,0,2016,,detatched_multiFamily
부산광역시 북구 구포동,9**,월세,33.24,6000,10,2018,백양대로1074번길,detatched_multiFamily
부산광역시 북구 구포동,9**,전세,33.32,8500,0,2017,구남로14번길,detatched_multiFamily
부산광역시 북구 구포동,1***,월세,35,2000,10,1992,,detatched_multiFamily
부산광역시 북구 구포동,1***,월세,35,1000,25,1991,시랑로47번가길,detatched_multiFamily
부산광역시 북구 구포동,1***,월세,35,1000,50,2017,백양대로1015번길,detatched_multiFamily
부산광역시 북구 구포동,1***,월세,35,1500,40,2017,백양대로1015번길,detatched_multiFamily
부산광역시 북구 구포동,9**,월세,35,1000,19,1988,백양대로1016번나길,detatched_multiFamily
부산광역시 북구 구포동,4**,전세,35,3700,0,1992,시장갓길,detatched_multiFamily
부산광역시 북구 구포동,8*,전세,35,10000,0,2017,덕천로28번길,detatched_multiFamily
부산광역시 북구 구포동,8**,전세,35,4700,0,2016,모분재로,detatched_multiFamily
부산광역시 북구 구포동,1***,월세,35.2,200,40,1991,시랑로132번길,detatched_multiFamily
부산광역시 북구 구포동,1***,월세,36,300,20,1987,팽나무로8번길,detatched_multiFamily
부산광역시 북구 구포동,1***,전세,36,3000,0,,가람로48번길,detatched_multiFamily
부산광역시 북구 구포동,8*,전세,36,10000,0,2017,덕천로28번길,detatched_multiFamily
부산광역시 북구 구포동,9**,전세,36,8000,0,2018,,detatched_multiFamily
부산광역시 북구 구포동,9**,전세,36,8000,0,2018,백양대로1074번길,detatched_multiFamily
부산광역시 북구 구포동,1***,월세,36.35,500,15,1990,팽나무로24번길,detatched_multiFamily
부산광역시 북구 구포동,7*,월세,36.88,3000,29,1990,모분재로15번길,detatched_multiFamily
부산광역시 북구 구포동,1***,월세,37,700,20,1994,시랑로181번길,detatched_multiFamily
부산광역시 북구 구포동,1***,월세,37.14,308,2,2002,팽나무로8번길,detatched_multiFamily
부산광역시 북구 구포동,1***,월세,38.25,1000,15,,사상로558번길,detatched_multiFamily
부산광역시 북구 구포동,5*,월세,38.27,2000,10,1994,모분재로,detatched_multiFamily
부산광역시 북구 구포동,1***,전세,38.57,1800,0,1991,팽나무로8번길,detatched_multiFamily
부산광역시 북구 구포동,1***,전세,39,2500,0,1992,시랑로175번길,detatched_multiFamily
부산광역시 북구 구포동,1***,월세,39.05,3300,10,1992,시랑로,detatched_multiFamily
부산광역시 북구 구포동,4**,월세,39.6,500,20,1990,가람로58번길,detatched_multiFamily
부산광역시 북구 구포동,9**,월세,39.66,2000,18,1989,백양대로1064번길,detatched_multiFamily
부산광역시 북구 구포동,1***,월세,39.66,3000,20,,,detatched_multiFamily
부산광역시 북구 구포동,6**,월세,39.67,100,28,1975,구포시장8길,detatched_multiFamily
부산광역시 북구 구포동,8**,월세,39.87,1000,25,1993,백양대로1016번길,detatched_multiFamily
부산광역시 북구 구포동,1**,월세,40,500,17,1990,덕천로28번길,detatched_multiFamily
부산광역시 북구 구포동,9**,월세,40,1000,50,2018,낙동북로,detatched_multiFamily
부산광역시 북구 구포동,9**,월세,40,2500,10,1988,백양대로1048번가길,detatched_multiFamily
부산광역시 북구 구포동,1***,월세,40,300,30,1991,팽나무로8번길,detatched_multiFamily
부산광역시 북구 구포동,1***,월세,40,1000,35,1992,시랑로106번길,detatched_multiFamily
부산광역시 북구 구포동,1***,월세,40,1000,20,,모분재로23번길,detatched_multiFamily
부산광역시 북구 구포동,1***,전세,40,5000,0,1992,모분재로23번길,detatched_multiFamily
부산광역시 북구 구포동,7**,월세,40.25,300,36,2016,팽나무로8번길,detatched_multiFamily
부산광역시 북구 구포동,7**,전세,41.6,8000,0,1983,백양대로1102번길,detatched_multiFamily
부산광역시 북구 구포동,7**,전세,41.82,5000,0,1981,백양대로1124번가길,detatched_multiFamily
부산광역시 북구 구포동,1***,월세,42,2000,25,1992,시랑로163번길,detatched_multiFamily
부산광역시 북구 구포동,1***,전세,42,3500,0,1991,팽나무로30번길,detatched_multiFamily
부산광역시 북구 구포동,1***,월세,42.2,1000,30,1991,팽나무로24번길,detatched_multiFamily
부산광역시 북구 구포동,1***,전세,42.98,3000,0,1991,시랑로61번길,detatched_multiFamily
부산광역시 북구 구포동,1***,월세,43,2000,20,,낙동북로,detatched_multiFamily
부산광역시 북구 구포동,8**,월세,43,500,30,1994,모분재로,detatched_multiFamily
부산광역시 북구 구포동,1***,전세,44.2,2500,0,2013,모분재로138번길,detatched_multiFamily
부산광역시 북구 구포동,8**,전세,44.7,5500,0,1993,모분재로105번가길,detatched_multiFamily
부산광역시 북구 구포동,1**,전세,45,7000,0,1980,모분재로7번길,detatched_multiFamily
부산광역시 북구 구포동,1**,전세,45,7000,0,,모분재로7번길,detatched_multiFamily
부산광역시 북구 구포동,1**,전세,45,7000,0,1980,모분재로7번길,detatched_multiFamily
부산광역시 북구 구포동,9**,전세,45,5000,0,1997,백양대로1064번길,detatched_multiFamily
부산광역시 북구 구포동,1***,전세,45,2000,0,1994,모분재로132번길,detatched_multiFamily
부산광역시 북구 구포동,1***,전세,46,4000,0,1994,시랑로47번길,detatched_multiFamily
부산광역시 북구 구포동,1***,전세,46,6000,0,2014,시랑로131번길,detatched_multiFamily
부산광역시 북구 구포동,9**,월세,46.67,500,40,1977,백양대로1049번길,detatched_multiFamily
부산광역시 북구 구포동,6**,월세,46.94,1000,30,1979,시랑로21번가길,detatched_multiFamily
부산광역시 북구 구포동,1***,월세,47.96,290,5,2006,시랑로131번길,detatched_multiFamily
부산광역시 북구 구포동,1***,월세,48,2000,5,1994,모분재로,detatched_multiFamily
부산광역시 북구 구포동,1***,전세,48,7000,0,2014,시랑로131번길,detatched_multiFamily
부산광역시 북구 구포동,9**,전세,48.03,8000,0,2018,백양대로1074번길,detatched_multiFamily
부산광역시 북구 구포동,7**,월세,49.15,2000,15,1986,시랑로62번길,detatched_multiFamily
부산광역시 북구 구포동,6**,월세,49.22,100,20,1981,백양대로1164번길,detatched_multiFamily
부산광역시 북구 구포동,1***,월세,49.25,1000,20,1991,시랑로163번길,detatched_multiFamily
부산광역시 북구 구포동,1***,월세,49.5,500,20,1987,구남언덕로16번길,detatched_multiFamily
부산광역시 북구 구포동,1***,월세,49.5,200,20,1992,시랑로163번길,detatched_multiFamily
부산광역시 북구 구포동,1***,월세,49.5,300,34,1991,시랑로163번길,detatched_multiFamily
부산광역시 북구 구포동,8**,월세,49.5,2160,18,1992,모분재로105번가길,detatched_multiFamily
부산광역시 북구 구포동,1***,전세,49.5,8000,0,2015,시랑로141번길,detatched_multiFamily
부산광역시 북구 구포동,1***,전세,49.5,5500,0,1993,낙동북로772번길,detatched_multiFamily
부산광역시 북구 구포동,1***,전세,49.58,2800,0,1989,사상로558번나길,detatched_multiFamily
부산광역시 북구 구포동,1***,월세,49.59,300,20,1991,시랑로175번길,detatched_multiFamily
부산광역시 북구 구포동,7**,월세,50,500,15,1978,팽나무로4번길,detatched_multiFamily
부산광역시 북구 구포동,1***,월세,50,400,15,1994,시랑로132번길,detatched_multiFamily
부산광역시 북구 구포동,1***,월세,50,2000,10,1990,시랑로61번길,detatched_multiFamily
부산광역시 북구 구포동,1***,월세,50,500,30,1991,낙동북로663번길,detatched_multiFamily
부산광역시 북구 구포동,9**,월세,50,3000,5,1989,낙동북로681번길,detatched_multiFamily
부산광역시 북구 구포동,1***,전세,50,5000,0,1988,가람로50번길,detatched_multiFamily
부산광역시 북구 구포동,1***,전세,50.58,5000,0,1979,팽나무로,detatched_multiFamily
부산광역시 북구 구포동,6**,월세,51,4000,3,1994,팽나무로10번길,detatched_multiFamily
부산광역시 북구 구포동,7**,전세,51.31,5500,0,1980,시랑로48번길,detatched_multiFamily
부산광역시 북구 구포동,1***,월세,51.48,300,23,1992,시랑로163번길,detatched_multiFamily
부산광역시 북구 구포동,6**,월세,51.87,2000,30,1976,구포시장8길,detatched_multiFamily
부산광역시 북구 구포동,1***,월세,52.8,500,25,1991,구남로13번길,detatched_multiFamily
부산광역시 북구 구포동,1***,월세,52.89,2000,5,1994,시랑로101번길,detatched_multiFamily
부산광역시 북구 구포동,5**,월세,53.2,3000,40,1983,,detatched_multiFamily
부산광역시 북구 구포동,7**,전세,54.71,4000,0,1981,백양대로1124번가길,detatched_multiFamily
부산광역시 북구 구포동,1***,월세,55.36,2000,13,1992,시랑로,detatched_multiFamily
부산광역시 북구 구포동,1***,월세,55.76,3000,30,1976,백양대로,detatched_multiFamily
부산광역시 북구 구포동,1***,월세,55.8,3500,10,2002,시랑로109번길,detatched_multiFamily
부산광역시 북구 구포동,1***,전세,56,3000,0,,팽나무로8번길,detatched_multiFamily
부산광역시 북구 구포동,7**,월세,56.07,2000,36,1978,팽나무로4번길,detatched_multiFamily
부산광역시 북구 구포동,7**,월세,56.07,2000,36,1978,팽나무로4번길,detatched_multiFamily
부산광역시 북구 구포동,1***,월세,56.19,1000,25,1988,낙동북로663번나길,detatched_multiFamily
부산광역시 북구 구포동,1***,월세,56.46,1000,12,1991,팽나무로42번길,detatched_multiFamily
부산광역시 북구 구포동,1***,전세,56.48,4000,0,1989,모분재로23번길,detatched_multiFamily
부산광역시 북구 구포동,6**,월세,57.98,3000,20,1975,구포시장8길,detatched_multiFamily
부산광역시 북구 구포동,9**,전세,58.16,8000,0,1986,백양대로1074번길,detatched_multiFamily
부산광역시 북구 구포동,8**,월세,59,1500,15,1994,모분재로105번길,detatched_multiFamily
부산광역시 북구 구포동,8**,월세,59,500,45,1990,낙동북로772번가길,detatched_multiFamily
부산광역시 북구 구포동,7**,월세,59.09,300,45,1984,팽나무로,detatched_multiFamily
부산광역시 북구 구포동,4**,월세,59.13,8000,5,1990,낙동북로663번나길,detatched_multiFamily
부산광역시 북구 구포동,1***,월세,59.3,3000,40,1992,팽나무로24번길,detatched_multiFamily
부산광역시 북구 구포동,1***,월세,59.4,500,25,1991,시랑로83번길,detatched_multiFamily
부산광역시 북구 구포동,1***,월세,59.86,2000,15,1991,시랑로,detatched_multiFamily
부산광역시 북구 구포동,9**,전세,59.88,8000,0,2014,백양대로1064번길,detatched_multiFamily
부산광역시 북구 구포동,1***,월세,60,500,28,1993,낙동북로663번나길,detatched_multiFamily
부산광역시 북구 구포동,7**,월세,60,6000,20,1987,시랑로48번길,detatched_multiFamily
부산광역시 북구 구포동,9**,전세,60.1,3000,0,1987,백양대로1016번나길,detatched_multiFamily
부산광역시 북구 구포동,5*,전세,61.56,2500,0,1992,모분재로,detatched_multiFamily
부산광역시 북구 구포동,6**,전세,62.24,8000,0,2018,시랑로21번가길,detatched_multiFamily
부산광역시 북구 구포동,6**,월세,62.32,200,34,2014,팽나무로8번길,detatched_multiFamily
부산광역시 북구 구포동,1**,전세,63.07,8000,0,1984,모분재로7번나길,detatched_multiFamily
부산광역시 북구 구포동,1***,월세,63.47,500,28,1992,시랑로106번길,detatched_multiFamily
부산광역시 북구 구포동,1**,월세,64.42,2000,50,1992,모분재로,detatched_multiFamily
부산광역시 북구 구포동,1***,전세,64.84,8000,0,,팽나무로56번길,detatched_multiFamily
부산광역시 북구 구포동,1***,전세,65.26,10000,0,1978,낙동대로1762번길,detatched_multiFamily
부산광역시 북구 구포동,7**,월세,65.87,1000,35,1979,백양대로1124번길,detatched_multiFamily
부산광역시 북구 구포동,1***,월세,65.96,1000,40,2008,낙동북로772번길,detatched_multiFamily
부산광역시 북구 구포동,1***,월세,66,500,15,1990,시랑로125번길,detatched_multiFamily
부산광역시 북구 구포동,1***,월세,66,500,28,1991,모분재로,detatched_multiFamily
부산광역시 북구 구포동,9**,월세,67.53,4000,30,1987,백양대로1016번나길,detatched_multiFamily
부산광역시 북구 구포동,1***,월세,67.78,7500,5,,,detatched_multiFamily
부산광역시 북구 구포동,1***,월세,68,2000,20,1990,모분재로132번길,detatched_multiFamily
부산광역시 북구 구포동,7**,전세,69.04,7500,0,2018,시랑로48번길,detatched_multiFamily
부산광역시 북구 구포동,9**,월세,69.11,1000,50,1979,구남로14번길,detatched_multiFamily
부산광역시 북구 구포동,4**,월세,69.18,4000,45,1992,낙동북로663번나길,detatched_multiFamily
부산광역시 북구 구포동,1***,전세,69.38,8000,0,1988,가람로50번길,detatched_multiFamily
부산광역시 북구 구포동,1***,전세,69.38,8000,0,1988,가람로50번길,detatched_multiFamily
부산광역시 북구 구포동,1***,전세,69.6,7600,0,2014,시랑로163번길,detatched_multiFamily
부산광역시 북구 구포동,1***,전세,69.6,7500,0,2014,시랑로163번길,detatched_multiFamily
부산광역시 북구 구포동,1***,월세,70.4,5000,20,1993,팽나무로,detatched_multiFamily
부산광역시 북구 구포동,7**,월세,71.3,1000,30,1983,시랑로48번길,detatched_multiFamily
부산광역시 북구 구포동,7**,전세,71.43,3000,0,1987,백양대로1124번가길,detatched_multiFamily
부산광역시 북구 구포동,1***,월세,72.24,1000,50,2017,백양대로1015번길,detatched_multiFamily
부산광역시 북구 구포동,4**,월세,73.35,1000,60,1997,낙동대로1766번길,detatched_multiFamily
부산광역시 북구 구포동,1***,월세,73.86,1000,40,1991,시랑로47번가길,detatched_multiFamily
부산광역시 북구 구포동,1***,월세,73.93,300,47,1991,팽나무로24번길,detatched_multiFamily
부산광역시 북구 구포동,9**,월세,74.16,1300,17,1990,낙동북로681번길,detatched_multiFamily
부산광역시 북구 구포동,1***,전세,74.41,7000,0,1992,낙동북로772번길,detatched_multiFamily
부산광역시 북구 구포동,1***,월세,74.48,3000,3,2013,팽나무로8번길,detatched_multiFamily
부산광역시 북구 구포동,9**,월세,74.48,10000,25,2018,백양대로1036번길,detatched_multiFamily
부산광역시 북구 구포동,1***,월세,75,500,45,1992,,detatched_multiFamily
부산광역시 북구 구포동,1***,전세,75.84,8000,0,1994,시랑로,detatched_multiFamily
부산광역시 북구 구포동,1***,월세,77.62,4500,10,1992,구남로13번길,detatched_multiFamily
부산광역시 북구 구포동,1***,월세,77.79,300,29,2016,,detatched_multiFamily
부산광역시 북구 구포동,1***,월세,77.84,500,23,1992,시랑로94번길,detatched_multiFamily
부산광역시 북구 구포동,9**,전세,78.02,5000,0,,구남언덕로28번가길,detatched_multiFamily
부산광역시 북구 구포동,5*,전세,78.6,10000,0,1992,,detatched_multiFamily
부산광역시 북구 구포동,5**,월세,79.34,2000,30,,구포시장6길,detatched_multiFamily
부산광역시 북구 구포동,8**,월세,79.79,2000,40,1993,모분재로,detatched_multiFamily
부산광역시 북구 구포동,6**,월세,79.92,100,33,,팽나무로8번길,detatched_multiFamily
부산광역시 북구 구포동,3**,월세,80,10000,30,2015,낙동대로1738번길,detatched_multiFamily
부산광역시 북구 구포동,8*,월세,80.85,4000,15,2018,모분재로15번길,detatched_multiFamily
부산광역시 북구 구포동,8*,월세,80.85,500,38,2018,모분재로15번길,detatched_multiFamily
부산광역시 북구 구포동,1***,월세,81.23,6000,25,1989,백양대로1015번길,detatched_multiFamily
부산광역시 북구 구포동,1***,월세,82.18,300,42,2015,시랑로,detatched_multiFamily
부산광역시 북구 구포동,8*,전세,83.83,3500,0,1996,덕천로28번길,detatched_multiFamily
부산광역시 북구 구포동,1***,월세,84.77,3000,10,1989,구남로13번길,detatched_multiFamily
부산광역시 북구 구포동,1***,월세,84.77,5000,10,1989,구남로13번길,detatched_multiFamily
부산광역시 북구 구포동,7**,월세,85.56,5000,10,1990,백양대로,detatched_multiFamily
부산광역시 북구 구포동,9**,전세,85.77,2500,0,1989,구남로20번길,detatched_multiFamily
부산광역시 북구 구포동,1***,월세,86.27,2000,25,1990,모분재로,detatched_multiFamily
부산광역시 북구 구포동,1***,월세,86.86,3000,35,1994,시랑로,detatched_multiFamily
부산광역시 북구 구포동,8*,월세,88.35,4000,30,2019,모분재로15번길,detatched_multiFamily
부산광역시 북구 구포동,7*,월세,89.5,500,45,2021,백양대로1172번길,detatched_multiFamily
부산광역시 북구 구포동,7**,전세,89.55,6000,0,1997,시랑로,detatched_multiFamily
부산광역시 북구 구포동,1***,월세,89.83,1000,20,1990,낙동대로1694번가길,detatched_multiFamily
부산광역시 북구 구포동,4**,월세,90.01,3000,50,1992,낙동북로663번나길,detatched_multiFamily
부산광역시 북구 구포동,8**,월세,94.02,6000,10,1993,모분재로105번길,detatched_multiFamily
부산광역시 북구 구포동,1***,월세,95.04,1000,40,1995,모분재로,detatched_multiFamily
부산광역시 북구 구포동,1***,월세,96,6000,10,2014,시랑로131번길,detatched_multiFamily
부산광역시 북구 구포동,1***,월세,96.9,200,30,2015,시랑로109번길,detatched_multiFamily
부산광역시 북구 구포동,9**,전세,98.96,5000,0,2014,백양대로1064번길,detatched_multiFamily
부산광역시 북구 구포동,9**,월세,99.05,100,28,1987,구남언덕로,detatched_multiFamily
부산광역시 북구 구포동,1***,전세,114.74,8000,0,2011,팽나무로56번길,detatched_multiFamily
부산광역시 북구 구포동,1***,월세,115.21,100,27,1991,시랑로132번길,detatched_multiFamily
부산광역시 북구 구포동,1***,월세,123.41,300,35,1991,시랑로61번길,detatched_multiFamily
부산광역시 북구 구포동,8**,월세,127.77,200,29,2021,낙동북로772번가길,detatched_multiFamily
부산광역시 북구 구포동,8**,전세,141.63,5000,0,2021,낙동북로772번가길,detatched_multiFamily
부산광역시 북구 구포동,4**,월세,146.9,1000,25,1985,가람로50번길,detatched_multiFamily
부산광역시 북구 구포동,1***,월세,151.22,2000,20,1988,사상로558번나길,detatched_multiFamily
부산광역시 북구 구포동,9**,월세,152.32,1000,50,2017,구남로14번길,detatched_multiFamily
부산광역시 북구 구포동,9**,월세,154,1000,20,1989,,detatched_multiFamily
부산광역시 북구 구포동,1***,월세,160.8,2000,20,2015,시랑로109번길,detatched_multiFamily
부산광역시 북구 구포동,9**,월세,161.88,2500,35,2017,구남로14번길,detatched_multiFamily
부산광역시 북구 구포동,7**,전세,166.1,4000,0,2002,,detatched_multiFamily
부산광역시 북구 구포동,1***,월세,167.3,200,29,1990,시랑로132번길,detatched_multiFamily
부산광역시 북구 구포동,1***,전세,178.3,4000,0,2010,백양대로1015번길,detatched_multiFamily
부산광역시 북구 구포동,9**,월세,196.18,500,45,2017,구남로14번길,detatched_multiFamily
부산광역시 북구 구포동,9**,월세,205,4000,30,1987,백양대로1016번나길,detatched_multiFamily
부산광역시 북구 금곡동,1**,월세,18.24,100,13,1983,효열로219번가길,detatched_multiFamily
부산광역시 북구 금곡동,7*,월세,19.25,500,44,2020,금곡대로638번길,detatched_multiFamily
부산광역시 북구 금곡동,7*,월세,20,800,30,2011,효열로275번길,detatched_multiFamily
부산광역시 북구 금곡동,7*,월세,20,2000,20,2010,금곡대로616번길,detatched_multiFamily
부산광역시 북구 금곡동,6*,월세,24.72,500,35,2011,효열로235번길,detatched_multiFamily
부산광역시 북구 금곡동,6*,월세,24.72,500,35,2011,,detatched_multiFamily
부산광역시 북구 금곡동,1***,월세,29.68,2000,44,,,detatched_multiFamily
부산광역시 북구 금곡동,7*,월세,30,200,26,1994,금곡대로616번길,detatched_multiFamily
부산광역시 북구 금곡동,1**,월세,36.36,1500,13,1987,효열로203번길,detatched_multiFamily
부산광역시 북구 금곡동,6*,월세,37.64,500,30,2011,효열로235번길,detatched_multiFamily
부산광역시 북구 금곡동,2**,전세,46.94,1900,0,1997,효열로219번다길,detatched_multiFamily
부산광역시 북구 금곡동,6*,월세,49.78,2000,20,1994,효열로275번길,detatched_multiFamily
부산광역시 북구 금곡동,6*,월세,55,1000,30,1995,효열로203번가길,detatched_multiFamily
부산광역시 북구 금곡동,6*,월세,55.93,1000,35,1996,효열로203번가길,detatched_multiFamily
부산광역시 북구 금곡동,6*,월세,56,1500,25,1995,효열로203번가길,detatched_multiFamily
부산광역시 북구 금곡동,2**,월세,62.81,3000,20,1991,효열로219번길,detatched_multiFamily
부산광역시 북구 금곡동,7*,월세,66.64,500,43,2011,효열로275번길,detatched_multiFamily
부산광역시 북구 금곡동,6*,월세,76.25,3500,35,1995,효열로275번길,detatched_multiFamily
부산광역시 북구 금곡동,6*,월세,99.52,2500,15,1994,효열로275번길,detatched_multiFamily
부산광역시 북구 금곡동,7*,월세,100.9,100,38,2010,금곡대로616번길,detatched_multiFamily
부산광역시 북구 금곡동,7*,월세,111.33,100,35,2011,효열로275번길,detatched_multiFamily
부산광역시 북구 금곡동,7*,월세,113.33,300,30,2011,효열로275번길,detatched_multiFamily
부산광역시 북구 금곡동,7*,전세,128.82,6500,0,1996,금곡대로638번가길,detatched_multiFamily
부산광역시 북구 금곡동,1***,월세,147.42,2000,30,1989,금곡대로430번가길,detatched_multiFamily
부산광역시 북구 금곡동,7*,월세,162.8,100,34,2009,금곡대로638번길,detatched_multiFamily
부산광역시 북구 금곡동,6**,월세,164.99,300,30,2017,금곡대로638번길,detatched_multiFamily
부산광역시 북구 덕천동,4**,월세,14,200,20,2008,덕천2길,detatched_multiFamily
부산광역시 북구 덕천동,3**,월세,14.7,200,30,2020,기찰로129번길,detatched_multiFamily
부산광역시 북구 덕천동,4**,전세,14.72,2000,0,2008,만덕대로66번길,detatched_multiFamily
부산광역시 북구 덕천동,4**,전세,14.72,2000,0,2008,만덕대로66번길,detatched_multiFamily
부산광역시 북구 덕천동,3**,전세,14.92,6000,0,2018,의성로83번길,detatched_multiFamily
부산광역시 북구 덕천동,3**,월세,15,500,27,2007,금곡대로20번길,detatched_multiFamily
부산광역시 북구 덕천동,4**,월세,15,100,20,2012,덕천로,detatched_multiFamily
부산광역시 북구 덕천동,4**,월세,15,100,20,1985,만덕대로142번가길,detatched_multiFamily
부산광역시 북구 덕천동,4**,월세,15,2000,20,2011,의성로121번길,detatched_multiFamily
부산광역시 북구 덕천동,3**,월세,15.94,3000,35,2019,,detatched_multiFamily
부산광역시 북구 덕천동,4**,월세,16,250,23,2010,의성로128번길,detatched_multiFamily
부산광역시 북구 덕천동,3**,월세,16,300,25,2008,만덕대로27번길,detatched_multiFamily
부산광역시 북구 덕천동,4**,월세,16.25,1000,28,,의성로121번길,detatched_multiFamily
부산광역시 북구 덕천동,3**,전세,16.44,3400,0,2010,금곡대로20번길,detatched_multiFamily
부산광역시 북구 덕천동,3**,전세,16.5,1500,0,1988,만덕대로155번길,detatched_multiFamily
부산광역시 북구 덕천동,3**,전세,16.62,6000,0,2020,의성로83번길,detatched_multiFamily
부산광역시 북구 덕천동,3**,월세,16.84,4500,6,2014,만덕대로27번가길,detatched_multiFamily
부산광역시 북구 덕천동,3**,월세,17,2000,30,1979,의성로115번길,detatched_multiFamily
부산광역시 북구 덕천동,3**,월세,17,200,30,2010,,detatched_multiFamily
부산광역시 북구 덕천동,3**,전세,17.24,5000,0,2021,의성로83번길,detatched_multiFamily
부산광역시 북구 덕천동,3**,전세,17.25,6500,0,2020,의성로83번길,detatched_multiFamily
부산광역시 북구 덕천동,3**,전세,18,3000,0,1988,만덕대로102번가길,detatched_multiFamily
부산광역시 북구 덕천동,4**,월세,18.11,100,30,2008,만덕대로142번가길,detatched_multiFamily
부산광역시 북구 덕천동,4**,전세,18.11,2000,0,2008,만덕대로66번길,detatched_multiFamily
부산광역시 북구 덕천동,4**,전세,18.24,2500,0,2009,덕천로,detatched_multiFamily
부산광역시 북구 덕천동,3**,월세,18.33,500,30,2011,금곡대로37번길,detatched_multiFamily
부산광역시 북구 덕천동,3**,전세,18.5,5000,0,2021,의성로83번길,detatched_multiFamily
부산광역시 북구 덕천동,4**,월세,19,500,35,2017,의성로121번길,detatched_multiFamily
부산광역시 북구 덕천동,3**,전세,19,5500,0,2021,의성로83번길,detatched_multiFamily
부산광역시 북구 덕천동,3**,월세,19.25,1000,30,2021,의성로73번길,detatched_multiFamily
부산광역시 북구 덕천동,3**,전세,19.58,5000,0,2011,의성로73번길,detatched_multiFamily
부산광역시 북구 덕천동,4**,월세,19.8,500,36,2018,의성로115번길,detatched_multiFamily
부산광역시 북구 덕천동,4**,월세,19.93,2000,38,,,detatched_multiFamily
부산광역시 북구 덕천동,3**,월세,20,5500,15,2021,의성로83번길,detatched_multiFamily
부산광역시 북구 덕천동,4**,월세,20,100,33,2009,만덕대로102번가길,detatched_multiFamily
부산광역시 북구 덕천동,2**,월세,20,50,26,1985,덕천로,detatched_multiFamily
부산광역시 북구 덕천동,3**,월세,20,400,30,1988,만덕대로77번길,detatched_multiFamily
부산광역시 북구 덕천동,3**,월세,20,3000,30,2019,,detatched_multiFamily
부산광역시 북구 덕천동,3**,월세,20,5000,20,2021,의성로83번길,detatched_multiFamily
부산광역시 북구 덕천동,3**,전세,20,4500,0,2016,만덕대로77번길,detatched_multiFamily
부산광역시 북구 덕천동,4**,전세,20,4000,0,2016,만덕대로116번길,detatched_multiFamily
부산광역시 북구 덕천동,3**,전세,20,3000,0,1988,만덕대로102번가길,detatched_multiFamily
부산광역시 북구 덕천동,3**,전세,20,4500,0,2015,금곡대로26번길,detatched_multiFamily
부산광역시 북구 덕천동,3**,월세,20.11,100,40,1988,만덕대로77번길,detatched_multiFamily
부산광역시 북구 덕천동,3**,월세,20.11,200,43,1988,,detatched_multiFamily
부산광역시 북구 덕천동,3**,월세,20.11,150,32,1988,만덕대로77번길,detatched_multiFamily
부산광역시 북구 덕천동,3**,월세,20.22,2000,23,2014,만덕대로27번가길,detatched_multiFamily
부산광역시 북구 덕천동,3**,전세,21.05,4500,0,2014,만덕대로27번가길,detatched_multiFamily
부산광역시 북구 덕천동,3**,전세,21.05,5000,0,2014,만덕대로27번가길,detatched_multiFamily
부산광역시 북구 덕천동,3**,전세,21.05,5000,0,2014,만덕대로27번가길,detatched_multiFamily
부산광역시 북구 덕천동,3**,전세,21.06,4500,0,2014,만덕대로27번가길,detatched_multiFamily
부산광역시 북구 덕천동,4**,전세,21.42,4000,0,2009,만덕대로102번가길,detatched_multiFamily
부산광역시 북구 덕천동,4**,월세,21.55,1000,22,2011,의성로121번길,detatched_multiFamily
부산광역시 북구 덕천동,4**,전세,21.59,5000,0,2018,만덕대로102번가길,detatched_multiFamily
부산광역시 북구 덕천동,4**,전세,21.59,5000,0,2018,,detatched_multiFamily
부산광역시 북구 덕천동,3**,전세,21.64,7000,0,2019,만덕대로77번길,detatched_multiFamily
부산광역시 북구 덕천동,3**,전세,21.64,6000,0,2019,만덕대로77번길,detatched_multiFamily
부산광역시 북구 덕천동,3**,전세,21.64,6000,0,2019,만덕대로77번길,detatched_multiFamily
부산광역시 북구 덕천동,3**,월세,21.81,1000,30,2010,금곡대로20번길,detatched_multiFamily
부산광역시 북구 덕천동,3**,월세,22,2000,25,2019,의성로67번길,detatched_multiFamily
부산광역시 북구 덕천동,2**,전세,22,4000,0,2010,의성로127번길,detatched_multiFamily
부산광역시 북구 덕천동,6**,전세,23,2700,0,1988,금곡대로105번길,detatched_multiFamily
부산광역시 북구 덕천동,3**,전세,23.7,6000,0,2019,의성로67번길,detatched_multiFamily
부산광역시 북구 덕천동,4**,전세,24,6000,0,2017,의성로121번길,detatched_multiFamily
부산광역시 북구 덕천동,4**,월세,25,1500,5,1983,의성로121번길,detatched_multiFamily
부산광역시 북구 덕천동,3**,월세,25,500,35,2018,기찰로,detatched_multiFamily
부산광역시 북구 덕천동,3**,월세,25,500,29,2018,만덕대로155번길,detatched_multiFamily
부산광역시 북구 덕천동,4**,월세,25,500,55,2016,만덕대로142번가길,detatched_multiFamily
부산광역시 북구 덕천동,3**,월세,25,5000,20,2021,의성로83번길,detatched_multiFamily
부산광역시 북구 덕천동,3**,전세,25,4500,0,2018,만덕대로155번길,detatched_multiFamily
부산광역시 북구 덕천동,3**,전세,25,5000,0,2021,의성로83번길,detatched_multiFamily
부산광역시 북구 덕천동,4**,전세,25,5000,0,2018,의성로121번길,detatched_multiFamily
부산광역시 북구 덕천동,8**,월세,25.11,300,35,2010,모분재로15번길,detatched_multiFamily
부산광역시 북구 덕천동,2**,전세,25.38,8000,0,2012,의성로47번길,detatched_multiFamily
부산광역시 북구 덕천동,4**,전세,25.62,6500,0,2016,의성로109번길,detatched_multiFamily
부산광역시 북구 덕천동,3**,월세,25.68,500,40,2013,만덕대로27번길,detatched_multiFamily
부산광역시 북구 덕천동,3**,월세,25.68,500,40,2013,만덕대로27번길,detatched_multiFamily
부산광역시 북구 덕천동,3**,월세,25.68,2500,25,2013,만덕대로27번길,detatched_multiFamily
부산광역시 북구 덕천동,3**,전세,25.68,6000,0,2013,만덕대로27번길,detatched_multiFamily
부산광역시 북구 덕천동,3**,월세,25.75,5000,30,2021,의성로73번길,detatched_multiFamily
부산광역시 북구 덕천동,3**,월세,26.25,500,25,1980,만덕3로16번길,detatched_multiFamily
부산광역시 북구 덕천동,3**,월세,26.4,1000,20,1987,의성로73번길,detatched_multiFamily
부산광역시 북구 덕천동,3**,전세,26.44,7000,0,2018,의성로53번길,detatched_multiFamily
부산광역시 북구 덕천동,3**,전세,26.56,6000,0,2020,의성로83번길,detatched_multiFamily
부산광역시 북구 덕천동,4**,전세,26.97,6000,0,1976,의성로115번길,detatched_multiFamily
부산광역시 북구 덕천동,4**,월세,27,200,30,1978,의성로115번길,detatched_multiFamily
부산광역시 북구 덕천동,2**,전세,28,5800,0,2010,의성로127번길,detatched_multiFamily
부산광역시 북구 덕천동,3**,전세,28,6000,0,2017,만덕대로27번가길,detatched_multiFamily
부산광역시 북구 덕천동,3**,전세,29.22,10000,0,2021,의성로73번길,detatched_multiFamily
부산광역시 북구 덕천동,4**,전세,29.38,10000,0,2016,의성로109번길,detatched_multiFamily
부산광역시 북구 덕천동,4**,전세,29.38,10000,0,2016,의성로109번길,detatched_multiFamily
부산광역시 북구 덕천동,4**,전세,29.38,10000,0,2016,의성로109번길,detatched_multiFamily
부산광역시 북구 덕천동,3**,전세,29.55,9000,0,2019,의성로67번길,detatched_multiFamily
부산광역시 북구 덕천동,4**,전세,29.62,5500,0,2018,만덕대로102번가길,detatched_multiFamily
부산광역시 북구 덕천동,4**,전세,29.62,5000,0,2018,만덕대로102번가길,detatched_multiFamily
부산광역시 북구 덕천동,4**,월세,29.7,500,25,1981,만덕대로40번길,detatched_multiFamily
부산광역시 북구 덕천동,4**,월세,30,500,25,1987,만덕대로116번길,detatched_multiFamily
부산광역시 북구 덕천동,3**,월세,30,3000,40,2019,의성로67번길,detatched_multiFamily
부산광역시 북구 덕천동,3**,월세,30,2000,45,2018,기찰로,detatched_multiFamily
부산광역시 북구 덕천동,3**,월세,30,300,30,1989,만덕대로27번길,detatched_multiFamily
부산광역시 북구 덕천동,7**,월세,30.01,200,29,1989,덕천로,detatched_multiFamily
부산광역시 북구 덕천동,3**,월세,33,1500,15,1988,의성로73번길,detatched_multiFamily
부산광역시 북구 덕천동,3**,전세,33,7000,0,2019,의성로67번길,detatched_multiFamily
부산광역시 북구 덕천동,3**,전세,33,4000,0,1990,의성로77번길,detatched_multiFamily
부산광역시 북구 덕천동,4**,전세,33.03,6000,0,2016,만덕대로142번가길,detatched_multiFamily
부산광역시 북구 덕천동,3**,전세,33.1,6000,0,2020,의성로83번길,detatched_multiFamily
부산광역시 북구 덕천동,4**,전세,34,8000,0,1979,만덕대로40번길,detatched_multiFamily
부산광역시 북구 덕천동,7**,전세,35.35,8000,0,2018,함박봉로9번길,detatched_multiFamily
부산광역시 북구 덕천동,4**,전세,35.7,5500,0,2015,의성로121번길,detatched_multiFamily
부산광역시 북구 덕천동,4**,월세,36,4000,20,1979,의성로127번길,detatched_multiFamily
부산광역시 북구 덕천동,4**,전세,37.12,10000,0,2018,의성로121번길,detatched_multiFamily
부산광역시 북구 덕천동,3**,전세,37.79,6000,0,1987,금곡대로20번길,detatched_multiFamily
부산광역시 북구 덕천동,7**,월세,38,1000,30,1992,덕천로,detatched_multiFamily
부산광역시 북구 덕천동,3**,전세,38.22,10000,0,2021,의성로73번길,detatched_multiFamily
부산광역시 북구 덕천동,4**,월세,38.56,10000,15,2018,의성로121번길,detatched_multiFamily
부산광역시 북구 덕천동,4**,전세,38.56,10000,0,2018,의성로121번길,detatched_multiFamily
부산광역시 북구 덕천동,3**,월세,39.6,1000,15,1988,만덕대로155번길,detatched_multiFamily
부산광역시 북구 덕천동,3**,월세,40,2000,25,1987,의성로78번길,detatched_multiFamily
부산광역시 북구 덕천동,4**,월세,40,3000,20,1993,의성로115번길,detatched_multiFamily
부산광역시 북구 덕천동,3**,전세,40,4500,0,1989,의성로83번길,detatched_multiFamily
부산광역시 북구 덕천동,3**,월세,40.69,1000,43,1990,의성로73번길,detatched_multiFamily
부산광역시 북구 덕천동,3**,월세,40.7,500,23,1989,의성로74번길,detatched_multiFamily
부산광역시 북구 덕천동,3**,월세,40.96,2000,25,1987,의성로83번길,detatched_multiFamily
부산광역시 북구 덕천동,3**,월세,40.96,3000,20,1987,의성로83번길,detatched_multiFamily
부산광역시 북구 덕천동,4**,전세,41.24,7500,0,1988,의성로127번길,detatched_multiFamily
부산광역시 북구 덕천동,4**,월세,41.62,1000,40,1988,의성로122번길,detatched_multiFamily
부산광역시 북구 덕천동,4**,전세,42,3500,0,1991,의성로121번길,detatched_multiFamily
부산광역시 북구 덕천동,4**,월세,42.9,2000,21,1993,의성로115번길,detatched_multiFamily
부산광역시 북구 덕천동,3**,월세,42.98,3500,35,1988,만덕대로27번가길,detatched_multiFamily
부산광역시 북구 덕천동,7**,월세,43,300,40,1988,의성로121번길,detatched_multiFamily
부산광역시 북구 덕천동,4**,월세,44.62,300,30,1978,덕천2길,detatched_multiFamily
부산광역시 북구 덕천동,3**,월세,45,500,45,1989,기찰로,detatched_multiFamily
부산광역시 북구 덕천동,4**,전세,45,11000,0,,의성로121번길,detatched_multiFamily
부산광역시 북구 덕천동,4**,월세,45.3,2000,33,1979,의성로121번길,detatched_multiFamily
부산광역시 북구 덕천동,4**,월세,46,2000,10,1991,만덕대로90번길,detatched_multiFamily
부산광역시 북구 덕천동,3**,전세,47,6000,0,,만덕대로127번길,detatched_multiFamily
부산광역시 북구 덕천동,3**,전세,48.6,6000,0,1986,의성로59번길,detatched_multiFamily
부산광역시 북구 덕천동,4**,월세,49.24,2000,22,1978,만덕3로16번길,detatched_multiFamily
부산광역시 북구 덕천동,4**,월세,49.5,1000,25,1984,덕천1길,detatched_multiFamily
부산광역시 북구 덕천동,3**,월세,49.5,2000,15,1988,만덕대로142번가길,detatched_multiFamily
부산광역시 북구 덕천동,3**,월세,49.5,6000,25,1983,의성로74번길,detatched_multiFamily
부산광역시 북구 덕천동,3**,월세,49.58,1500,30,1990,만덕대로77번길,detatched_multiFamily
부산광역시 북구 덕천동,2**,월세,49.59,5500,30,1979,덕천로58번길,detatched_multiFamily
부산광역시 북구 덕천동,4**,전세,49.81,8000,0,1977,,detatched_multiFamily
부산광역시 북구 덕천동,4**,월세,50,3000,20,1984,의성로121번길,detatched_multiFamily
부산광역시 북구 덕천동,3**,월세,50.06,6000,10,2017,,detatched_multiFamily
부산광역시 북구 덕천동,7**,전세,50.22,3500,0,1992,함박봉로7번길,detatched_multiFamily
부산광역시 북구 덕천동,3**,월세,51.06,500,45,1988,만덕대로27번가길,detatched_multiFamily
부산광역시 북구 덕천동,3**,월세,51.66,500,29,2015,금곡대로26번길,detatched_multiFamily
부산광역시 북구 덕천동,3**,전세,51.66,4500,0,2015,금곡대로26번길,detatched_multiFamily
부산광역시 북구 덕천동,3**,월세,51.78,300,30,2014,만덕대로27번길,detatched_multiFamily
부산광역시 북구 덕천동,4**,월세,51.9,2000,30,2018,의성로121번길,detatched_multiFamily
부산광역시 북구 덕천동,3**,전세,51.96,8500,0,1983,의성로74번길,detatched_multiFamily
부산광역시 북구 덕천동,3**,전세,51.96,8500,0,,의성로74번길,detatched_multiFamily
부산광역시 북구 덕천동,3**,월세,52.56,4000,10,1979,만덕대로,detatched_multiFamily
부산광역시 북구 덕천동,4**,월세,53.02,300,37,2018,의성로115번길,detatched_multiFamily
부산광역시 북구 덕천동,3**,월세,55,4000,15,1987,만덕대로102번가길,detatched_multiFamily
부산광역시 북구 덕천동,4**,월세,55.4,2000,30,1979,의성로115번길,detatched_multiFamily
부산광역시 북구 덕천동,4**,전세,55.48,7500,0,1991,의성로121번길,detatched_multiFamily
부산광역시 북구 덕천동,4**,월세,56.03,2000,10,1981,의성로115번길,detatched_multiFamily
부산광역시 북구 덕천동,3**,월세,56.14,500,24,2010,금곡대로25번길,detatched_multiFamily
부산광역시 북구 덕천동,3**,월세,56.58,200,30,2020,기찰로129번길,detatched_multiFamily
부산광역시 북구 덕천동,4**,월세,56.63,2000,28,1982,의성로115번길,detatched_multiFamily
부산광역시 북구 덕천동,4**,월세,57.78,7000,15,1978,만덕대로66번길,detatched_multiFamily
부산광역시 북구 덕천동,4**,월세,57.85,2000,25,1979,의성로109번길,detatched_multiFamily
부산광역시 북구 덕천동,3**,전세,58.04,5500,0,1988,의성로53번길,detatched_multiFamily
부산광역시 북구 덕천동,7**,전세,58.68,7000,0,,함박봉로7번길,detatched_multiFamily
부산광역시 북구 덕천동,4**,월세,58.77,1500,43,2016,의성로109번길,detatched_multiFamily
부산광역시 북구 덕천동,2**,전세,59.4,10000,0,1979,덕천로58번길,detatched_multiFamily
부산광역시 북구 덕천동,4**,월세,59.5,8000,15,,의성로121번길,detatched_multiFamily
부산광역시 북구 덕천동,3**,월세,60,10000,18,2018,,detatched_multiFamily
부산광역시 북구 덕천동,4**,전세,60,10000,0,2017,의성로121번길,detatched_multiFamily
부산광역시 북구 덕천동,3**,월세,60.66,100,44,1986,의성로78번길,detatched_multiFamily
부산광역시 북구 덕천동,3**,월세,62.35,500,55,1987,의성로73번길,detatched_multiFamily
부산광역시 북구 덕천동,3**,전세,62.37,4000,0,1987,의성로53번길,detatched_multiFamily
부산광역시 북구 덕천동,3**,월세,63.15,500,43,2016,의성로73번길,detatched_multiFamily
부산광역시 북구 덕천동,3**,월세,63.15,3000,30,2016,의성로73번길,detatched_multiFamily
부산광역시 북구 덕천동,3**,전세,63.15,4500,0,2016,의성로73번길,detatched_multiFamily
부산광역시 북구 덕천동,3**,전세,63.15,5000,0,2016,의성로73번길,detatched_multiFamily
부산광역시 북구 덕천동,4**,전세,64.78,5000,0,2018,만덕대로102번가길,detatched_multiFamily
부산광역시 북구 덕천동,4**,전세,64.79,10000,0,1979,의성로115번길,detatched_multiFamily
부산광역시 북구 덕천동,3**,전세,65.01,5000,0,1984,만덕대로27번가길,detatched_multiFamily
부산광역시 북구 덕천동,7**,전세,65.61,4000,0,2002,함박봉로7번길,detatched_multiFamily
부산광역시 북구 덕천동,7**,월세,65.65,500,20,2010,만덕3로16번길,detatched_multiFamily
부산광역시 북구 덕천동,7**,월세,65.65,500,20,2010,만덕3로16번길,detatched_multiFamily
부산광역시 북구 덕천동,4**,월세,66,3000,20,1990,의성로115번길,detatched_multiFamily
부산광역시 북구 덕천동,3**,월세,66,500,25,2014,만덕대로142번가길,detatched_multiFamily
부산광역시 북구 덕천동,1**,월세,66.45,8000,17,1980,의성로127번길,detatched_multiFamily
부산광역시 북구 덕천동,3**,월세,66.73,300,30,1987,금곡대로20번길,detatched_multiFamily
부산광역시 북구 덕천동,3**,월세,66.73,500,30,1987,금곡대로20번길,detatched_multiFamily
부산광역시 북구 덕천동,1**,전세,67.34,10000,0,1980,의성로127번길,detatched_multiFamily
부산광역시 북구 덕천동,4**,월세,68.4,500,65,2012,덕천로,detatched_multiFamily
부산광역시 북구 덕천동,3**,월세,68.9,1000,40,2016,만덕대로77번길,detatched_multiFamily
부산광역시 북구 덕천동,4**,월세,69.25,1000,65,2016,의성로109번길,detatched_multiFamily
부산광역시 북구 덕천동,3**,월세,69.42,9500,10,1986,의성로59번길,detatched_multiFamily
부산광역시 북구 덕천동,4**,월세,69.66,5000,30,1983,의성로115번길,detatched_multiFamily
부산광역시 북구 덕천동,3**,월세,69.68,1000,30,1988,의성로53번길,detatched_multiFamily
부산광역시 북구 덕천동,4**,월세,70.11,3000,30,1984,의성로115번길,detatched_multiFamily
부산광역시 북구 덕천동,3**,월세,70.54,300,30,2014,만덕대로65번길,detatched_multiFamily
부산광역시 북구 덕천동,3**,전세,70.54,5000,0,2014,만덕대로65번길,detatched_multiFamily
부산광역시 북구 덕천동,6**,월세,70.81,8000,10,1992,금곡대로123번길,detatched_multiFamily
부산광역시 북구 덕천동,3**,월세,71.43,2000,30,1984,금곡대로20번길,detatched_multiFamily
부산광역시 북구 덕천동,3**,전세,71.52,9000,0,1985,만덕대로39번길,detatched_multiFamily
부산광역시 북구 덕천동,3**,월세,72.07,1000,30,1979,만덕대로142번길,detatched_multiFamily
부산광역시 북구 덕천동,3**,월세,72.56,300,35,2018,만덕대로155번길,detatched_multiFamily
부산광역시 북구 덕천동,3**,월세,72.84,5000,20,1986,의성로59번길,detatched_multiFamily
부산광역시 북구 덕천동,3**,월세,73,5000,15,2021,의성로83번길,detatched_multiFamily
부산광역시 북구 덕천동,4**,월세,73.28,2000,40,1984,의성로127번길,detatched_multiFamily
부산광역시 북구 덕천동,3**,월세,73.33,2500,15,1985,만덕대로39번길,detatched_multiFamily
부산광역시 북구 덕천동,4**,월세,73.71,3000,30,1985,만덕대로90번길,detatched_multiFamily
부산광역시 북구 덕천동,3**,월세,73.83,1000,22,2008,만덕대로27번길,detatched_multiFamily
부산광역시 북구 덕천동,4**,전세,74.24,10000,0,2018,의성로121번길,detatched_multiFamily
부산광역시 북구 덕천동,3**,월세,74.96,3000,40,1987,만덕대로77번길,detatched_multiFamily
부산광역시 북구 덕천동,3**,월세,76.28,100,26,2010,금곡대로19번길,detatched_multiFamily
부산광역시 북구 덕천동,3**,전세,76.45,10000,0,2021,의성로73번길,detatched_multiFamily
부산광역시 북구 덕천동,3**,월세,77.04,500,38,2013,만덕대로27번길,detatched_multiFamily
부산광역시 북구 덕천동,4**,월세,77.12,6000,15,,의성로115번길,detatched_multiFamily
부산광역시 북구 덕천동,3**,월세,77.4,9000,14,1988,만덕대로65번길,detatched_multiFamily
부산광역시 북구 덕천동,3**,전세,77.94,11000,0,1989,의성로83번길,detatched_multiFamily
부산광역시 북구 덕천동,3**,전세,77.94,11000,0,1989,의성로83번길,detatched_multiFamily
부산광역시 북구 덕천동,4**,월세,78.4,100,30,2011,의성로121번길,detatched_multiFamily
부산광역시 북구 덕천동,7**,월세,78.75,500,25,1989,의성로121번길,detatched_multiFamily
부산광역시 북구 덕천동,3**,월세,78.84,2000,50,1988,만덕대로,detatched_multiFamily
부산광역시 북구 덕천동,3**,월세,79.1,1000,25,1986,금곡대로,detatched_multiFamily
부산광역시 북구 덕천동,7**,월세,79.2,1000,65,1993,함박봉로9번길,detatched_multiFamily
부산광역시 북구 덕천동,3**,월세,79.5,1000,40,1982,의성로115번길,detatched_multiFamily
부산광역시 북구 덕천동,4**,월세,80.36,2000,22,2016,만덕대로116번길,detatched_multiFamily
부산광역시 북구 덕천동,4**,전세,80.36,4000,0,2016,만덕대로116번길,detatched_multiFamily
부산광역시 북구 덕천동,4**,월세,80.43,1000,40,1981,만덕대로168번길,detatched_multiFamily
부산광역시 북구 덕천동,3**,월세,81.7,3000,35,2021,의성로83번길,detatched_multiFamily
부산광역시 북구 덕천동,7**,월세,81.98,3000,28,1981,함박봉로7번길,detatched_multiFamily
부산광역시 북구 덕천동,2**,월세,82.28,6000,50,1981,덕천로,detatched_multiFamily
부산광역시 북구 덕천동,4**,월세,82.32,500,39,2017,만덕대로78번길,detatched_multiFamily
부산광역시 북구 덕천동,3**,월세,82.42,2000,45,2016,만덕대로77번길,detatched_multiFamily
부산광역시 북구 덕천동,3**,월세,83.16,2500,20,1991,의성로77번길,detatched_multiFamily
부산광역시 북구 덕천동,3**,월세,83.55,500,22,2018,의성로53번길,detatched_multiFamily
부산광역시 북구 덕천동,3**,전세,83.55,8000,0,2018,의성로53번길,detatched_multiFamily
부산광역시 북구 덕천동,3**,전세,83.55,8000,0,2018,의성로53번길,detatched_multiFamily
부산광역시 북구 덕천동,3**,전세,83.55,4000,0,2018,의성로53번길,detatched_multiFamily
부산광역시 북구 덕천동,4**,월세,83.97,1000,35,1979,의성로121번길,detatched_multiFamily
부산광역시 북구 덕천동,3**,월세,84.3,300,30,1990,의성로83번길,detatched_multiFamily
부산광역시 북구 덕천동,3**,월세,84.62,1000,29,1985,의성로74번길,detatched_multiFamily
부산광역시 북구 덕천동,3**,월세,85.14,500,40,2014,의성로67번길,detatched_multiFamily
부산광역시 북구 덕천동,4**,전세,86.25,3000,0,2008,만덕대로142번가길,detatched_multiFamily
부산광역시 북구 덕천동,4**,전세,88.68,11000,0,2015,의성로121번길,detatched_multiFamily
부산광역시 북구 덕천동,8**,월세,88.8,100,32,2010,모분재로15번길,detatched_multiFamily
부산광역시 북구 덕천동,8**,월세,88.8,100,34,2010,모분재로15번길,detatched_multiFamily
부산광역시 북구 덕천동,3**,월세,88.87,300,40,2018,기찰로,detatched_multiFamily
부산광역시 북구 덕천동,3**,월세,89.25,100,30,2008,금곡대로19번길,detatched_multiFamily
부산광역시 북구 덕천동,3**,월세,89.76,3000,20,,의성로73번길,detatched_multiFamily
부산광역시 북구 덕천동,3**,월세,92.26,1000,30,1988,만덕대로77번길,detatched_multiFamily
부산광역시 북구 덕천동,4**,월세,93.79,50,25,2010,만덕대로142번가길,detatched_multiFamily
부산광역시 북구 덕천동,4**,전세,94.53,8000,0,,의성로115번길,detatched_multiFamily
부산광역시 북구 덕천동,4**,전세,94.53,8000,0,1979,의성로115번길,detatched_multiFamily
부산광역시 북구 덕천동,7**,월세,95.41,300,32,1992,덕천로,detatched_multiFamily
부산광역시 북구 덕천동,3**,월세,97.32,200,30,1987,의성로78번길,detatched_multiFamily
부산광역시 북구 덕천동,3**,전세,97.92,5000,0,2011,의성로73번길,detatched_multiFamily
부산광역시 북구 덕천동,3**,전세,97.92,4000,0,2011,의성로73번길,detatched_multiFamily
부산광역시 북구 덕천동,4**,월세,100,1000,40,1978,의성로115번길,detatched_multiFamily
부산광역시 북구 덕천동,4**,월세,105,2000,15,2016,만덕대로116번길,detatched_multiFamily
부산광역시 북구 덕천동,3**,월세,109.28,2000,23,2011,의성로73번길,detatched_multiFamily
부산광역시 북구 덕천동,3**,월세,109.28,500,40,2011,의성로73번길,detatched_multiFamily
부산광역시 북구 덕천동,2**,월세,112.8,5000,35,2019,덕천로58번길,detatched_multiFamily
부산광역시 북구 덕천동,2**,월세,112.8,5000,30,2019,덕천로58번길,detatched_multiFamily
부산광역시 북구 덕천동,3**,월세,113.84,200,32,2010,만덕대로155번길,detatched_multiFamily
부산광역시 북구 덕천동,2**,월세,115.94,2500,28,2017,덕천로,detatched_multiFamily
부산광역시 북구 덕천동,2**,전세,115.94,7000,0,2017,덕천로,detatched_multiFamily
부산광역시 북구 덕천동,2**,전세,115.94,6500,0,2017,덕천로,detatched_multiFamily
부산광역시 북구 덕천동,3**,월세,120.8,1000,35,1986,의성로78번길,detatched_multiFamily
부산광역시 북구 덕천동,4**,월세,122.03,100,30,2009,의성로121번길,detatched_multiFamily
부산광역시 북구 덕천동,3**,전세,129,4500,0,1988,의성로83번길,detatched_multiFamily
부산광역시 북구 덕천동,2**,전세,136.76,7000,0,2017,덕천로,detatched_multiFamily
부산광역시 북구 덕천동,3**,월세,137,100,29,1986,의성로78번길,detatched_multiFamily
부산광역시 북구 덕천동,7**,월세,146.6,200,35,1989,의성로121번길,detatched_multiFamily
부산광역시 북구 덕천동,3**,전세,149.76,10000,0,2019,의성로67번길,detatched_multiFamily
부산광역시 북구 덕천동,7**,전세,154.77,14000,0,1990,만덕대로142번길,detatched_multiFamily
부산광역시 북구 덕천동,3**,전세,174.24,7000,0,2019,의성로67번길,detatched_multiFamily
부산광역시 북구 덕천동,4**,전세,198.7,7500,0,1988,의성로127번길,detatched_multiFamily
부산광역시 북구 덕천동,3**,월세,198.72,300,34,1987,금곡대로8번길,detatched_multiFamily
부산광역시 북구 만덕동,3**,월세,13.32,10,35,1995,중리로,detatched_multiFamily
부산광역시 북구 만덕동,7**,전세,16,3000,0,2009,,detatched_multiFamily
부산광역시 북구 만덕동,6**,월세,17.6,30,10,1979,만덕1로51번길,detatched_multiFamily
부산광역시 북구 만덕동,7**,월세,17.89,800,50,1984,만덕1로,detatched_multiFamily
부산광역시 북구 만덕동,2**,월세,18.24,3000,8,2019,덕천로275번길,detatched_multiFamily
부산광역시 북구 만덕동,7**,월세,19.17,100,50,2019,,detatched_multiFamily
부산광역시 북구 만덕동,7**,전세,19.18,7000,0,,만덕3로,detatched_multiFamily
부산광역시 북구 만덕동,9**,전세,19.8,2000,0,1991,,detatched_multiFamily
부산광역시 북구 만덕동,8**,월세,19.9,1000,27,1988,상리로36번길,detatched_multiFamily
부산광역시 북구 만덕동,7**,월세,20,1500,5,1992,만덕3로33번길,detatched_multiFamily
부산광역시 북구 만덕동,7**,월세,22,500,15,1989,만덕3로33번길,detatched_multiFamily
부산광역시 북구 만덕동,6**,월세,22,200,40,2019,만덕1로51번길,detatched_multiFamily
부산광역시 북구 만덕동,8**,전세,22,3000,0,2009,덕천로,detatched_multiFamily
부산광역시 북구 만덕동,8**,전세,22.55,3000,0,2009,덕천로,detatched_multiFamily
부산광역시 북구 만덕동,7**,월세,22.59,1000,50,2019,만덕3로,detatched_multiFamily
부산광역시 북구 만덕동,7**,전세,23.4,6000,0,2019,만덕3로,detatched_multiFamily
부산광역시 북구 만덕동,8**,월세,24.74,1000,25,1986,상리로18번다길,detatched_multiFamily
부산광역시 북구 만덕동,8**,월세,25,1000,25,1987,덕천로364번길,detatched_multiFamily
부산광역시 북구 만덕동,9**,월세,25,300,30,2011,만덕3로57번길,detatched_multiFamily
부산광역시 북구 만덕동,7**,전세,25.87,5000,0,2012,만덕대로178번길,detatched_multiFamily
부산광역시 북구 만덕동,3**,월세,26,200,37,2010,만덕2로29번길,detatched_multiFamily
부산광역시 북구 만덕동,7**,월세,26.45,100,15,1987,만덕3로15번길,detatched_multiFamily
부산광역시 북구 만덕동,7**,월세,28.59,3000,24,2019,만덕3로,detatched_multiFamily
부산광역시 북구 만덕동,7**,월세,29,7000,25,2019,만덕3로,detatched_multiFamily
부산광역시 북구 만덕동,7**,월세,29.27,6500,10,2019,만덕3로,detatched_multiFamily
부산광역시 북구 만덕동,3**,월세,29.9,200,38,2010,만덕2로29번길,detatched_multiFamily
부산광역시 북구 만덕동,8**,월세,30,100,30,1992,상학산복길,detatched_multiFamily
부산광역시 북구 만덕동,8**,월세,30,200,15,,덕천로312번가길,detatched_multiFamily
부산광역시 북구 만덕동,7**,전세,30,3500,0,1991,만덕3로33번길,detatched_multiFamily
부산광역시 북구 만덕동,8**,전세,30,1500,0,1986,덕천로312번가길,detatched_multiFamily
부산광역시 북구 만덕동,7**,월세,33,300,30,1988,만덕3로15번길,detatched_multiFamily
부산광역시 북구 만덕동,7**,월세,33,3000,10,1987,만덕3로15번길,detatched_multiFamily
부산광역시 북구 만덕동,7**,전세,33,6000,0,2019,만덕3로,detatched_multiFamily
부산광역시 북구 만덕동,7**,월세,33.1,500,50,2019,만덕3로,detatched_multiFamily
부산광역시 북구 만덕동,3**,월세,33.85,300,40,2017,중리로20번가길,detatched_multiFamily
부산광역시 북구 만덕동,7**,월세,35,300,27,1988,만덕3로23번길,detatched_multiFamily
부산광역시 북구 만덕동,7**,월세,35.68,4000,35,2019,만덕3로,detatched_multiFamily
부산광역시 북구 만덕동,8**,월세,36,500,15,1988,덕천로380번길,detatched_multiFamily
부산광역시 북구 만덕동,9**,월세,36.49,2500,23,2011,만덕3로57번길,detatched_multiFamily
부산광역시 북구 만덕동,2**,전세,37.16,3500,0,1979,만덕2로11번길,detatched_multiFamily
부산광역시 북구 만덕동,8**,월세,37.26,500,20,1988,덕천로348번길,detatched_multiFamily
부산광역시 북구 만덕동,6**,월세,40,1000,18,1988,만덕1로51번길,detatched_multiFamily
부산광역시 북구 만덕동,8**,월세,40,1000,30,1977,만덕1로,detatched_multiFamily
부산광역시 북구 만덕동,9**,월세,40,1500,30,1991,만덕3로57번길,detatched_multiFamily
부산광역시 북구 만덕동,9**,월세,40,500,25,1994,만덕3로,detatched_multiFamily
부산광역시 북구 만덕동,7**,전세,41,5000,0,1988,만덕3로33번길,detatched_multiFamily
부산광역시 북구 만덕동,6**,월세,41.32,2000,30,1978,만덕1로51번길,detatched_multiFamily
부산광역시 북구 만덕동,8**,월세,41.84,500,35,1987,상리로,detatched_multiFamily
부산광역시 북구 만덕동,8**,월세,42.7,1000,30,1991,상리로18번라길,detatched_multiFamily
부산광역시 북구 만덕동,9**,월세,42.98,2000,20,1991,만덕3로51번길,detatched_multiFamily
부산광역시 북구 만덕동,6**,월세,43.37,1000,18,1983,만덕1로,detatched_multiFamily
부산광역시 북구 만덕동,6**,월세,43.37,5000,15,1983,만덕1로,detatched_multiFamily
부산광역시 북구 만덕동,6**,월세,43.9,500,25,1979,만덕1로51번길,detatched_multiFamily
부산광역시 북구 만덕동,7**,월세,44,500,20,1992,만덕3로33번길,detatched_multiFamily
부산광역시 북구 만덕동,8**,월세,45,100,17,1987,덕천로300번길,detatched_multiFamily
부산광역시 북구 만덕동,9**,월세,45,1000,20,1992,만덕3로,detatched_multiFamily
부산광역시 북구 만덕동,8**,월세,45,3000,20,1987,덕천로298번길,detatched_multiFamily
부산광역시 북구 만덕동,3**,월세,45,1000,18,1987,덕천로307번길,detatched_multiFamily
부산광역시 북구 만덕동,8**,월세,45,3500,20,1987,덕천로344번길,detatched_multiFamily
부산광역시 북구 만덕동,8**,전세,45,2000,0,1987,,detatched_multiFamily
부산광역시 북구 만덕동,8**,월세,45.12,500,15,1992,덕천로312번가길,detatched_multiFamily
부산광역시 북구 만덕동,2**,월세,45.95,4000,15,1984,만덕2로,detatched_multiFamily
부산광역시 북구 만덕동,8**,전세,46.3,3300,0,1986,상리로18번다길,detatched_multiFamily
부산광역시 북구 만덕동,3**,월세,47,1700,20,,만덕2로17번길,detatched_multiFamily
부산광역시 북구 만덕동,8**,월세,47.42,500,40,1986,상리로,detatched_multiFamily
부산광역시 북구 만덕동,9**,월세,48,500,25,1991,만덕3로57번길,detatched_multiFamily
부산광역시 북구 만덕동,9**,월세,49.32,1000,30,1992,만덕3로57번길,detatched_multiFamily
부산광역시 북구 만덕동,9**,월세,49.44,1000,20,1993,만덕3로57번길,detatched_multiFamily
부산광역시 북구 만덕동,3**,월세,49.5,5000,15,1988,만덕2로17번길,detatched_multiFamily
부산광역시 북구 만덕동,9**,월세,50,1000,24,1992,만덕3로48번나길,detatched_multiFamily
부산광역시 북구 만덕동,8**,월세,50,1000,25,1988,상리로36번길,detatched_multiFamily
부산광역시 북구 만덕동,8**,월세,50,2000,30,1987,덕천로376번길,detatched_multiFamily
부산광역시 북구 만덕동,8**,월세,50,500,30,1989,덕천로276번길,detatched_multiFamily
부산광역시 북구 만덕동,9**,전세,50,5000,0,1991,만덕3로48번가길,detatched_multiFamily
부산광역시 북구 만덕동,9**,전세,50,5000,0,1993,만덕3로48번다길,detatched_multiFamily
부산광역시 북구 만덕동,2**,전세,50.58,4800,0,1996,만덕대로290번길,detatched_multiFamily
부산광역시 북구 만덕동,9**,전세,51.7,7000,0,1992,만덕3로48번가길,detatched_multiFamily
부산광역시 북구 만덕동,6**,월세,52.38,2000,25,1985,만덕1로51번길,detatched_multiFamily
부산광역시 북구 만덕동,6**,월세,52.38,2000,25,1985,만덕1로51번길,detatched_multiFamily
부산광역시 북구 만덕동,2**,월세,52.89,2000,35,1987,덕천로275번길,detatched_multiFamily
부산광역시 북구 만덕동,9**,월세,54,2000,20,1993,만덕3로48번나길,detatched_multiFamily
부산광역시 북구 만덕동,9**,월세,54,3000,10,1993,만덕3로48번나길,detatched_multiFamily
부산광역시 북구 만덕동,9**,월세,54.5,500,30,1992,만덕3로,detatched_multiFamily
부산광역시 북구 만덕동,9**,전세,54.5,4500,0,1992,만덕3로,detatched_multiFamily
부산광역시 북구 만덕동,3**,월세,55,500,25,1986,만덕2로17번길,detatched_multiFamily
부산광역시 북구 만덕동,9**,월세,55,1000,25,1994,만덕3로,detatched_multiFamily
부산광역시 북구 만덕동,1**,전세,55.3,5000,0,1991,덕천로,detatched_multiFamily
부산광역시 북구 만덕동,9**,월세,56.1,500,28,1992,만덕3로57번길,detatched_multiFamily
부산광역시 북구 만덕동,6**,월세,57.58,1000,20,1986,만덕1로51번가길,detatched_multiFamily
부산광역시 북구 만덕동,8**,월세,58,7000,20,1987,,detatched_multiFamily
부산광역시 북구 만덕동,3**,월세,58.14,6500,20,1985,중리로3번길,detatched_multiFamily
부산광역시 북구 만덕동,8**,월세,59,1000,35,1985,덕천로,detatched_multiFamily
부산광역시 북구 만덕동,7**,월세,59.4,2000,15,1990,만덕3로33번길,detatched_multiFamily
부산광역시 북구 만덕동,8**,월세,60,500,40,1986,덕천로348번길,detatched_multiFamily
부산광역시 북구 만덕동,9**,월세,60,300,20,1991,만덕3로48번가길,detatched_multiFamily
부산광역시 북구 만덕동,9**,전세,60,5000,0,1991,만덕3로48번가길,detatched_multiFamily
부산광역시 북구 만덕동,8**,전세,60.45,4000,0,1985,덕천로380번길,detatched_multiFamily
부산광역시 북구 만덕동,9**,월세,60.97,2000,30,1991,만덕3로,detatched_multiFamily
부산광역시 북구 만덕동,9**,월세,61,500,28,1991,만덕3로48번가길,detatched_multiFamily
부산광역시 북구 만덕동,6**,전세,61.15,5500,0,1979,만덕1로51번길,detatched_multiFamily
부산광역시 북구 만덕동,6**,월세,61.59,3000,25,1988,만덕1로51번길,detatched_multiFamily
부산광역시 북구 만덕동,8**,월세,62.34,1500,30,1985,덕천로336번길,detatched_multiFamily
부산광역시 북구 만덕동,2**,전세,64.97,3700,0,2019,,detatched_multiFamily
부산광역시 북구 만덕동,6**,전세,65.01,6000,0,1986,만덕1로51번가길,detatched_multiFamily
부산광역시 북구 만덕동,2**,월세,67.23,6000,23,1987,덕천로275번길,detatched_multiFamily
부산광역시 북구 만덕동,7**,월세,67.95,2000,20,1983,만덕1로,detatched_multiFamily
부산광역시 북구 만덕동,8**,월세,69.54,2000,30,1988,덕천로376번길,detatched_multiFamily
부산광역시 북구 만덕동,8**,월세,71.5,2000,30,1987,덕천로380번길,detatched_multiFamily
부산광역시 북구 만덕동,6**,월세,73.28,200,15,1986,만덕1로51번가길,detatched_multiFamily
부산광역시 북구 만덕동,6**,전세,73.56,7000,0,1985,만덕1로51번가길,detatched_multiFamily
부산광역시 북구 만덕동,8**,월세,73.7,2000,35,1986,은행나무로60번길,detatched_multiFamily
부산광역시 북구 만덕동,8**,월세,74.74,4000,30,1985,은행나무로,detatched_multiFamily
부산광역시 북구 만덕동,9**,월세,76.44,3000,30,1993,만덕3로48번나길,detatched_multiFamily
부산광역시 북구 만덕동,2**,전세,77.55,20000,0,1987,덕천로275번길,detatched_multiFamily
부산광역시 북구 만덕동,9**,월세,79.48,1000,30,1991,만덕3로57번길,detatched_multiFamily
부산광역시 북구 만덕동,8**,월세,79.5,2000,40,1988,덕천로370번길,detatched_multiFamily
부산광역시 북구 만덕동,6**,월세,79.6,2000,30,1979,만덕1로51번길,detatched_multiFamily
부산광역시 북구 만덕동,8**,월세,79.67,8000,5,1988,상리로58번길,detatched_multiFamily
부산광역시 북구 만덕동,8**,월세,80,2000,30,1988,은행나무로,detatched_multiFamily
부산광역시 북구 만덕동,7**,전세,80.95,2000,0,1985,만덕1로,detatched_multiFamily
부산광역시 북구 만덕동,2**,월세,83.48,3000,25,1987,만덕2로44번길,detatched_multiFamily
부산광역시 북구 만덕동,8**,월세,84.51,5000,93,1987,은행나무로23번길,detatched_multiFamily
부산광역시 북구 만덕동,7**,월세,84.87,2000,50,,만덕3로,detatched_multiFamily
부산광역시 북구 만덕동,9**,월세,85.43,1000,40,1991,만덕3로,detatched_multiFamily
부산광역시 북구 만덕동,8**,월세,86.13,5000,30,1988,덕천로294번길,detatched_multiFamily
부산광역시 북구 만덕동,8**,월세,86.61,5000,30,1987,덕천로370번길,detatched_multiFamily
부산광역시 북구 만덕동,8**,전세,87.1,8000,0,2021,,detatched_multiFamily
부산광역시 북구 만덕동,8**,월세,88.08,3000,57,1987,은행나무로23번길,detatched_multiFamily
부산광역시 북구 만덕동,8**,월세,89.01,2000,30,1986,상리로36번길,detatched_multiFamily
부산광역시 북구 만덕동,8**,월세,89.07,2000,35,1986,덕천로326번길,detatched_multiFamily
부산광역시 북구 만덕동,8**,월세,89.82,7000,30,1987,덕천로298번길,detatched_multiFamily
부산광역시 북구 만덕동,8**,전세,91.8,10000,0,1991,덕천로276번길,detatched_multiFamily
부산광역시 북구 만덕동,2**,월세,93.01,3000,30,1992,덕천로275번길,detatched_multiFamily
부산광역시 북구 만덕동,8**,전세,94.96,2900,0,1986,은행나무로,detatched_multiFamily
부산광역시 북구 만덕동,9**,월세,111.87,2000,40,1991,덕천로,detatched_multiFamily
부산광역시 북구 만덕동,3**,월세,115.78,7000,10,1984,만덕2로,detatched_multiFamily
부산광역시 북구 만덕동,8**,월세,195.77,2000,50,1991,만덕1로,detatched_multiFamily
부산광역시 북구 화명동,1***,전세,15,5000,0,1987,금곡대로330번가길,detatched_multiFamily
부산광역시 북구 화명동,1***,월세,16.5,200,26,1988,와석장터로,detatched_multiFamily
부산광역시 북구 화명동,1***,월세,20,500,30,2012,용당로9번길,detatched_multiFamily
부산광역시 북구 화명동,2***,월세,20.1,2000,50,2020,용당로16번길,detatched_multiFamily
부산광역시 북구 화명동,2***,월세,21,1000,35,2002,용당로20번길,detatched_multiFamily
부산광역시 북구 화명동,2***,월세,22.33,200,35,2010,용당로16번길,detatched_multiFamily
부산광역시 북구 화명동,1***,전세,22.82,4500,0,2011,산성로,detatched_multiFamily
부산광역시 북구 화명동,1***,전세,22.82,9000,0,2020,산성로12번길,detatched_multiFamily
부산광역시 북구 화명동,1***,월세,23.1,500,30,2010,금곡대로318번길,detatched_multiFamily
부산광역시 북구 화명동,2***,월세,23.5,500,25,2002,화명신도시로,detatched_multiFamily
부산광역시 북구 화명동,1***,월세,24.8,500,37,2010,용당로9번길,detatched_multiFamily
부산광역시 북구 화명동,1***,월세,24.8,300,37,2010,용당로9번길,detatched_multiFamily
부산광역시 북구 화명동,1***,월세,25.06,500,30,2012,금곡대로318번길,detatched_multiFamily
부산광역시 북구 화명동,1***,월세,25.37,500,30,2010,금곡대로318번길,detatched_multiFamily
부산광역시 북구 화명동,1***,월세,26.4,1000,30,2010,금곡대로318번길,detatched_multiFamily
부산광역시 북구 화명동,2***,월세,27.23,1000,40,2020,용당로20번길,detatched_multiFamily
부산광역시 북구 화명동,8**,월세,28.15,1000,42,2016,금곡대로200번길,detatched_multiFamily
부산광역시 북구 화명동,8**,월세,28.15,1000,42,2016,금곡대로200번길,detatched_multiFamily
부산광역시 북구 화명동,1***,전세,29.84,9000,0,2020,산성로12번길,detatched_multiFamily
부산광역시 북구 화명동,2***,월세,29.89,500,37,2012,화명대로12번길,detatched_multiFamily
부산광역시 북구 화명동,3**,월세,30,100,24,1980,산성로,detatched_multiFamily
부산광역시 북구 화명동,1***,월세,30,300,14,1989,와석장터로21번길,detatched_multiFamily
부산광역시 북구 화명동,1***,전세,33.2,6500,0,2011,산성로,detatched_multiFamily
부산광역시 북구 화명동,1***,전세,33.2,6500,0,2011,산성로,detatched_multiFamily
부산광역시 북구 화명동,3**,월세,43,2000,12,1988,산성로,detatched_multiFamily
부산광역시 북구 화명동,1***,월세,45,2000,25,1989,와석장터로17번길,detatched_multiFamily
부산광역시 북구 화명동,1***,월세,45,1000,50,2012,용당로9번길,detatched_multiFamily
부산광역시 북구 화명동,1***,월세,47,1000,35,1988,와석장터로17번길,detatched_multiFamily
부산광역시 북구 화명동,1***,월세,47,500,30,1989,와석장터로17번길,detatched_multiFamily
부산광역시 북구 화명동,1***,전세,50,6000,0,1987,금곡대로318번길,detatched_multiFamily
부산광역시 북구 화명동,2***,전세,59.69,18907,0,,,detatched_multiFamily
부산광역시 북구 화명동,1***,월세,66,10000,25,1990,금곡대로324번길,detatched_multiFamily
부산광역시 북구 화명동,1***,월세,66.41,8000,10,1988,와석장터로21번길,detatched_multiFamily
부산광역시 북구 화명동,3**,월세,69.23,1000,28,1999,산성로67번길,detatched_multiFamily
부산광역시 북구 화명동,1***,월세,76.62,500,47,2018,금곡대로330번가길,detatched_multiFamily
부산광역시 북구 화명동,3**,월세,77.1,300,30,1987,산성로,detatched_multiFamily
부산광역시 북구 화명동,1***,월세,82.6,2000,30,1988,금곡대로330번가길,detatched_multiFamily
부산광역시 북구 화명동,8**,월세,84.46,500,45,2016,금곡대로200번길,detatched_multiFamily
부산광역시 북구 화명동,8**,월세,84.46,300,40,2016,금곡대로200번길,detatched_multiFamily
부산광역시 북구 화명동,8**,월세,84.46,300,42,2016,금곡대로200번길,detatched_multiFamily
부산광역시 북구 화명동,4**,월세,84.63,2000,37,2013,산성로48번길,detatched_multiFamily
부산광역시 북구 화명동,1***,월세,87.3,1000,45,1989,와석장터로17번길,detatched_multiFamily
부산광역시 북구 화명동,1***,전세,93.3,17000,0,1987,,detatched_multiFamily
부산광역시 북구 화명동,1***,월세,95.82,8000,45,2014,산성로12번길,detatched_multiFamily
부산광역시 북구 화명동,1***,월세,95.94,3000,70,1990,금곡대로324번길,detatched_multiFamily
부산광역시 북구 화명동,1***,월세,95.94,3000,70,1990,금곡대로324번길,detatched_multiFamily
부산광역시 북구 화명동,3**,월세,96.32,1500,15,1988,산성로67번길,detatched_multiFamily
부산광역시 북구 화명동,1***,월세,99.04,1000,36,2015,금곡대로330번가길,detatched_multiFamily
부산광역시 북구 화명동,1***,월세,99.04,1000,40,2015,금곡대로330번가길,detatched_multiFamily
부산광역시 북구 화명동,1***,월세,133.61,1000,38,2012,금곡대로318번길,detatched_multiFamily
부산광역시 북구 화명동,1***,월세,133.61,1000,38,2012,금곡대로318번길,detatched_multiFamily
부산광역시 북구 화명동,1***,월세,135.3,1300,38,2015,금곡대로330번가길,detatched_multiFamily
부산광역시 북구 화명동,1***,월세,135.3,2000,43,2015,금곡대로330번가길,detatched_multiFamily
부산광역시 북구 화명동,1***,월세,135.3,2000,35,2015,금곡대로330번가길,detatched_multiFamily
부산광역시 북구 화명동,1***,월세,135.3,1000,35,2015,금곡대로330번가길,detatched_multiFamily
부산광역시 북구 화명동,1***,월세,135.3,1000,45,2015,금곡대로330번가길,detatched_multiFamily
부산광역시 북구 화명동,1***,월세,135.3,1000,45,2015,금곡대로330번가길,detatched_multiFamily
부산광역시 북구 화명동,1***,월세,135.3,1500,33,2015,금곡대로330번가길,detatched_multiFamily
부산광역시 북구 화명동,1***,월세,135.3,1000,35,2015,금곡대로330번가길,detatched_multiFamily
부산광역시 북구 화명동,1***,월세,135.3,500,41,2015,금곡대로330번가길,detatched_multiFamily
부산광역시 북구 화명동,1***,전세,136.9,5000,0,2011,산성로,detatched_multiFamily
부산광역시 북구 화명동,1***,전세,136.9,4500,0,2011,산성로,detatched_multiFamily
부산광역시 북구 화명동,4**,월세,156.78,1000,20,1988,산성로48번길,detatched_multiFamily
부산광역시 사상구 감전동,1**,월세,14.23,100,20,1986,새벽로194번길,detatched_multiFamily
부산광역시 사상구 감전동,1**,월세,14.96,2000,25,,괘감로,detatched_multiFamily
부산광역시 사상구 감전동,1**,월세,15.48,8000,12,2020,새벽로,detatched_multiFamily
부산광역시 사상구 감전동,1**,월세,15.48,8000,12,2020,새벽로,detatched_multiFamily
부산광역시 사상구 감전동,1**,월세,15.48,8000,12,2020,새벽로,detatched_multiFamily
부산광역시 사상구 감전동,1**,월세,16.5,200,20,1977,대동로,detatched_multiFamily
부산광역시 사상구 감전동,1**,월세,18,2000,25,1978,새벽시장로56번가길,detatched_multiFamily
부산광역시 사상구 감전동,1**,월세,18.79,1000,55,2020,새벽로,detatched_multiFamily
부산광역시 사상구 감전동,1**,월세,18.79,1000,55,2020,새벽로,detatched_multiFamily
부산광역시 사상구 감전동,1**,월세,18.95,200,35,1988,대동로323번길,detatched_multiFamily
부산광역시 사상구 감전동,1**,월세,20,200,28,1978,사상로161번길,detatched_multiFamily
부산광역시 사상구 감전동,1**,월세,20,1000,25,1988,대동로323번길,detatched_multiFamily
부산광역시 사상구 감전동,1**,월세,20.21,4000,35,2020,새벽로,detatched_multiFamily
부산광역시 사상구 감전동,1**,월세,20.21,4000,35,2020,새벽로,detatched_multiFamily
부산광역시 사상구 감전동,1**,월세,21.85,500,38,2020,새벽로,detatched_multiFamily
부산광역시 사상구 감전동,1**,월세,23.2,400,40,2009,새벽시장로45번길,detatched_multiFamily
부산광역시 사상구 감전동,1**,월세,25,1000,25,1974,새벽시장로,detatched_multiFamily
부산광역시 사상구 감전동,1**,월세,26.44,500,30,1983,새벽로167번길,detatched_multiFamily
부산광역시 사상구 감전동,3**,월세,26.5,1000,23,1976,사상로90번길,detatched_multiFamily
부산광역시 사상구 감전동,1**,월세,26.83,1500,40,2020,새벽로,detatched_multiFamily
부산광역시 사상구 감전동,1**,전세,30,6000,0,1978,대동로,detatched_multiFamily
부산광역시 사상구 감전동,1**,전세,30,3700,0,1989,새벽로167번길,detatched_multiFamily
부산광역시 사상구 감전동,1**,월세,33,2000,10,1975,새벽로,detatched_multiFamily
부산광역시 사상구 감전동,1**,전세,33.32,2000,0,1990,새벽시장로,detatched_multiFamily
부산광역시 사상구 감전동,1**,월세,35,300,20,1991,새벽시장로56번가길,detatched_multiFamily
부산광역시 사상구 감전동,1**,전세,35,4000,0,1991,새벽시장로64번길,detatched_multiFamily
부산광역시 사상구 감전동,1**,전세,36.6,4500,0,1977,새벽로168번길,detatched_multiFamily
부산광역시 사상구 감전동,3**,전세,36.96,5000,0,,사상로90번길,detatched_multiFamily
부산광역시 사상구 감전동,1**,전세,39.5,5000,0,1976,사상로123번길,detatched_multiFamily
부산광역시 사상구 감전동,1**,월세,40,1000,30,1983,새벽시장로63번길,detatched_multiFamily
부산광역시 사상구 감전동,1**,월세,40,2000,20,1991,새벽로168번길,detatched_multiFamily
부산광역시 사상구 감전동,1**,전세,43,6500,0,1992,새벽로167번길,detatched_multiFamily
부산광역시 사상구 감전동,1**,전세,44.3,5500,0,1978,새벽시장로56번가길,detatched_multiFamily
부산광역시 사상구 감전동,1**,월세,45,1000,25,1991,사상로137번길,detatched_multiFamily
부산광역시 사상구 감전동,1**,월세,49.5,2000,20,1991,새벽로168번길,detatched_multiFamily
부산광역시 사상구 감전동,1**,월세,49.68,5000,20,1975,새벽로,detatched_multiFamily
부산광역시 사상구 감전동,1**,월세,50,4500,20,1979,새벽시장로63번길,detatched_multiFamily
부산광역시 사상구 감전동,5**,전세,50,4000,0,,새벽시장로46번길,detatched_multiFamily
부산광역시 사상구 감전동,1**,월세,51,5000,20,1987,새벽로177번길,detatched_multiFamily
부산광역시 사상구 감전동,1**,전세,54.12,8000,0,,새벽시장로,detatched_multiFamily
부산광역시 사상구 감전동,1**,월세,55.8,6800,12,1976,,detatched_multiFamily
부산광역시 사상구 감전동,3**,전세,56.2,5000,0,1976,사상로90번길,detatched_multiFamily
부산광역시 사상구 감전동,1**,전세,58.51,8500,0,1976,새벽로121번길,detatched_multiFamily
부산광역시 사상구 감전동,1**,전세,59.4,8000,0,,새벽시장로103번길,detatched_multiFamily
부산광역시 사상구 감전동,1**,전세,59.4,8000,0,1974,새벽시장로103번길,detatched_multiFamily
부산광역시 사상구 감전동,8**,월세,60,3000,10,1981,새벽로121번길,detatched_multiFamily
부산광역시 사상구 감전동,1**,월세,60.1,100,20,1982,사상로104번길,detatched_multiFamily
부산광역시 사상구 감전동,1**,전세,62.15,8000,0,1978,대동로,detatched_multiFamily
부산광역시 사상구 감전동,8**,전세,62.5,7000,0,1991,새벽시장로56번가길,detatched_multiFamily
부산광역시 사상구 감전동,1**,월세,64.62,1500,20,1976,괘감로,detatched_multiFamily
부산광역시 사상구 감전동,1**,월세,66,4000,10,1978,대동로323번길,detatched_multiFamily
부산광역시 사상구 감전동,2**,전세,66,3000,0,1984,백양대로572번길,detatched_multiFamily
부산광역시 사상구 감전동,1**,전세,66.12,5000,0,1995,새벽로,detatched_multiFamily
부산광역시 사상구 감전동,3**,월세,67.44,1000,25,,사상로46번길,detatched_multiFamily
부산광역시 사상구 감전동,1**,전세,70,9000,0,1995,새벽로168번길,detatched_multiFamily
부산광역시 사상구 감전동,1**,월세,75,3000,20,1988,새벽시장로56번가길,detatched_multiFamily
부산광역시 사상구 감전동,1**,전세,84.02,9500,0,2001,주감로,detatched_multiFamily
부산광역시 사상구 감전동,1**,전세,84.02,9500,0,2001,주감로,detatched_multiFamily
부산광역시 사상구 감전동,1**,월세,85.95,5500,15,1986,새벽로167번길,detatched_multiFamily
부산광역시 사상구 감전동,1**,월세,88.32,9000,10,1973,사상로,detatched_multiFamily
부산광역시 사상구 감전동,1**,전세,95.7,7000,0,1994,사상로137번길,detatched_multiFamily
부산광역시 사상구 감전동,1**,전세,96.14,7000,0,1977,새벽로168번길,detatched_multiFamily
부산광역시 사상구 감전동,1**,월세,97.96,200,37,2011,새벽시장로103번길,detatched_multiFamily
부산광역시 사상구 감전동,1**,월세,126.6,2500,28,1992,새벽시장로56번길,detatched_multiFamily
부산광역시 사상구 감전동,1**,월세,132,3000,30,1991,새벽로137번길,detatched_multiFamily
부산광역시 사상구 감전동,1**,월세,138.22,200,33,1988,새벽로167번길,detatched_multiFamily
부산광역시 사상구 괘법동,5**,월세,10,1000,25,1985,사상로202번길,detatched_multiFamily
부산광역시 사상구 괘법동,5**,월세,17.29,5000,7,2010,사상로211번길,detatched_multiFamily
부산광역시 사상구 괘법동,5**,월세,17.29,5000,7,2010,사상로211번길,detatched_multiFamily
부산광역시 사상구 괘법동,5**,월세,17.29,3900,9,2010,사상로211번길,detatched_multiFamily
부산광역시 사상구 괘법동,2**,월세,20,100,26,1984,사상로224번길,detatched_multiFamily
부산광역시 사상구 괘법동,5**,월세,22,500,30,1976,광장로37번길,detatched_multiFamily
부산광역시 사상구 괘법동,3**,월세,22,500,29,1979,광장로97번길,detatched_multiFamily
부산광역시 사상구 괘법동,2**,월세,23,2000,30,1992,운산로100번길,detatched_multiFamily
부산광역시 사상구 괘법동,2**,월세,25,1000,35,1986,사상로212번길,detatched_multiFamily
부산광역시 사상구 괘법동,5**,전세,26.68,9700,0,,광장로97번길,detatched_multiFamily
부산광역시 사상구 괘법동,5**,전세,29.7,9000,0,2018,사상로223번길,detatched_multiFamily
부산광역시 사상구 괘법동,2**,월세,29.75,2000,16,1995,운산로102번길,detatched_multiFamily
부산광역시 사상구 괘법동,5**,월세,29.75,500,25,1988,낙동대로1210번길,detatched_multiFamily
부산광역시 사상구 괘법동,3**,월세,33,3000,25,,운산로102번길,detatched_multiFamily
부산광역시 사상구 괘법동,5**,월세,33.05,300,30,2013,광장로37번길,detatched_multiFamily
부산광역시 사상구 괘법동,2**,월세,33.06,100,10,1990,운산로,detatched_multiFamily
부산광역시 사상구 괘법동,3**,월세,33.06,500,25,1979,사상로250번길,detatched_multiFamily
부산광역시 사상구 괘법동,2**,월세,33.06,1000,15,1977,사상로238번길,detatched_multiFamily
부산광역시 사상구 괘법동,5**,월세,33.06,500,35,1979,괘감로,detatched_multiFamily
부산광역시 사상구 괘법동,8**,월세,33.06,0,25,1990,사상로,detatched_multiFamily
부산광역시 사상구 괘법동,5**,월세,34,1000,30,1978,낙동대로,detatched_multiFamily
부산광역시 사상구 괘법동,3**,월세,35,500,25,1985,사상로250번길,detatched_multiFamily
부산광역시 사상구 괘법동,4**,월세,35.5,500,30,1985,광장로105번길,detatched_multiFamily
부산광역시 사상구 괘법동,5**,월세,36,5900,20,,사상로223번길,detatched_multiFamily
부산광역시 사상구 괘법동,5**,월세,36,5900,20,,사상로223번길,detatched_multiFamily
부산광역시 사상구 괘법동,5**,전세,37.12,5000,0,1980,,detatched_multiFamily
부산광역시 사상구 괘법동,5**,월세,38,4000,20,1985,사상로202번길,detatched_multiFamily
부산광역시 사상구 괘법동,2**,전세,40,7000,0,1981,사상로238번길,detatched_multiFamily
부산광역시 사상구 괘법동,2**,전세,43.17,10000,0,1980,,detatched_multiFamily
부산광역시 사상구 괘법동,2**,전세,43.17,10000,0,1980,광장로87번길,detatched_multiFamily
부산광역시 사상구 괘법동,5**,월세,45,2000,35,2013,광장로37번길,detatched_multiFamily
부산광역시 사상구 괘법동,5**,월세,45.09,3000,30,2017,광장로37번길,detatched_multiFamily
부산광역시 사상구 괘법동,2**,월세,49.5,500,30,1977,운산로100번길,detatched_multiFamily
부산광역시 사상구 괘법동,2**,월세,49.59,100,20,1971,사상로250번길,detatched_multiFamily
부산광역시 사상구 괘법동,5**,월세,49.59,500,20,1976,사상로162번길,detatched_multiFamily
부산광역시 사상구 괘법동,2**,월세,49.59,500,25,1983,사상로238번길,detatched_multiFamily
부산광역시 사상구 괘법동,2**,월세,49.59,1000,30,1987,사상로224번길,detatched_multiFamily
부산광역시 사상구 괘법동,2**,월세,49.59,200,18,1984,광장로87번길,detatched_multiFamily
부산광역시 사상구 괘법동,5**,월세,50,12000,10,1979,광장로21번길,detatched_multiFamily
부산광역시 사상구 괘법동,5**,월세,50,3000,20,1979,새벽로194번길,detatched_multiFamily
부산광역시 사상구 괘법동,5**,월세,50,1000,50,1987,사상로161번길,detatched_multiFamily
부산광역시 사상구 괘법동,3**,전세,50,5500,0,1980,사상로250번길,detatched_multiFamily
부산광역시 사상구 괘법동,3**,전세,50,5500,0,1980,사상로250번길,detatched_multiFamily
부산광역시 사상구 괘법동,3**,월세,51.07,7500,12,,사상로224번길,detatched_multiFamily
부산광역시 사상구 괘법동,2**,전세,51.76,5000,0,1986,운산로102번길,detatched_multiFamily
부산광역시 사상구 괘법동,2**,월세,53.38,800,30,1983,광장로87번길,detatched_multiFamily
부산광역시 사상구 괘법동,4**,월세,54,2000,35,1986,광장로105번길,detatched_multiFamily
부산광역시 사상구 괘법동,2**,전세,54.88,5000,0,1971,사상로250번길,detatched_multiFamily
부산광역시 사상구 괘법동,4**,월세,56,7000,9,,광장로104번길,detatched_multiFamily
부산광역시 사상구 괘법동,4**,월세,56,7000,9,1992,,detatched_multiFamily
부산광역시 사상구 괘법동,5**,전세,56.16,6000,0,1976,사상로233번길,detatched_multiFamily
부산광역시 사상구 괘법동,2**,월세,56.2,5000,10,1977,사상로250번길,detatched_multiFamily
부산광역시 사상구 괘법동,2**,월세,56.59,7000,10,,사상로238번길,detatched_multiFamily
부산광역시 사상구 괘법동,2**,월세,57,3000,15,1965,운산로100번길,detatched_multiFamily
부산광역시 사상구 괘법동,3**,전세,58.71,7000,0,1976,사상로224번길,detatched_multiFamily
부산광역시 사상구 괘법동,3**,전세,58.71,7000,0,,사상로224번길,detatched_multiFamily
부산광역시 사상구 괘법동,5**,월세,60,5000,30,1991,사상로202번길,detatched_multiFamily
부산광역시 사상구 괘법동,5**,월세,60,4000,25,1988,사상로181번길,detatched_multiFamily
부산광역시 사상구 괘법동,5**,월세,65.84,300,29,1997,,detatched_multiFamily
부산광역시 사상구 괘법동,5**,전세,66,8000,0,1980,,detatched_multiFamily
부산광역시 사상구 괘법동,2**,월세,66.12,300,20,1983,광장로97번길,detatched_multiFamily
부산광역시 사상구 괘법동,5**,월세,69.42,4500,20,1979,괘감로,detatched_multiFamily
부산광역시 사상구 괘법동,5**,월세,77.68,200,43,1978,낙동대로,detatched_multiFamily
부산광역시 사상구 괘법동,5**,월세,77.68,200,30,1978,낙동대로,detatched_multiFamily
부산광역시 사상구 괘법동,5**,월세,77.76,200,30,1974,,detatched_multiFamily
부산광역시 사상구 괘법동,2**,월세,79.3,3000,30,1983,광장로93번길,detatched_multiFamily
부산광역시 사상구 괘법동,2**,전세,80.8,5000,0,1965,운산로102번길,detatched_multiFamily
부산광역시 사상구 괘법동,3**,월세,82.5,1000,20,1979,사상로212번길,detatched_multiFamily
부산광역시 사상구 괘법동,5**,월세,89.26,2000,40,1997,새벽로194번길,detatched_multiFamily
부산광역시 사상구 괘법동,2**,전세,92.4,12000,0,1987,광장로93번길,detatched_multiFamily
부산광역시 사상구 괘법동,5**,월세,95.72,500,30,2014,사상로162번길,detatched_multiFamily
부산광역시 사상구 괘법동,3**,월세,95.9,5000,20,1983,사상로224번길,detatched_multiFamily
부산광역시 사상구 괘법동,3**,월세,95.9,500,35,1983,사상로224번길,detatched_multiFamily
부산광역시 사상구 괘법동,5**,전세,99.36,3500,0,1990,새벽로202번길,detatched_multiFamily
부산광역시 사상구 괘법동,5**,월세,102.75,300,30,1979,새벽로,detatched_multiFamily
부산광역시 사상구 괘법동,5**,전세,109.75,9000,0,1977,사상로148번길,detatched_multiFamily
부산광역시 사상구 괘법동,5**,월세,114.91,2000,40,2011,사상로233번길,detatched_multiFamily
부산광역시 사상구 괘법동,5**,월세,114.91,500,55,2011,사상로233번길,detatched_multiFamily
부산광역시 사상구 괘법동,5**,월세,114.91,500,35,2011,사상로233번길,detatched_multiFamily
부산광역시 사상구 괘법동,8**,월세,133.2,200,35,2011,광장로81번길,detatched_multiFamily
부산광역시 사상구 괘법동,3**,월세,134.3,5000,30,1980,사상로250번길,detatched_multiFamily
부산광역시 사상구 괘법동,3**,월세,134.3,300,20,1980,사상로250번길,detatched_multiFamily
부산광역시 사상구 괘법동,5**,월세,138,3000,45,1995,광장로20번길,detatched_multiFamily
부산광역시 사상구 괘법동,5**,월세,144,100,28,2010,광장로103번길,detatched_multiFamily
부산광역시 사상구 덕포동,1**,전세,13.88,2500,0,1973,강선로,detatched_multiFamily
부산광역시 사상구 덕포동,2*,월세,15,3000,10,1992,덕상로72번길,detatched_multiFamily
부산광역시 사상구 덕포동,4**,월세,15.7,1000,37,2014,사상로342번길,detatched_multiFamily
부산광역시 사상구 덕포동,4**,월세,16.02,2400,16,1975,삼덕로46번길,detatched_multiFamily
부산광역시 사상구 덕포동,4**,월세,18,5000,2,1989,삼덕로,detatched_multiFamily
부산광역시 사상구 덕포동,4**,월세,19.2,100,41,2014,사상로342번길,detatched_multiFamily
부산광역시 사상구 덕포동,4**,월세,19.8,300,40,2014,사상로342번길,detatched_multiFamily
부산광역시 사상구 덕포동,4**,월세,19.83,400,29,2015,사상로319번길,detatched_multiFamily
부산광역시 사상구 덕포동,7**,월세,19.83,5000,5,1989,백양대로703번길,detatched_multiFamily
부산광역시 사상구 덕포동,4**,월세,19.86,1000,28,2018,삼덕로89번길,detatched_multiFamily
부산광역시 사상구 덕포동,1**,월세,20,500,40,2015,백양대로703번길,detatched_multiFamily
부산광역시 사상구 덕포동,4**,월세,22.14,0,35,1991,운산로,detatched_multiFamily
부산광역시 사상구 덕포동,7**,월세,26.4,300,29,1989,백양대로762번길,detatched_multiFamily
부산광역시 사상구 덕포동,4**,월세,34.13,5000,10,1978,사상로319번길,detatched_multiFamily
부산광역시 사상구 덕포동,7**,전세,34.54,3500,0,1977,강선로12번길,detatched_multiFamily
부산광역시 사상구 덕포동,1**,월세,38.31,1000,30,1988,강선로,detatched_multiFamily
부산광역시 사상구 덕포동,7**,월세,39,4000,5,1989,백양대로703번길,detatched_multiFamily
부산광역시 사상구 덕포동,4**,월세,40,1000,25,1974,사상로269번길,detatched_multiFamily
부산광역시 사상구 덕포동,4**,월세,42.98,800,23,1975,사상로293번길,detatched_multiFamily
부산광역시 사상구 덕포동,9*,월세,44,1500,10,1991,백양대로703번길,detatched_multiFamily
부산광역시 사상구 덕포동,7**,월세,45,2500,29,1991,백양대로,detatched_multiFamily
부산광역시 사상구 덕포동,2*,월세,47.27,1000,20,,덕상로64번가길,detatched_multiFamily
부산광역시 사상구 덕포동,4**,월세,53.22,2000,25,1975,사상로293번길,detatched_multiFamily
부산광역시 사상구 덕포동,4**,월세,55.24,2000,27,1974,사상로269번길,detatched_multiFamily
부산광역시 사상구 덕포동,4**,월세,55.7,1000,15,1975,사상로293번길,detatched_multiFamily
부산광역시 사상구 덕포동,4**,월세,55.87,5000,5,1975,삼덕로46번길,detatched_multiFamily
부산광역시 사상구 덕포동,4**,월세,56.2,5000,30,1976,사상로309번길,detatched_multiFamily
부산광역시 사상구 덕포동,4**,월세,56.86,1000,30,1995,사상로277번길,detatched_multiFamily
부산광역시 사상구 덕포동,4**,월세,56.86,1000,30,1995,사상로277번길,detatched_multiFamily
부산광역시 사상구 덕포동,4**,월세,57.57,1000,30,2018,강선로,detatched_multiFamily
부산광역시 사상구 덕포동,4**,월세,58,8000,5,1978,,detatched_multiFamily
부산광역시 사상구 덕포동,4**,월세,58,8000,5,1978,사상로319번길,detatched_multiFamily
부산광역시 사상구 덕포동,7**,월세,59,3000,29,1991,백양대로,detatched_multiFamily
부산광역시 사상구 덕포동,4**,월세,59.5,4000,10,1975,삼덕로46번길,detatched_multiFamily
부산광역시 사상구 덕포동,4**,월세,59.5,3000,25,1976,사상로309번길,detatched_multiFamily
부산광역시 사상구 덕포동,2**,월세,60.5,3000,20,1977,사상로310번길,detatched_multiFamily
부산광역시 사상구 덕포동,2**,전세,60.5,6000,0,1976,사상로310번길,detatched_multiFamily
부산광역시 사상구 덕포동,1**,월세,62.07,3000,25,1994,강선로,detatched_multiFamily
부산광역시 사상구 덕포동,1**,월세,62.4,1000,30,2015,백양대로703번길,detatched_multiFamily
부산광역시 사상구 덕포동,4**,월세,62.42,1500,25,1995,사상로277번길,detatched_multiFamily
부산광역시 사상구 덕포동,4**,월세,63.67,4000,30,1976,사상로293번길,detatched_multiFamily
부산광역시 사상구 덕포동,4**,월세,64.13,5000,32,1976,사상로293번길,detatched_multiFamily
부산광역시 사상구 덕포동,4**,월세,64.79,500,18,1973,사상로336번길,detatched_multiFamily
부산광역시 사상구 덕포동,7**,전세,65.52,4000,0,,강선로12번길,detatched_multiFamily
부산광역시 사상구 덕포동,4**,월세,65.97,3000,35,1977,사상로309번길,detatched_multiFamily
부산광역시 사상구 덕포동,4**,월세,66.11,2000,10,1977,사상로309번길,detatched_multiFamily
부산광역시 사상구 덕포동,4**,전세,66.76,2700,0,1984,사상로,detatched_multiFamily
부산광역시 사상구 덕포동,4**,월세,66.91,100,16,1977,사상로309번길,detatched_multiFamily
부산광역시 사상구 덕포동,4**,월세,66.91,800,17,1977,사상로309번길,detatched_multiFamily
부산광역시 사상구 덕포동,4**,월세,70.61,1000,40,1975,사상로277번길,detatched_multiFamily
부산광역시 사상구 덕포동,1**,월세,72.21,2000,30,1983,강선로22번길,detatched_multiFamily
부산광역시 사상구 덕포동,4**,월세,77.52,2400,16,1975,삼덕로46번길,detatched_multiFamily
부산광역시 사상구 덕포동,4**,월세,77.6,500,30,1987,사상로,detatched_multiFamily
부산광역시 사상구 덕포동,9*,월세,77.81,1000,15,1995,백양대로703번길,detatched_multiFamily
부산광역시 사상구 덕포동,4**,월세,78.21,1000,30,1976,사상로277번길,detatched_multiFamily
부산광역시 사상구 덕포동,4**,월세,79.5,600,18,1978,강선로,detatched_multiFamily
부산광역시 사상구 덕포동,7**,월세,80.92,200,20,1988,강선로,detatched_multiFamily
부산광역시 사상구 덕포동,7**,월세,85.28,6000,10,1989,백양대로703번길,detatched_multiFamily
부산광역시 사상구 덕포동,7**,전세,89.45,3500,0,1990,백양대로,detatched_multiFamily
부산광역시 사상구 덕포동,7**,전세,90.18,2000,0,1989,백양대로768번길,detatched_multiFamily
부산광역시 사상구 덕포동,4**,월세,92.43,2000,35,1975,삼덕로46번길,detatched_multiFamily
부산광역시 사상구 덕포동,4**,월세,92.56,200,20,1979,사상로292번길,detatched_multiFamily
부산광역시 사상구 덕포동,1**,월세,93.52,1000,30,1978,운산로77번길,detatched_multiFamily
부산광역시 사상구 덕포동,4**,월세,99,200,15,1975,삼덕로46번길,detatched_multiFamily
부산광역시 사상구 덕포동,7**,전세,103.32,4000,0,1990,백양대로703번길,detatched_multiFamily
부산광역시 사상구 덕포동,4**,월세,103.8,300,15,1974,사상로269번길,detatched_multiFamily
부산광역시 사상구 덕포동,7**,월세,114.48,1000,35,1990,백양대로703번길,detatched_multiFamily
부산광역시 사상구 덕포동,2**,월세,115.91,1000,48,2017,사상로310번길,detatched_multiFamily
부산광역시 사상구 덕포동,4**,전세,119,12000,0,1977,삼덕로89번길,detatched_multiFamily
부산광역시 사상구 덕포동,4**,월세,127.26,6000,17,1975,사상로309번길,detatched_multiFamily
부산광역시 사상구 덕포동,7**,월세,128.51,3000,40,1989,백양대로,detatched_multiFamily
부산광역시 사상구 덕포동,4**,월세,134.94,3000,15,1973,사상로277번길,detatched_multiFamily
부산광역시 사상구 덕포동,2**,전세,138,6500,0,1979,사상로310번길,detatched_multiFamily
부산광역시 사상구 덕포동,4**,전세,154,7000,0,1975,삼덕로46번길,detatched_multiFamily
부산광역시 사상구 모라동,9**,월세,20,1000,30,2017,,detatched_multiFamily
부산광역시 사상구 모라동,9**,월세,20.11,2000,25,2019,모라로,detatched_multiFamily
부산광역시 사상구 모라동,7**,월세,20.54,2000,25,1990,사상로,detatched_multiFamily
부산광역시 사상구 모라동,9**,전세,21.12,5500,0,2017,사상로500번길,detatched_multiFamily
부산광역시 사상구 모라동,6**,전세,25,3800,0,2015,삼락천로,detatched_multiFamily
부산광역시 사상구 모라동,6**,월세,26,1000,40,2018,사상로469번나길,detatched_multiFamily
부산광역시 사상구 모라동,1***,월세,26.4,3000,10,1941,사상로481번길,detatched_multiFamily
부산광역시 사상구 모라동,6**,월세,28,3000,40,2018,사상로469번나길,detatched_multiFamily
부산광역시 사상구 모라동,1***,월세,29,300,33,2017,모라로46번길,detatched_multiFamily
부산광역시 사상구 모라동,6**,월세,30,700,40,2018,사상로469번나길,detatched_multiFamily
부산광역시 사상구 모라동,1***,월세,30,300,32,2017,모라로46번길,detatched_multiFamily
부산광역시 사상구 모라동,1***,월세,30,300,32,2017,모라로46번길,detatched_multiFamily
부산광역시 사상구 모라동,9**,전세,30,10000,0,2017,사상로500번길,detatched_multiFamily
부산광역시 사상구 모라동,6**,월세,30.3,500,32,2018,사상로469번나길,detatched_multiFamily
부산광역시 사상구 모라동,1***,월세,30.42,4200,20,,백양대로,detatched_multiFamily
부산광역시 사상구 모라동,1***,월세,32,500,61,2017,모라로46번길,detatched_multiFamily
부산광역시 사상구 모라동,1***,월세,33.1,300,60,2017,모라로46번길,detatched_multiFamily
부산광역시 사상구 모라동,6**,전세,33.1,5000,0,2018,사상로469번나길,detatched_multiFamily
부산광역시 사상구 모라동,6**,전세,33.3,7500,0,2018,사상로469번나길,detatched_multiFamily
부산광역시 사상구 모라동,6**,월세,35,3000,40,2018,사상로469번나길,detatched_multiFamily
부산광역시 사상구 모라동,1***,월세,35.1,1000,22,1990,백양대로950번가길,detatched_multiFamily
부산광역시 사상구 모라동,1***,월세,35.11,500,40,1990,백양대로,detatched_multiFamily
부산광역시 사상구 모라동,1***,전세,38.71,4000,0,1989,백양대로,detatched_multiFamily
부산광역시 사상구 모라동,6**,전세,40.3,7500,0,2018,사상로469번나길,detatched_multiFamily
부산광역시 사상구 모라동,6**,월세,40.99,1500,30,1979,사상로519번길,detatched_multiFamily
부산광역시 사상구 모라동,4**,월세,41.5,3500,5,1993,백양대로902번길,detatched_multiFamily
부산광역시 사상구 모라동,6**,전세,43.46,4000,0,1977,사상로,detatched_multiFamily
부산광역시 사상구 모라동,1***,월세,45,1000,35,1990,백양대로,detatched_multiFamily
부산광역시 사상구 모라동,1***,월세,45,2000,25,1989,백양대로950번나길,detatched_multiFamily
부산광역시 사상구 모라동,6**,월세,45,2000,30,1978,사상로469번다길,detatched_multiFamily
부산광역시 사상구 모라동,1***,전세,45.62,8000,0,2017,모라로,detatched_multiFamily
부산광역시 사상구 모라동,7**,전세,50,4000,0,1985,사상로456번길,detatched_multiFamily
부산광역시 사상구 모라동,1***,월세,55,3000,15,1992,백양대로907번나길,detatched_multiFamily
부산광역시 사상구 모라동,2**,전세,55.68,7500,0,,사상로525번길,detatched_multiFamily
부산광역시 사상구 모라동,1***,월세,60,1500,25,1989,백양대로950번가길,detatched_multiFamily
부산광역시 사상구 모라동,1***,월세,61.34,4000,20,1990,백양대로979번라길,detatched_multiFamily
부산광역시 사상구 모라동,7**,월세,64.8,5000,20,,사상로,detatched_multiFamily
부산광역시 사상구 모라동,6**,전세,72,10000,0,2003,모라로,detatched_multiFamily
부산광역시 사상구 모라동,1***,전세,74.97,8000,0,2002,,detatched_multiFamily
부산광역시 사상구 모라동,1***,전세,82.98,8000,0,1989,백양대로907번가길,detatched_multiFamily
부산광역시 사상구 모라동,9**,전세,84.3,4500,0,2017,사상로500번길,detatched_multiFamily
부산광역시 사상구 모라동,6**,전세,84.4,5000,0,2018,모덕로67번길,detatched_multiFamily
부산광역시 사상구 모라동,1***,월세,96.28,1300,30,1989,백양대로907번가길,detatched_multiFamily
부산광역시 사상구 모라동,8**,월세,97.5,1000,30,1990,사상로470번길,detatched_multiFamily
부산광역시 사상구 모라동,1***,월세,99.99,1000,15,1990,백양대로950번가길,detatched_multiFamily
부산광역시 사상구 모라동,1***,월세,101.66,1000,20,1990,백양대로,detatched_multiFamily
부산광역시 사상구 모라동,7**,전세,105,4000,0,1985,사상로456번길,detatched_multiFamily
부산광역시 사상구 모라동,8**,월세,105.21,1000,35,1993,사상로470번길,detatched_multiFamily
부산광역시 사상구 모라동,1***,월세,105.65,2000,20,1990,백양대로907번다길,detatched_multiFamily
부산광역시 사상구 모라동,1***,월세,107.32,500,20,1989,백양대로950번가길,detatched_multiFamily
부산광역시 사상구 모라동,1***,월세,107.64,2000,15,1989,백양대로950번가길,detatched_multiFamily
부산광역시 사상구 모라동,1***,전세,108.94,9000,0,2017,모라로,detatched_multiFamily
부산광역시 사상구 모라동,6**,전세,115.7,20000,0,1980,모라로,detatched_multiFamily
부산광역시 사상구 모라동,4**,월세,116.32,1000,40,2004,,detatched_multiFamily
부산광역시 사상구 모라동,1***,월세,119.01,2000,15,1990,백양대로979번다길,detatched_multiFamily
부산광역시 사상구 모라동,7**,월세,155.44,1000,50,1980,사상로469번길,detatched_multiFamily
부산광역시 사상구 모라동,1***,월세,207.51,500,25,1990,백양대로950번가길,detatched_multiFamily
부산광역시 사상구 모라동,1***,전세,208.46,7500,0,2017,,detatched_multiFamily
부산광역시 사상구 모라동,1***,전세,208.46,7500,0,2017,모라로46번길,detatched_multiFamily
부산광역시 사상구 모라동,6**,월세,230.13,2000,50,2018,사상로469번나길,detatched_multiFamily
부산광역시 사상구 삼락동,4**,전세,21.6,2000,0,,사상로309번길,detatched_multiFamily
부산광역시 사상구 삼락동,4**,월세,22.59,250,20,1992,사상로277번나길,detatched_multiFamily
부산광역시 사상구 삼락동,4**,전세,27.23,5000,0,1993,,detatched_multiFamily
부산광역시 사상구 삼락동,4**,전세,27.23,5000,0,1993,,detatched_multiFamily
부산광역시 사상구 삼락동,4**,월세,29.75,1000,20,1993,사상로277번나길,detatched_multiFamily
부산광역시 사상구 삼락동,4**,월세,30,500,35,1977,사상로309번길,detatched_multiFamily
부산광역시 사상구 삼락동,4**,월세,33,3000,13,1977,,detatched_multiFamily
부산광역시 사상구 삼락동,4**,월세,35.34,1000,48,1977,삼덕로46번길,detatched_multiFamily
부산광역시 사상구 삼락동,4**,월세,35.34,1000,48,1977,삼덕로46번길,detatched_multiFamily
부산광역시 사상구 삼락동,4**,월세,36,200,25,1983,삼락천로,detatched_multiFamily
부산광역시 사상구 삼락동,4**,월세,40,1000,30,,삼락천로,detatched_multiFamily
부산광역시 사상구 삼락동,4**,월세,45,6000,5,1978,낙동대로1258번길,detatched_multiFamily
부산광역시 사상구 삼락동,4**,전세,45.12,5000,0,1978,사상로309번길,detatched_multiFamily
부산광역시 사상구 삼락동,4**,월세,48,1500,15,1976,삼덕로8번길,detatched_multiFamily
부산광역시 사상구 삼락동,4**,월세,48.42,6000,25,,사상로277번길,detatched_multiFamily
부산광역시 사상구 삼락동,4**,월세,48.42,6000,25,,사상로277번길,detatched_multiFamily
부산광역시 사상구 삼락동,4**,월세,49.19,6000,20,1977,,detatched_multiFamily
부산광역시 사상구 삼락동,4**,월세,49.5,200,20,1976,삼락천로,detatched_multiFamily
부산광역시 사상구 삼락동,4**,전세,49.59,3500,0,1976,사상로277번나길,detatched_multiFamily
부산광역시 사상구 삼락동,4**,월세,56.99,200,20,1976,낙동대로1234번길,detatched_multiFamily
부산광역시 사상구 삼락동,4**,월세,59.08,2000,30,1992,사상로277번가길,detatched_multiFamily
부산광역시 사상구 삼락동,4**,월세,63.12,1000,30,1986,사상로277번나길,detatched_multiFamily
부산광역시 사상구 삼락동,4**,전세,65,11000,0,1988,사상로277번가길,detatched_multiFamily
부산광역시 사상구 삼락동,4**,월세,67.05,1000,20,1988,사상로277번가길,detatched_multiFamily
부산광역시 사상구 삼락동,4**,월세,70.4,2000,25,1985,사상로277번가길,detatched_multiFamily
부산광역시 사상구 삼락동,4**,월세,74.38,8000,20,,낙동대로1258번길,detatched_multiFamily
부산광역시 사상구 삼락동,4**,월세,90,2000,13,1976,사상로277번나길,detatched_multiFamily
부산광역시 사상구 삼락동,5*,월세,93.41,3000,30,1991,낙동대로1534번길,detatched_multiFamily
부산광역시 사상구 삼락동,4**,월세,94.62,3000,15,1976,사상로277번나길,detatched_multiFamily
부산광역시 사상구 삼락동,4**,전세,96.74,5500,0,1992,사상로277번가길,detatched_multiFamily
부산광역시 사상구 삼락동,4**,월세,98.62,1000,25,1983,삼락천로,detatched_multiFamily
부산광역시 사상구 삼락동,4**,월세,108.3,1000,40,1976,삼덕로46번길,detatched_multiFamily
부산광역시 사상구 삼락동,4**,월세,119,100,24,1977,사상로309번길,detatched_multiFamily
부산광역시 사상구 삼락동,4**,월세,123.57,2000,30,1983,삼덕로46번안길,detatched_multiFamily
부산광역시 사상구 삼락동,4**,월세,126.19,2500,22,1977,낙동대로1250번길,detatched_multiFamily
부산광역시 사상구 삼락동,4**,월세,165.3,4000,25,1983,삼락천로,detatched_multiFamily
부산광역시 사상구 삼락동,4**,전세,172.56,5000,0,1992,사상로277번가길,detatched_multiFamily
부산광역시 사상구 엄궁동,2**,월세,13.22,100,13,1989,낙동대로722번길,detatched_multiFamily
부산광역시 사상구 엄궁동,2*,월세,20,200,33,1986,대동로22번길,detatched_multiFamily
부산광역시 사상구 엄궁동,6**,월세,23,1000,30,2011,엄궁로99번길,detatched_multiFamily
부산광역시 사상구 엄궁동,5**,월세,26.45,500,20,1973,낙동대로776번길,detatched_multiFamily
부산광역시 사상구 엄궁동,6**,전세,27.8,4500,0,2011,,detatched_multiFamily
부산광역시 사상구 엄궁동,6**,전세,27.8,4000,0,2011,엄궁로99번길,detatched_multiFamily
부산광역시 사상구 엄궁동,4**,전세,28.08,5000,0,2003,낙동대로,detatched_multiFamily
부산광역시 사상구 엄궁동,5**,월세,29.75,500,25,1979,낙동대로776번길,detatched_multiFamily
부산광역시 사상구 엄궁동,1**,월세,30,100,28,1991,,detatched_multiFamily
부산광역시 사상구 엄궁동,1**,월세,30,100,28,1991,,detatched_multiFamily
부산광역시 사상구 엄궁동,2**,월세,30,4000,5,1978,엄궁북로4번가길,detatched_multiFamily
부산광역시 사상구 엄궁동,2**,월세,33,300,5,1979,엄궁북로4번길,detatched_multiFamily
부산광역시 사상구 엄궁동,1**,월세,33,500,20,1987,엄궁남로40번길,detatched_multiFamily
부산광역시 사상구 엄궁동,1**,월세,33.3,500,25,1985,엄궁남로11번길,detatched_multiFamily
부산광역시 사상구 엄궁동,2*,월세,38.67,2000,20,1979,엄궁로,detatched_multiFamily
부산광역시 사상구 엄궁동,1**,월세,40.87,500,40,2017,엄궁남로,detatched_multiFamily
부산광역시 사상구 엄궁동,4**,월세,41.65,500,20,1977,엄궁북로4번안길,detatched_multiFamily
부산광역시 사상구 엄궁동,2*,월세,42.9,2000,20,1990,엄궁로,detatched_multiFamily
부산광역시 사상구 엄궁동,4*,전세,42.9,3500,0,1991,엄궁로179번가길,detatched_multiFamily
부산광역시 사상구 엄궁동,4*,월세,45.02,500,35,1984,엄궁로179번가길,detatched_multiFamily
부산광역시 사상구 엄궁동,5**,월세,45.95,5000,15,1979,낙동대로776번길,detatched_multiFamily
부산광역시 사상구 엄궁동,4*,월세,46.59,1000,29,1990,엄궁로179번가길,detatched_multiFamily
부산광역시 사상구 엄궁동,4*,월세,46.59,500,29,1990,엄궁로179번가길,detatched_multiFamily
부산광역시 사상구 엄궁동,2*,전세,49.72,14000,0,,대동로,detatched_multiFamily
부산광역시 사상구 엄궁동,1**,전세,50.74,7500,0,1980,엄궁남로11번길,detatched_multiFamily
부산광역시 사상구 엄궁동,4*,전세,53.91,4000,0,,엄궁북로,detatched_multiFamily
부산광역시 사상구 엄궁동,4*,전세,55.12,7000,0,1991,엄궁북로,detatched_multiFamily
부산광역시 사상구 엄궁동,4*,전세,55.12,7000,0,1991,엄궁북로,detatched_multiFamily
부산광역시 사상구 엄궁동,5**,월세,58.52,3000,13,1984,엄궁로203번길,detatched_multiFamily
부산광역시 사상구 엄궁동,4*,전세,60.19,5000,0,1994,엄궁북로,detatched_multiFamily
부산광역시 사상구 엄궁동,4**,월세,62.81,1000,20,1981,엄궁북로4번안길,detatched_multiFamily
부산광역시 사상구 엄궁동,4*,월세,65.29,3000,20,1978,엄궁북로,detatched_multiFamily
부산광역시 사상구 엄궁동,4*,월세,66.12,1500,10,1988,엄궁로179번가길,detatched_multiFamily
부산광역시 사상구 엄궁동,5**,월세,67.93,3000,50,2020,낙동대로776번길,detatched_multiFamily
부산광역시 사상구 엄궁동,1**,전세,67.95,4000,0,1987,엄궁남로11번길,detatched_multiFamily
부산광역시 사상구 엄궁동,1**,전세,67.95,4000,0,1987,엄궁남로11번길,detatched_multiFamily
부산광역시 사상구 엄궁동,5*,전세,69.09,5000,0,1979,엄궁로179번길,detatched_multiFamily
부산광역시 사상구 엄궁동,1**,전세,70.28,9000,0,1980,엄궁남로11번길,detatched_multiFamily
부산광역시 사상구 엄궁동,2**,전세,77.3,5000,0,1984,엄궁북로4번가길,detatched_multiFamily
부산광역시 사상구 엄궁동,1**,월세,78.7,300,15,1988,낙동대로722번길,detatched_multiFamily
부산광역시 사상구 엄궁동,4*,월세,83.2,5000,30,,엄궁로179번가길,detatched_multiFamily
부산광역시 사상구 엄궁동,2*,월세,112,1000,30,1980,엄궁로,detatched_multiFamily
부산광역시 사상구 엄궁동,2**,전세,132.79,10000,0,1978,엄궁북로4번가길,detatched_multiFamily
부산광역시 사상구 엄궁동,2**,전세,155,4000,0,1990,엄궁중로,detatched_multiFamily
부산광역시 사상구 엄궁동,1**,월세,198.6,3500,10,1989,낙동대로722번길,detatched_multiFamily
부산광역시 사상구 주례동,1**,월세,10,500,30,2016,가야대로344번길,detatched_multiFamily
부산광역시 사상구 주례동,9*,월세,11.52,500,25,,,detatched_multiFamily
부산광역시 사상구 주례동,3**,월세,12.9,500,20,1993,백양대로437번길,detatched_multiFamily
부산광역시 사상구 주례동,1**,월세,13.13,1000,35,2019,주례로10번길,detatched_multiFamily
부산광역시 사상구 주례동,5*,월세,13.22,200,15,1977,진사로28번길,detatched_multiFamily
부산광역시 사상구 주례동,1**,전세,13.82,6000,0,2019,주례로34번길,detatched_multiFamily
부산광역시 사상구 주례동,9*,월세,14.2,500,50,2020,가야대로330번길,detatched_multiFamily
부산광역시 사상구 주례동,9*,월세,14.62,500,25,,가야대로318번길,detatched_multiFamily
부산광역시 사상구 주례동,9*,전세,14.67,5000,0,2019,가야대로330번길,detatched_multiFamily
부산광역시 사상구 주례동,1**,월세,14.74,2000,40,,주례로,detatched_multiFamily
부산광역시 사상구 주례동,1**,월세,14.82,300,41,2019,냉정로,detatched_multiFamily
부산광역시 사상구 주례동,1**,월세,14.89,3000,32,,,detatched_multiFamily
부산광역시 사상구 주례동,9*,월세,14.98,1000,45,2020,가야대로330번길,detatched_multiFamily
부산광역시 사상구 주례동,9*,전세,14.98,500,0,2020,가야대로330번길,detatched_multiFamily
부산광역시 사상구 주례동,9*,월세,15,500,35,2016,주례로,detatched_multiFamily
부산광역시 사상구 주례동,9*,월세,15,300,35,,가야대로318번길,detatched_multiFamily
부산광역시 사상구 주례동,1**,월세,15,200,25,2010,주례로,detatched_multiFamily
부산광역시 사상구 주례동,1**,월세,15,200,25,2017,가야대로344번길,detatched_multiFamily
부산광역시 사상구 주례동,8*,월세,15,500,30,2016,가야대로366번길,detatched_multiFamily
부산광역시 사상구 주례동,1**,월세,15,100,30,2010,가야대로344번길,detatched_multiFamily
부산광역시 사상구 주례동,1**,월세,15,100,30,2010,가야대로344번길,detatched_multiFamily
부산광역시 사상구 주례동,9*,월세,15,500,35,2016,주례로,detatched_multiFamily
부산광역시 사상구 주례동,9*,월세,15,500,35,2017,주례로,detatched_multiFamily
부산광역시 사상구 주례동,1**,월세,15,2000,23,2019,냉정로,detatched_multiFamily
부산광역시 사상구 주례동,1**,월세,15,300,30,2016,주례로,detatched_multiFamily
부산광역시 사상구 주례동,9*,월세,15,300,26,2011,가야대로318번길,detatched_multiFamily
부산광역시 사상구 주례동,9*,월세,15,500,33,2017,가야대로330번길,detatched_multiFamily
부산광역시 사상구 주례동,9*,전세,15,4000,0,2017,가야대로330번길,detatched_multiFamily
부산광역시 사상구 주례동,9*,전세,15,4500,0,2017,주례로,detatched_multiFamily
부산광역시 사상구 주례동,1**,전세,15,4000,0,2017,가야대로344번길,detatched_multiFamily
부산광역시 사상구 주례동,9*,전세,15,3000,0,2015,가야대로318번길,detatched_multiFamily
부산광역시 사상구 주례동,9*,전세,15,4000,0,2017,주례로,detatched_multiFamily
부산광역시 사상구 주례동,1**,전세,15,3800,0,2017,가야대로344번길,detatched_multiFamily
부산광역시 사상구 주례동,5*,월세,15.17,300,30,2011,주례로9번길,detatched_multiFamily
부산광역시 사상구 주례동,9*,월세,15.3,500,30,2019,가야대로318번길,detatched_multiFamily
부산광역시 사상구 주례동,1**,월세,15.74,3000,5,2010,가야대로344번길,detatched_multiFamily
부산광역시 사상구 주례동,9*,전세,15.79,6000,0,2019,주례로34번길,detatched_multiFamily
부산광역시 사상구 주례동,9*,월세,16.25,2000,35,2019,주례로34번길,detatched_multiFamily
부산광역시 사상구 주례동,1**,월세,16.4,300,35,2019,주례로34번길,detatched_multiFamily
부산광역시 사상구 주례동,9**,월세,16.5,100,50,1988,백양대로494번길,detatched_multiFamily
부산광역시 사상구 주례동,1**,월세,16.5,300,40,2019,주례로34번길,detatched_multiFamily
부산광역시 사상구 주례동,1**,월세,16.53,2000,25,2019,주례로34번길,detatched_multiFamily
부산광역시 사상구 주례동,6*,월세,16.61,300,37,,가야대로,detatched_multiFamily
부산광역시 사상구 주례동,9*,월세,16.66,300,45,2017,가야대로330번길,detatched_multiFamily
부산광역시 사상구 주례동,5*,월세,16.98,1000,35,2011,주례로9번길,detatched_multiFamily
부산광역시 사상구 주례동,9*,월세,16.99,2000,35,2019,주례로34번길,detatched_multiFamily
부산광역시 사상구 주례동,1**,전세,17.26,6000,0,2019,,detatched_multiFamily
부산광역시 사상구 주례동,1**,전세,17.39,3900,0,2017,가야대로344번길,detatched_multiFamily
부산광역시 사상구 주례동,5*,월세,17.45,2000,35,2019,진사로24번길,detatched_multiFamily
부산광역시 사상구 주례동,9*,월세,17.6,1500,35,2019,주례로34번길,detatched_multiFamily
부산광역시 사상구 주례동,5*,월세,17.63,200,27,2009,가야대로378번길,detatched_multiFamily
부산광역시 사상구 주례동,1**,월세,18,300,30,2017,주례로34번길,detatched_multiFamily
부산광역시 사상구 주례동,1**,월세,18,2000,27,2019,냉정로,detatched_multiFamily
부산광역시 사상구 주례동,1**,월세,18,2300,27,2019,냉정로,detatched_multiFamily
부산광역시 사상구 주례동,9*,월세,18,300,35,2010,주례로34번길,detatched_multiFamily
부산광역시 사상구 주례동,9*,월세,18.1,500,45,2019,주례로34번길,detatched_multiFamily
부산광역시 사상구 주례동,9*,월세,18.1,500,45,2019,주례로34번길,detatched_multiFamily
부산광역시 사상구 주례동,9*,월세,18.1,1000,37,2019,주례로34번길,detatched_multiFamily
부산광역시 사상구 주례동,9*,월세,18.1,1000,37,2019,주례로34번길,detatched_multiFamily
부산광역시 사상구 주례동,9*,월세,18.15,300,29,2019,가야대로318번길,detatched_multiFamily
부산광역시 사상구 주례동,9*,월세,18.24,100,27,2009,주례로28번길,detatched_multiFamily
부산광역시 사상구 주례동,산5*,월세,18.46,200,29,2019,주례로34번길,detatched_multiFamily
부산광역시 사상구 주례동,9*,월세,18.58,500,35,2016,주례로34번길,detatched_multiFamily
부산광역시 사상구 주례동,1**,전세,18.65,8000,0,2019,가야대로330번길,detatched_multiFamily
부산광역시 사상구 주례동,8*,월세,18.68,300,30,2016,가야대로366번길,detatched_multiFamily
부산광역시 사상구 주례동,9*,월세,18.88,4000,5,2015,가야대로318번길,detatched_multiFamily
부산광역시 사상구 주례동,9*,월세,18.9,5000,6,2018,주례로34번길,detatched_multiFamily
부산광역시 사상구 주례동,1**,월세,19,500,30,2016,가야대로344번길,detatched_multiFamily
부산광역시 사상구 주례동,9*,월세,19,1000,33,2018,주례로34번길,detatched_multiFamily
부산광역시 사상구 주례동,9*,월세,19.19,300,56,2020,가야대로330번길,detatched_multiFamily
부산광역시 사상구 주례동,1**,전세,19.2,3000,0,2010,,detatched_multiFamily
부산광역시 사상구 주례동,9*,전세,19.2,4000,0,2015,가야대로318번길,detatched_multiFamily
부산광역시 사상구 주례동,5*,전세,19.3,6000,0,2019,진사로24번길,detatched_multiFamily
부산광역시 사상구 주례동,5*,전세,19.3,6000,0,2019,진사로24번길,detatched_multiFamily
부산광역시 사상구 주례동,9*,전세,19.79,4200,0,,가야대로318번길,detatched_multiFamily
부산광역시 사상구 주례동,1**,월세,19.82,1000,45,2017,주례로,detatched_multiFamily
부산광역시 사상구 주례동,1**,월세,19.82,1000,45,2017,주례로,detatched_multiFamily
부산광역시 사상구 주례동,1**,전세,19.97,10000,0,2019,가야대로330번길,detatched_multiFamily
부산광역시 사상구 주례동,1**,월세,20,1000,30,2017,주례로,detatched_multiFamily
부산광역시 사상구 주례동,9*,월세,20,1000,33,2019,가야대로330번길,detatched_multiFamily
부산광역시 사상구 주례동,5*,월세,20,300,30,2011,주례로9번길,detatched_multiFamily
부산광역시 사상구 주례동,1**,월세,20,500,42,2006,주례로,detatched_multiFamily
부산광역시 사상구 주례동,9*,월세,20,500,30,2017,주례로,detatched_multiFamily
부산광역시 사상구 주례동,9*,월세,20,300,30,2010,가야대로318번길,detatched_multiFamily
부산광역시 사상구 주례동,5*,월세,20,1000,28,2010,가야대로366번길,detatched_multiFamily
부산광역시 사상구 주례동,1**,월세,20,300,35,2017,주례로,detatched_multiFamily
부산광역시 사상구 주례동,1**,월세,20,500,30,2017,주례로,detatched_multiFamily
부산광역시 사상구 주례동,1**,월세,20,500,29,2017,주례로,detatched_multiFamily
부산광역시 사상구 주례동,9*,월세,20,500,23,2011,,detatched_multiFamily
부산광역시 사상구 주례동,3**,월세,20,200,20,1988,백양대로,detatched_multiFamily
부산광역시 사상구 주례동,5*,월세,20,500,28,2010,가야대로366번길,detatched_multiFamily
부산광역시 사상구 주례동,9*,월세,20,500,58,2016,주례로34번길,detatched_multiFamily
부산광역시 사상구 주례동,3**,월세,20,2000,20,1990,양지로42번길,detatched_multiFamily
부산광역시 사상구 주례동,9*,전세,20,7500,0,2017,가야대로330번길,detatched_multiFamily
부산광역시 사상구 주례동,1**,전세,20,4000,0,2019,가야대로344번길,detatched_multiFamily
부산광역시 사상구 주례동,5*,전세,20,5800,0,2019,진사로24번길,detatched_multiFamily
부산광역시 사상구 주례동,9*,전세,20,4000,0,2016,,detatched_multiFamily
부산광역시 사상구 주례동,9*,전세,20,5000,0,2019,가야대로330번길,detatched_multiFamily
부산광역시 사상구 주례동,5*,전세,20,6000,0,2019,진사로24번길,detatched_multiFamily
부산광역시 사상구 주례동,9*,전세,20,8000,0,2020,가야대로330번길,detatched_multiFamily
부산광역시 사상구 주례동,9*,전세,20,6000,0,2020,,detatched_multiFamily
부산광역시 사상구 주례동,5*,전세,20.16,9000,0,2019,진사로24번길,detatched_multiFamily
부산광역시 사상구 주례동,5*,전세,20.16,9000,0,2019,진사로24번길,detatched_multiFamily
부산광역시 사상구 주례동,8*,전세,20.22,4500,0,,가야대로366번길,detatched_multiFamily
부산광역시 사상구 주례동,9*,월세,20.59,200,33,2010,가야대로318번길,detatched_multiFamily
부산광역시 사상구 주례동,9*,월세,20.66,1000,55,2021,주례로34번길,detatched_multiFamily
부산광역시 사상구 주례동,1**,월세,21,200,12,1992,가야대로318번길,detatched_multiFamily
부산광역시 사상구 주례동,7**,전세,21,3800,0,2011,동주로,detatched_multiFamily
부산광역시 사상구 주례동,1**,월세,21.2,1000,32,2019,냉정로,detatched_multiFamily
부산광역시 사상구 주례동,9*,월세,21.22,500,35,2016,,detatched_multiFamily
부산광역시 사상구 주례동,9*,월세,21.26,200,25,2010,,detatched_multiFamily
부산광역시 사상구 주례동,5*,월세,21.3,300,30,2010,가야대로378번길,detatched_multiFamily
부산광역시 사상구 주례동,9*,월세,21.45,1000,25,2019,가야대로318번길,detatched_multiFamily
부산광역시 사상구 주례동,9*,전세,21.49,5000,0,2017,가야대로330번길,detatched_multiFamily
부산광역시 사상구 주례동,1**,전세,21.68,6000,0,2019,,detatched_multiFamily
부산광역시 사상구 주례동,9*,월세,21.92,1500,37,2020,가야대로330번길,detatched_multiFamily
부산광역시 사상구 주례동,1**,월세,22,4000,7,2019,가야대로344번길,detatched_multiFamily
부산광역시 사상구 주례동,3**,월세,22,100,15,1988,백양대로,detatched_multiFamily
부산광역시 사상구 주례동,1**,월세,22,1000,35,2006,주례로,detatched_multiFamily
부산광역시 사상구 주례동,1**,월세,22,500,39,2019,가야대로344번길,detatched_multiFamily
부산광역시 사상구 주례동,5*,전세,22,4000,0,2011,진사로28번길,detatched_multiFamily
부산광역시 사상구 주례동,9*,월세,22.2,500,25,2006,,detatched_multiFamily
부산광역시 사상구 주례동,1**,전세,22.7,6000,0,2019,주례로34번길,detatched_multiFamily
부산광역시 사상구 주례동,5*,월세,23,300,20,1975,주례로9번길,detatched_multiFamily
부산광역시 사상구 주례동,5*,월세,23.19,150,31,2011,진사로28번길,detatched_multiFamily
부산광역시 사상구 주례동,8*,전세,23.56,4000,0,2016,가야대로366번길,detatched_multiFamily
부산광역시 사상구 주례동,9*,월세,23.6,1000,57,2020,가야대로330번길,detatched_multiFamily
부산광역시 사상구 주례동,1**,월세,23.7,4200,5,2014,가야대로344번길,detatched_multiFamily
부산광역시 사상구 주례동,9*,월세,23.79,200,25,2007,가야대로318번길,detatched_multiFamily
부산광역시 사상구 주례동,9*,월세,24.13,300,30,2010,가야대로318번길,detatched_multiFamily
부산광역시 사상구 주례동,9*,전세,24.5,9000,0,2021,주례로34번길,detatched_multiFamily
부산광역시 사상구 주례동,9*,전세,24.79,9000,0,2021,주례로34번길,detatched_multiFamily
부산광역시 사상구 주례동,1**,월세,25,1300,20,1993,가야대로318번길,detatched_multiFamily
부산광역시 사상구 주례동,9*,월세,25,1000,60,2020,가야대로330번길,detatched_multiFamily
부산광역시 사상구 주례동,9*,월세,25,3500,40,2020,가야대로330번길,detatched_multiFamily
부산광역시 사상구 주례동,5**,월세,25,1000,40,1976,냉정로,detatched_multiFamily
부산광역시 사상구 주례동,9*,월세,25,500,37,1992,가야대로330번길,detatched_multiFamily
부산광역시 사상구 주례동,9*,월세,25,9000,7,2019,가야대로330번길,detatched_multiFamily
부산광역시 사상구 주례동,1**,월세,25,400,40,2012,주례로,detatched_multiFamily
부산광역시 사상구 주례동,9*,전세,25,9000,0,2020,가야대로330번길,detatched_multiFamily
부산광역시 사상구 주례동,1**,전세,25,5000,0,2019,가야대로344번길,detatched_multiFamily
부산광역시 사상구 주례동,9*,전세,25,6500,0,2019,가야대로330번길,detatched_multiFamily
부산광역시 사상구 주례동,9*,전세,25,8500,0,2019,가야대로330번길,detatched_multiFamily
부산광역시 사상구 주례동,1**,전세,25,5000,0,2019,가야대로344번길,detatched_multiFamily
부산광역시 사상구 주례동,9*,전세,25,9000,0,2020,가야대로330번길,detatched_multiFamily
부산광역시 사상구 주례동,9*,전세,25,6000,0,2019,가야대로330번길,detatched_multiFamily
부산광역시 사상구 주례동,9*,월세,25.6,2300,15,2009,주례로28번길,detatched_multiFamily
부산광역시 사상구 주례동,5*,전세,26.3,6000,0,2019,진사로24번길,detatched_multiFamily
부산광역시 사상구 주례동,1**,월세,26.44,100,5,1992,가야대로330번길,detatched_multiFamily
부산광역시 사상구 주례동,1**,월세,26.45,200,15,1991,주례로34번길,detatched_multiFamily
부산광역시 사상구 주례동,9*,전세,26.45,4500,0,2020,가야대로330번길,detatched_multiFamily
부산광역시 사상구 주례동,1**,월세,27,15,15,1997,가야대로344번길,detatched_multiFamily
부산광역시 사상구 주례동,1**,월세,28.3,3000,21,2019,냉정로,detatched_multiFamily
부산광역시 사상구 주례동,1**,월세,28.7,500,29,2014,가야대로344번길,detatched_multiFamily
부산광역시 사상구 주례동,9*,월세,29.7,500,28,,가야대로318번길,detatched_multiFamily
부산광역시 사상구 주례동,8*,월세,30,100,24,1997,가야대로366번길,detatched_multiFamily
부산광역시 사상구 주례동,1**,월세,30,1000,35,2006,주례로,detatched_multiFamily
부산광역시 사상구 주례동,1**,월세,30,500,45,2006,주례로,detatched_multiFamily
부산광역시 사상구 주례동,6*,월세,30,2000,54,2017,가야대로378번길,detatched_multiFamily
부산광역시 사상구 주례동,9*,월세,30,200,27,1977,가야대로344번길,detatched_multiFamily
부산광역시 사상구 주례동,9*,월세,30,300,27,2010,가야대로330번길,detatched_multiFamily
부산광역시 사상구 주례동,8*,월세,30,300,20,1989,가야대로378번길,detatched_multiFamily
부산광역시 사상구 주례동,1**,월세,30,1000,50,1993,가야대로310번길,detatched_multiFamily
부산광역시 사상구 주례동,3**,전세,30,2500,0,1988,양지로42번길,detatched_multiFamily
부산광역시 사상구 주례동,9*,전세,30,10000,0,2020,가야대로330번길,detatched_multiFamily
부산광역시 사상구 주례동,8*,전세,30,4500,0,1978,진사로36번나길,detatched_multiFamily
부산광역시 사상구 주례동,8*,전세,30,4500,0,1979,진사로36번나길,detatched_multiFamily
부산광역시 사상구 주례동,9*,전세,30,7500,0,2020,가야대로330번길,detatched_multiFamily
부산광역시 사상구 주례동,1**,전세,30,10000,0,2019,냉정로,detatched_multiFamily
부산광역시 사상구 주례동,9*,전세,30,6000,0,2020,가야대로330번길,detatched_multiFamily
부산광역시 사상구 주례동,5*,전세,30,7000,0,1981,가야대로378번길,detatched_multiFamily
부산광역시 사상구 주례동,8*,전세,30,5000,0,1977,가야대로366번길,detatched_multiFamily
부산광역시 사상구 주례동,9**,전세,30.1,3000,0,1991,백양대로,detatched_multiFamily
부산광역시 사상구 주례동,9*,전세,31.77,6000,0,2019,가야대로318번길,detatched_multiFamily
부산광역시 사상구 주례동,1**,전세,32,8000,0,2019,가야대로330번길,detatched_multiFamily
부산광역시 사상구 주례동,8*,월세,32.22,200,28,1978,가야대로366번길,detatched_multiFamily
부산광역시 사상구 주례동,3**,전세,33,2500,0,1990,백양대로433번길,detatched_multiFamily
부산광역시 사상구 주례동,5**,전세,33,3000,0,1996,동주로,detatched_multiFamily
부산광역시 사상구 주례동,9**,전세,33,4500,0,1988,,detatched_multiFamily
부산광역시 사상구 주례동,9*,월세,33.06,500,10,1977,주례로28번길,detatched_multiFamily
부산광역시 사상구 주례동,5**,전세,33.06,2500,0,1989,주례로139번길,detatched_multiFamily
부산광역시 사상구 주례동,1**,전세,33.06,3000,0,1997,주례로10번길,detatched_multiFamily
부산광역시 사상구 주례동,9*,월세,33.08,7000,10,2017,가야대로330번길,detatched_multiFamily
부산광역시 사상구 주례동,9**,전세,33.16,2500,0,1991,백양대로,detatched_multiFamily
부산광역시 사상구 주례동,1***,전세,34.64,6500,0,1971,진사로,detatched_multiFamily
부산광역시 사상구 주례동,5*,월세,35,1000,20,1995,가야대로388번길,detatched_multiFamily
부산광역시 사상구 주례동,5**,월세,35,800,30,1976,주례로10번길,detatched_multiFamily
부산광역시 사상구 주례동,8*,월세,35,100,15,2004,가야대로366번길,detatched_multiFamily
부산광역시 사상구 주례동,5*,전세,35.54,5000,0,1977,진사로24번길,detatched_multiFamily
부산광역시 사상구 주례동,1**,월세,36,800,17,1979,가야대로330번길,detatched_multiFamily
부산광역시 사상구 주례동,1**,월세,36.68,500,30,1984,가야대로330번길,detatched_multiFamily
부산광역시 사상구 주례동,1**,월세,37.7,1000,45,2017,주례로,detatched_multiFamily
부산광역시 사상구 주례동,3**,전세,38,3500,0,1988,양지로42번길,detatched_multiFamily
부산광역시 사상구 주례동,1**,월세,38.37,2500,5,1993,가야대로318번길,detatched_multiFamily
부산광역시 사상구 주례동,8*,월세,38.66,300,13,1984,가야대로366번길,detatched_multiFamily
부산광역시 사상구 주례동,5**,월세,39.67,200,30,1991,가야대로284번길,detatched_multiFamily
부산광역시 사상구 주례동,8*,월세,39.76,500,35,1978,가야대로366번길,detatched_multiFamily
부산광역시 사상구 주례동,5*,월세,40,1000,32,1993,,detatched_multiFamily
부산광역시 사상구 주례동,8**,월세,40,500,20,,백양대로445번길,detatched_multiFamily
부산광역시 사상구 주례동,9**,월세,40,300,18,1988,백양대로494번길,detatched_multiFamily
부산광역시 사상구 주례동,9*,전세,40,7000,0,2017,가야대로330번길,detatched_multiFamily
부산광역시 사상구 주례동,1**,월세,40.33,5000,20,,주례로,detatched_multiFamily
부산광역시 사상구 주례동,5*,월세,41.07,6000,5,1975,주례로9번길,detatched_multiFamily
부산광역시 사상구 주례동,1***,월세,41.33,5000,20,1975,진사로,detatched_multiFamily
부산광역시 사상구 주례동,1**,월세,42.34,2000,20,1988,가야대로360번길,detatched_multiFamily
부산광역시 사상구 주례동,9**,월세,42.42,3000,30,,백양대로494번길,detatched_multiFamily
부산광역시 사상구 주례동,6**,전세,44,6000,0,1981,냉정로4번길,detatched_multiFamily
부산광역시 사상구 주례동,3**,전세,44.37,5000,0,1989,양지로30번길,detatched_multiFamily
부산광역시 사상구 주례동,5**,월세,45,1000,10,1989,주례로139번길,detatched_multiFamily
부산광역시 사상구 주례동,6**,월세,45,0,15,1973,동주로16번길,detatched_multiFamily
부산광역시 사상구 주례동,5*,전세,45,5000,0,1990,가야대로388번길,detatched_multiFamily
부산광역시 사상구 주례동,5**,전세,45.52,6000,0,1982,냉정로4번길,detatched_multiFamily
부산광역시 사상구 주례동,5**,월세,45.78,300,25,1987,가야대로310번길,detatched_multiFamily
부산광역시 사상구 주례동,5**,월세,46,1000,30,1985,동주로,detatched_multiFamily
부산광역시 사상구 주례동,3**,전세,46.04,5000,0,1988,양지로24번길,detatched_multiFamily
부산광역시 사상구 주례동,5**,월세,46.16,200,27,1997,냉정로,detatched_multiFamily
부산광역시 사상구 주례동,3**,월세,47,1000,25,1988,양지로24번길,detatched_multiFamily
부산광역시 사상구 주례동,1**,전세,47.24,3000,0,2010,가야대로344번길,detatched_multiFamily
부산광역시 사상구 주례동,5*,월세,47.91,5000,10,1974,냉정로,detatched_multiFamily
부산광역시 사상구 주례동,5*,월세,47.91,5000,10,1974,냉정로,detatched_multiFamily
부산광역시 사상구 주례동,9**,월세,48,0,35,1988,백양대로500번길,detatched_multiFamily
부산광역시 사상구 주례동,8*,전세,48.93,7000,0,1978,가야대로388번길,detatched_multiFamily
부산광역시 사상구 주례동,1**,월세,49.45,1000,15,1976,가야대로344번길,detatched_multiFamily
부산광역시 사상구 주례동,2**,월세,49.5,500,20,,양지로22번길,detatched_multiFamily
부산광역시 사상구 주례동,1**,월세,49.59,1000,15,1980,주례로10번길,detatched_multiFamily
부산광역시 사상구 주례동,5**,월세,49.59,2000,65,1981,주례로10번길,detatched_multiFamily
부산광역시 사상구 주례동,7*,전세,49.59,8000,0,,가야대로366번길,detatched_multiFamily
부산광역시 사상구 주례동,3**,월세,50,2000,15,1989,양지로24번길,detatched_multiFamily
부산광역시 사상구 주례동,3**,월세,50,2000,15,1989,양지로24번길,detatched_multiFamily
부산광역시 사상구 주례동,2**,월세,50,3000,50,1984,주감로,detatched_multiFamily
부산광역시 사상구 주례동,2**,월세,50,3000,50,1984,주감로,detatched_multiFamily
부산광역시 사상구 주례동,7*,월세,50,1000,40,1978,가야대로366번길,detatched_multiFamily
부산광역시 사상구 주례동,1**,월세,50,300,30,1967,주례로10번길,detatched_multiFamily
부산광역시 사상구 주례동,5**,월세,50,1500,20,1984,주례로,detatched_multiFamily
부산광역시 사상구 주례동,9**,월세,50,1500,30,1988,백양대로494번길,detatched_multiFamily
부산광역시 사상구 주례동,9*,월세,50,1000,45,1995,주례로28번길,detatched_multiFamily
부산광역시 사상구 주례동,8*,전세,50,4000,0,1978,진사로36번나길,detatched_multiFamily
부산광역시 사상구 주례동,1***,월세,50.25,1000,30,1978,가야대로,detatched_multiFamily
부산광역시 사상구 주례동,9*,월세,50.3,2000,5,1992,가야대로330번길,detatched_multiFamily
부산광역시 사상구 주례동,5*,월세,51,1000,20,1978,가야대로388번길,detatched_multiFamily
부산광역시 사상구 주례동,9*,월세,51.15,4000,5,1992,,detatched_multiFamily
부산광역시 사상구 주례동,5*,월세,51.57,1000,45,1990,냉정로,detatched_multiFamily
부산광역시 사상구 주례동,5*,전세,51.57,10000,0,1974,주례로9번길,detatched_multiFamily
부산광역시 사상구 주례동,1**,월세,51.59,3000,24,2014,냉정로,detatched_multiFamily
부산광역시 사상구 주례동,8*,월세,51.9,2000,30,1977,가야대로366번길,detatched_multiFamily
부산광역시 사상구 주례동,1**,월세,52,100,40,1980,주례로10번길,detatched_multiFamily
부산광역시 사상구 주례동,9**,전세,52,8000,0,2002,백양대로494번길,detatched_multiFamily
부산광역시 사상구 주례동,5*,월세,52.56,1000,49,1978,진사로24번길,detatched_multiFamily
부산광역시 사상구 주례동,4*,월세,52.89,500,30,1974,백양대로357번길,detatched_multiFamily
부산광역시 사상구 주례동,3**,월세,53,500,30,1989,양지로22번길,detatched_multiFamily
부산광역시 사상구 주례동,8*,월세,53.6,1500,20,1989,가야대로378번길,detatched_multiFamily
부산광역시 사상구 주례동,3**,월세,53.93,2000,30,1988,양지로42번길,detatched_multiFamily
부산광역시 사상구 주례동,2**,월세,54,1200,15,,주감로,detatched_multiFamily
부산광역시 사상구 주례동,3**,전세,54,6000,0,1988,양지로42번길,detatched_multiFamily
부산광역시 사상구 주례동,9*,전세,54.67,6500,0,1990,가야대로330번길,detatched_multiFamily
부산광역시 사상구 주례동,6**,월세,55.89,1500,25,1988,주례로149번길,detatched_multiFamily
부산광역시 사상구 주례동,6**,월세,56.2,2000,5,1981,냉정로6번길,detatched_multiFamily
부산광역시 사상구 주례동,7**,월세,56.2,1600,28,1981,동주로,detatched_multiFamily
부산광역시 사상구 주례동,5**,전세,56.4,7000,0,,냉정로4번길,detatched_multiFamily
부산광역시 사상구 주례동,5**,전세,56.4,7000,0,1984,냉정로4번길,detatched_multiFamily
부산광역시 사상구 주례동,9*,월세,56.91,500,40,1990,가야대로330번길,detatched_multiFamily
부산광역시 사상구 주례동,9*,월세,56.98,500,30,1996,가야대로330번길,detatched_multiFamily
부산광역시 사상구 주례동,7**,월세,57.12,2000,25,2001,동주로,detatched_multiFamily
부산광역시 사상구 주례동,9*,월세,57.22,6000,10,1989,냉정로,detatched_multiFamily
부산광역시 사상구 주례동,5*,월세,57.52,4000,20,1978,가야대로388번길,detatched_multiFamily
부산광역시 사상구 주례동,7*,월세,57.52,1000,40,1978,가야대로366번길,detatched_multiFamily
부산광역시 사상구 주례동,5*,월세,58.18,2000,30,1974,냉정로,detatched_multiFamily
부산광역시 사상구 주례동,5**,전세,58.5,12000,0,2018,주례로139번길,detatched_multiFamily
부산광역시 사상구 주례동,1***,월세,58.61,1000,45,,진사로,detatched_multiFamily
부산광역시 사상구 주례동,3**,전세,59,10000,0,1989,양지로42번길,detatched_multiFamily
부산광역시 사상구 주례동,1**,월세,59.27,2000,35,1993,가야대로310번길,detatched_multiFamily
부산광역시 사상구 주례동,9*,월세,59.5,2500,20,1990,주례로28번길,detatched_multiFamily
부산광역시 사상구 주례동,6**,전세,59.5,5000,0,1993,동주로,detatched_multiFamily
부산광역시 사상구 주례동,9**,월세,59.6,2000,20,1990,백양대로506번길,detatched_multiFamily
부산광역시 사상구 주례동,1***,월세,60,2000,25,,주감로,detatched_multiFamily
부산광역시 사상구 주례동,1**,월세,60,500,30,1992,가야대로330번길,detatched_multiFamily
부산광역시 사상구 주례동,9**,월세,60,3000,30,1989,백양대로494번길,detatched_multiFamily
부산광역시 사상구 주례동,9*,전세,60,15000,0,2020,가야대로330번길,detatched_multiFamily
부산광역시 사상구 주례동,3**,월세,60.66,2000,20,1990,양지로42번길,detatched_multiFamily
부산광역시 사상구 주례동,8*,월세,62,4000,30,1995,,detatched_multiFamily
부산광역시 사상구 주례동,9*,월세,62.3,500,40,1992,가야대로330번길,detatched_multiFamily
부산광역시 사상구 주례동,9*,월세,63.3,100,35,2018,가야대로318번길,detatched_multiFamily
부산광역시 사상구 주례동,9*,월세,64.05,500,45,1990,가야대로330번길,detatched_multiFamily
부산광역시 사상구 주례동,9*,월세,64.17,500,35,2016,주례로,detatched_multiFamily
부산광역시 사상구 주례동,5**,전세,65.21,6000,0,1991,가야대로284번길,detatched_multiFamily
부산광역시 사상구 주례동,5*,전세,65.21,4000,0,,,detatched_multiFamily
부산광역시 사상구 주례동,5**,월세,66.12,1000,30,1989,주례로139번길,detatched_multiFamily
부산광역시 사상구 주례동,산5*,전세,66.61,2500,0,1985,주례로28번길,detatched_multiFamily
부산광역시 사상구 주례동,8*,전세,66.98,3800,0,2018,진사로36번가길,detatched_multiFamily
부산광역시 사상구 주례동,8*,월세,67.3,3000,40,1978,진사로36번가길,detatched_multiFamily
부산광역시 사상구 주례동,9*,전세,67.63,4000,0,2019,가야대로318번길,detatched_multiFamily
부산광역시 사상구 주례동,9**,월세,68,3000,25,1988,백양대로494번길,detatched_multiFamily
부산광역시 사상구 주례동,1**,전세,68.1,6000,0,1976,가야대로344번길,detatched_multiFamily
부산광역시 사상구 주례동,1**,전세,68.38,3200,0,1976,주례로,detatched_multiFamily
부산광역시 사상구 주례동,5*,월세,69.09,1000,30,1977,가야대로388번길,detatched_multiFamily
부산광역시 사상구 주례동,5**,월세,71.11,5000,30,1982,주례로10번길,detatched_multiFamily
부산광역시 사상구 주례동,1**,월세,71.19,500,45,2018,주례로34번길,detatched_multiFamily
부산광역시 사상구 주례동,1**,월세,71.19,3000,40,2018,주례로34번길,detatched_multiFamily
부산광역시 사상구 주례동,8*,월세,72.07,4000,20,1977,가야대로366번길,detatched_multiFamily
부산광역시 사상구 주례동,1**,월세,72.8,1000,31,2017,주례로34번길,detatched_multiFamily
부산광역시 사상구 주례동,1**,월세,72.8,500,36,2017,주례로34번길,detatched_multiFamily
부산광역시 사상구 주례동,8*,월세,74.24,1500,38,1978,진사로,detatched_multiFamily
부산광역시 사상구 주례동,5**,전세,75.08,5000,0,1976,냉정로,detatched_multiFamily
부산광역시 사상구 주례동,8*,전세,75.47,6000,0,1979,진사로36번가길,detatched_multiFamily
부산광역시 사상구 주례동,7*,월세,75.63,6500,13,1997,,detatched_multiFamily
부산광역시 사상구 주례동,9*,전세,75.67,4000,0,2018,주례로34번길,detatched_multiFamily
부산광역시 사상구 주례동,9*,전세,75.67,4000,0,2018,주례로34번길,detatched_multiFamily
부산광역시 사상구 주례동,5**,전세,75.69,15000,0,2018,주례로139번길,detatched_multiFamily
부산광역시 사상구 주례동,5**,전세,75.69,15000,0,2018,주례로139번길,detatched_multiFamily
부산광역시 사상구 주례동,5*,월세,76.62,5000,50,2015,가야대로388번길,detatched_multiFamily
부산광역시 사상구 주례동,5*,월세,76.62,4000,55,,,detatched_multiFamily
부산광역시 사상구 주례동,5**,월세,77.28,6000,20,1993,냉정로,detatched_multiFamily
부산광역시 사상구 주례동,5**,월세,77.28,6000,20,1993,냉정로,detatched_multiFamily
부산광역시 사상구 주례동,8*,전세,77.32,12000,0,1978,진사로36번가길,detatched_multiFamily
부산광역시 사상구 주례동,1**,월세,79.14,200,26,2009,가야대로330번길,detatched_multiFamily
부산광역시 사상구 주례동,9*,전세,79.33,5000,0,2014,가야대로318번길,detatched_multiFamily
부산광역시 사상구 주례동,9*,월세,79.8,1000,35,2017,주례로,detatched_multiFamily
부산광역시 사상구 주례동,9*,전세,79.83,5000,0,2014,가야대로318번길,detatched_multiFamily
부산광역시 사상구 주례동,5*,월세,81.42,200,32,1976,가야대로366번길,detatched_multiFamily
부산광역시 사상구 주례동,5**,월세,81.6,2500,20,1989,주례로139번길,detatched_multiFamily
부산광역시 사상구 주례동,5*,월세,82.6,1000,25,1977,가야대로388번길,detatched_multiFamily
부산광역시 사상구 주례동,6**,월세,82.92,500,30,1988,주례로149번길,detatched_multiFamily
부산광역시 사상구 주례동,5**,전세,83.9,15000,0,1977,냉정로,detatched_multiFamily
부산광역시 사상구 주례동,5*,월세,84.9,1000,35,2011,주례로9번길,detatched_multiFamily
부산광역시 사상구 주례동,1**,월세,85.51,6000,7,2019,주례로10번길,detatched_multiFamily
부산광역시 사상구 주례동,9**,월세,86.48,7000,20,1990,백양대로494번길,detatched_multiFamily
부산광역시 사상구 주례동,1**,전세,86.72,6000,0,2019,주례로34번길,detatched_multiFamily
부산광역시 사상구 주례동,1**,전세,86.72,6000,0,2019,주례로34번길,detatched_multiFamily
부산광역시 사상구 주례동,5**,전세,87,5000,0,1989,주례로139번길,detatched_multiFamily
부산광역시 사상구 주례동,5**,월세,87.2,1000,7,1990,주례로139번길,detatched_multiFamily
부산광역시 사상구 주례동,1**,월세,90.64,500,42,2006,주례로,detatched_multiFamily
부산광역시 사상구 주례동,1**,월세,94.6,2000,28,2019,가야대로330번길,detatched_multiFamily
부산광역시 사상구 주례동,1**,월세,96.73,1000,15,1990,가야대로310번길,detatched_multiFamily
부산광역시 사상구 주례동,6*,월세,99.09,7000,30,1990,가야대로378번길,detatched_multiFamily
부산광역시 사상구 주례동,9*,월세,99.36,1000,35,2016,,detatched_multiFamily
부산광역시 사상구 주례동,9*,월세,99.36,500,38,2016,주례로34번길,detatched_multiFamily
부산광역시 사상구 주례동,5*,월세,100.08,1000,22,2011,진사로28번길,detatched_multiFamily
부산광역시 사상구 주례동,5*,월세,100.08,250,29,2011,진사로28번길,detatched_multiFamily
부산광역시 사상구 주례동,5*,월세,100.08,300,29,2011,진사로28번길,detatched_multiFamily
부산광역시 사상구 주례동,9*,월세,101,500,15,1990,가야대로330번길,detatched_multiFamily
부산광역시 사상구 주례동,9*,전세,105.79,15000,0,1989,가야대로330번길,detatched_multiFamily
부산광역시 사상구 주례동,1***,월세,108.8,100,20,1975,학장로,detatched_multiFamily
부산광역시 사상구 주례동,9*,전세,108.96,4000,0,2016,가야대로330번길,detatched_multiFamily
부산광역시 사상구 주례동,5*,월세,110.6,300,30,2011,주례로9번길,detatched_multiFamily
부산광역시 사상구 주례동,9*,월세,112.47,300,37,2010,주례로34번길,detatched_multiFamily
부산광역시 사상구 주례동,8*,월세,115.35,2000,23,2016,가야대로366번길,detatched_multiFamily
부산광역시 사상구 주례동,8*,월세,115.35,2000,23,2016,가야대로366번길,detatched_multiFamily
부산광역시 사상구 주례동,1**,월세,119.97,5,35,1978,주례로10번길,detatched_multiFamily
부산광역시 사상구 주례동,1**,월세,121.62,300,25,2010,주례로,detatched_multiFamily
부산광역시 사상구 주례동,1**,월세,122,1500,30,1975,가야대로344번길,detatched_multiFamily
부산광역시 사상구 주례동,3**,월세,125.56,1000,25,1989,양지로8번길,detatched_multiFamily
부산광역시 사상구 주례동,5**,월세,130,1500,20,1991,가야대로284번길,detatched_multiFamily
부산광역시 사상구 주례동,5**,월세,130,1800,14,1991,가야대로284번길,detatched_multiFamily
부산광역시 사상구 주례동,5**,전세,136.53,2800,0,1992,주례로,detatched_multiFamily
부산광역시 사상구 주례동,1**,월세,139.83,300,35,1974,가야대로318번길,detatched_multiFamily
부산광역시 사상구 주례동,8*,전세,141.38,4000,0,2016,가야대로366번길,detatched_multiFamily
부산광역시 사상구 주례동,8*,전세,141.38,4000,0,2016,가야대로366번길,detatched_multiFamily
부산광역시 사상구 주례동,9*,월세,146.1,200,23,2011,가야대로318번길,detatched_multiFamily
부산광역시 사상구 주례동,5*,월세,165.29,200,20,1977,진사로24번길,detatched_multiFamily
부산광역시 사상구 주례동,9**,월세,198.16,1000,20,1988,백양대로494번길,detatched_multiFamily
부산광역시 사상구 주례동,5*,전세,199.73,9000,0,2011,주례로27번길,detatched_multiFamily
부산광역시 사상구 학장동,5**,전세,19.83,5000,0,2017,대동로159번길,detatched_multiFamily
부산광역시 사상구 학장동,1**,월세,21.02,500,30,1983,,detatched_multiFamily
부산광역시 사상구 학장동,5**,전세,29.75,1000,0,1978,대동로131번길,detatched_multiFamily
부산광역시 사상구 학장동,산1**,월세,33,100,20,1988,학장로224번길,detatched_multiFamily
부산광역시 사상구 학장동,1**,전세,85.11,2400,0,1990,학장로216번길,detatched_multiFamily
부산광역시 사상구 학장동,2**,월세,89.16,1000,25,1988,학장로224번길,detatched_multiFamily
부산광역시 사하구 감천동,1**,월세,16.53,200,20,1983,감천로142번길,detatched_multiFamily
부산광역시 사하구 감천동,1*,전세,17.5,3200,0,1994,감내1로,detatched_multiFamily
부산광역시 사하구 감천동,5**,전세,24,2000,0,1991,감천로105번길,detatched_multiFamily
부산광역시 사하구 감천동,*,월세,33,200,10,,감내1로163번길,detatched_multiFamily
부산광역시 사하구 감천동,1*,월세,33,1000,15,1982,감내1로,detatched_multiFamily
부산광역시 사하구 감천동,*,월세,33,100,10,,감내1로163번길,detatched_multiFamily
부산광역시 사하구 감천동,1*,월세,36.36,200,10,1985,옥천로67번길,detatched_multiFamily
부산광역시 사하구 감천동,4*,전세,37,3000,0,1992,감천로157번길,detatched_multiFamily
부산광역시 사하구 감천동,4*,전세,37,3000,0,1992,감천로157번길,detatched_multiFamily
부산광역시 사하구 감천동,2**,전세,38.68,2000,0,1977,원양로350번길,detatched_multiFamily
부산광역시 사하구 감천동,1*,전세,40,1000,0,1985,옥천로111번길,detatched_multiFamily
부산광역시 사하구 감천동,6**,월세,42.68,2000,10,1979,감천로73번길,detatched_multiFamily
부산광역시 사하구 감천동,6**,월세,43.95,3000,13,1980,감천로43번길,detatched_multiFamily
부산광역시 사하구 감천동,2**,월세,44,500,10,1985,원양로398번길,detatched_multiFamily
부산광역시 사하구 감천동,2*,월세,46.13,3000,10,1991,감천로139번길,detatched_multiFamily
부산광역시 사하구 감천동,6**,전세,47.61,6000,0,1983,감천로73번길,detatched_multiFamily
부산광역시 사하구 감천동,6**,월세,48.65,1000,20,1979,감천로21번길,detatched_multiFamily
부산광역시 사하구 감천동,4*,전세,49,4000,0,1990,감천로151번길,detatched_multiFamily
부산광역시 사하구 감천동,4*,전세,49,4000,0,1990,감천로151번길,detatched_multiFamily
부산광역시 사하구 감천동,6**,전세,49.49,8000,0,,감천로73번길,detatched_multiFamily
부산광역시 사하구 감천동,6**,전세,49.49,8000,0,1979,감천로73번길,detatched_multiFamily
부산광역시 사하구 감천동,3*,월세,49.83,500,20,1990,감천로139번라길,detatched_multiFamily
부산광역시 사하구 감천동,5**,전세,50,6000,0,2006,감천로93번길,detatched_multiFamily
부산광역시 사하구 감천동,6**,월세,50.58,3000,20,1979,감천로73번길,detatched_multiFamily
부산광역시 사하구 감천동,1*,전세,52.62,2200,0,1985,옥천로,detatched_multiFamily
부산광역시 사하구 감천동,*,월세,56.19,300,20,1985,감내1로175번안길,detatched_multiFamily
부산광역시 사하구 감천동,1*,월세,56.19,500,10,,옥천로70번길,detatched_multiFamily
부산광역시 사하구 감천동,6**,월세,58.03,3000,35,,감천로43번길,detatched_multiFamily
부산광역시 사하구 감천동,2**,월세,63.27,200,10,1941,감천로210번길,detatched_multiFamily
부산광역시 사하구 감천동,6**,전세,63.9,6000,0,1988,감천로67번길,detatched_multiFamily
부산광역시 사하구 감천동,1*,월세,65,500,20,1985,옥천로93번길,detatched_multiFamily
부산광역시 사하구 감천동,5**,전세,65.28,6500,0,1992,감천로93번길,detatched_multiFamily
부산광역시 사하구 감천동,1*,전세,69.69,4000,0,,옥천로,detatched_multiFamily
부산광역시 사하구 감천동,2**,월세,74.5,300,20,1985,원양로356번길,detatched_multiFamily
부산광역시 사하구 감천동,5**,월세,77.55,7500,20,1977,감천로83번길,detatched_multiFamily
부산광역시 사하구 감천동,산9*,전세,78.9,7000,0,1985,옥천로24번길,detatched_multiFamily
부산광역시 사하구 감천동,6**,전세,79.2,4500,0,1988,감천로,detatched_multiFamily
부산광역시 사하구 감천동,1*,전세,95,3000,0,1994,감내1로,detatched_multiFamily
부산광역시 사하구 감천동,4*,월세,100,300,15,1975,감천로157번길,detatched_multiFamily
부산광역시 사하구 감천동,4**,월세,102.28,2000,35,1996,감천로109번길,detatched_multiFamily
부산광역시 사하구 괴정동,3**,월세,10.05,200,33,1985,사리로7번길,detatched_multiFamily
부산광역시 사하구 괴정동,4**,월세,11.05,100,30,2012,오작로8번길,detatched_multiFamily
부산광역시 사하구 괴정동,2**,월세,16.15,100,25,2015,사리로,detatched_multiFamily
부산광역시 사하구 괴정동,1**,전세,16.86,2000,0,1985,대티로63번다길,detatched_multiFamily
부산광역시 사하구 괴정동,3**,월세,17.7,2000,10,,,detatched_multiFamily
부산광역시 사하구 괴정동,1***,월세,18,300,30,2010,회화나무길,detatched_multiFamily
부산광역시 사하구 괴정동,1***,월세,18,1000,45,2010,회화나무길,detatched_multiFamily
부산광역시 사하구 괴정동,1***,월세,18.15,300,40,2018,마하로12번길,detatched_multiFamily
부산광역시 사하구 괴정동,3**,월세,19.5,2000,20,2017,오작로,detatched_multiFamily
부산광역시 사하구 괴정동,2**,월세,20,500,38,2010,승학로224번길,detatched_multiFamily
부산광역시 사하구 괴정동,9**,전세,20,800,0,1967,낙동대로224번길,detatched_multiFamily
부산광역시 사하구 괴정동,3**,월세,21.8,100,30,2017,사리로8번길,detatched_multiFamily
부산광역시 사하구 괴정동,3**,월세,21.8,100,31,2017,사리로8번길,detatched_multiFamily
부산광역시 사하구 괴정동,3**,전세,22.23,4500,0,2010,,detatched_multiFamily
부산광역시 사하구 괴정동,3**,전세,22.23,4500,0,2010,낙동대로140번길,detatched_multiFamily
부산광역시 사하구 괴정동,1***,월세,22.75,500,32,2010,마하로12번길,detatched_multiFamily
부산광역시 사하구 괴정동,8**,월세,23.1,2000,25,2010,회화나무길,detatched_multiFamily
부산광역시 사하구 괴정동,1**,월세,23.14,2000,15,1975,낙동대로140번길,detatched_multiFamily
부산광역시 사하구 괴정동,1***,월세,23.2,300,25,2010,마하로12번길,detatched_multiFamily
부산광역시 사하구 괴정동,5**,월세,23.35,6000,17,2017,괴정로232번길,detatched_multiFamily
부산광역시 사하구 괴정동,5**,월세,23.35,6000,17,2017,괴정로232번길,detatched_multiFamily
부산광역시 사하구 괴정동,5**,월세,23.35,1000,35,2017,괴정로232번길,detatched_multiFamily
부산광역시 사하구 괴정동,5**,월세,23.35,500,40,2017,괴정로232번길,detatched_multiFamily
부산광역시 사하구 괴정동,5**,전세,23.35,7500,0,2017,괴정로232번길,detatched_multiFamily
부산광역시 사하구 괴정동,4**,월세,24,700,45,1981,괴정로,detatched_multiFamily
부산광역시 사하구 괴정동,1**,전세,24.33,2000,0,1985,대티로41번길,detatched_multiFamily
부산광역시 사하구 괴정동,1***,월세,24.44,100,29,2010,낙동대로216번길,detatched_multiFamily
부산광역시 사하구 괴정동,3**,월세,25,800,45,2015,대티로1번길,detatched_multiFamily
부산광역시 사하구 괴정동,3**,월세,25,300,50,2015,대티로1번길,detatched_multiFamily
부산광역시 사하구 괴정동,3**,월세,25,500,40,2015,대티로1번길,detatched_multiFamily
부산광역시 사하구 괴정동,5**,전세,25,6500,0,2012,괴정로245번길,detatched_multiFamily
부산광역시 사하구 괴정동,5**,전세,25,6500,0,2012,괴정로245번길,detatched_multiFamily
부산광역시 사하구 괴정동,2**,월세,26.45,2600,20,1968,낙동대로,detatched_multiFamily
부산광역시 사하구 괴정동,5**,월세,27,3500,25,2012,괴정로245번길,detatched_multiFamily
부산광역시 사하구 괴정동,1***,월세,29.05,1000,20,,승학로165번길,detatched_multiFamily
부산광역시 사하구 괴정동,1***,월세,29.14,1000,20,1989,승학로165번길,detatched_multiFamily
부산광역시 사하구 괴정동,8**,월세,29.52,400,29,2010,회화나무길,detatched_multiFamily
부산광역시 사하구 괴정동,3**,전세,29.7,8000,0,2015,대티로1번길,detatched_multiFamily
부산광역시 사하구 괴정동,3**,전세,29.7,8000,0,2015,대티로1번길,detatched_multiFamily
부산광역시 사하구 괴정동,9**,월세,30,1000,37,2017,낙동대로234번길,detatched_multiFamily
부산광역시 사하구 괴정동,5**,전세,30,6500,0,2012,괴정로245번길,detatched_multiFamily
부산광역시 사하구 괴정동,1***,전세,30.38,6000,0,,회화나무길,detatched_multiFamily
부산광역시 사하구 괴정동,5**,전세,30.5,6500,0,2012,괴정로245번길,detatched_multiFamily
부산광역시 사하구 괴정동,5**,전세,30.5,6500,0,2012,괴정로245번길,detatched_multiFamily
부산광역시 사하구 괴정동,5**,전세,30.5,6500,0,2012,괴정로245번길,detatched_multiFamily
부산광역시 사하구 괴정동,1***,월세,30.9,1000,20,1979,낙동대로224번길,detatched_multiFamily
부산광역시 사하구 괴정동,9**,월세,31.2,500,30,,사하로,detatched_multiFamily
부산광역시 사하구 괴정동,1***,월세,32,500,35,2011,승학로224번길,detatched_multiFamily
부산광역시 사하구 괴정동,4**,월세,32.26,2000,15,1977,오작로8번길,detatched_multiFamily
부산광역시 사하구 괴정동,3**,전세,32.37,6500,0,2010,낙동대로140번길,detatched_multiFamily
부산광역시 사하구 괴정동,1***,월세,32.76,1000,28,1974,승학로224번길,detatched_multiFamily
부산광역시 사하구 괴정동,1***,월세,33,500,20,,사하로186번길,detatched_multiFamily
부산광역시 사하구 괴정동,9**,월세,33.3,500,35,1978,회화나무길,detatched_multiFamily
부산광역시 사하구 괴정동,9**,월세,33.3,500,35,2012,낙동대로224번길,detatched_multiFamily
부산광역시 사하구 괴정동,1***,월세,33.36,2500,20,1976,낙동대로216번길,detatched_multiFamily
부산광역시 사하구 괴정동,5**,월세,34.04,500,50,2012,괴정로244번길,detatched_multiFamily
부산광역시 사하구 괴정동,3**,전세,35,9000,0,,,detatched_multiFamily
부산광역시 사하구 괴정동,8**,전세,35.16,5000,0,1994,장평로450번길,detatched_multiFamily
부산광역시 사하구 괴정동,1***,전세,35.4,3000,0,1985,승학로224번길,detatched_multiFamily
부산광역시 사하구 괴정동,6**,전세,35.83,4000,0,1975,괴정로244번길,detatched_multiFamily
부산광역시 사하구 괴정동,4**,월세,36.53,1500,20,1975,오작로,detatched_multiFamily
부산광역시 사하구 괴정동,2**,전세,36.6,5000,0,1985,낙동대로164번길,detatched_multiFamily
부산광역시 사하구 괴정동,1***,전세,36.96,5200,0,1979,승학로,detatched_multiFamily
부산광역시 사하구 괴정동,5**,전세,37.44,5000,0,1983,사하로141번길,detatched_multiFamily
부산광역시 사하구 괴정동,1***,월세,38.06,900,20,,사하로198번길,detatched_multiFamily
부산광역시 사하구 괴정동,1***,월세,38.06,900,20,1985,,detatched_multiFamily
부산광역시 사하구 괴정동,9*,전세,39.57,3500,0,1979,대티로,detatched_multiFamily
부산광역시 사하구 괴정동,2**,월세,39.6,3000,33,2019,승학로284번길,detatched_multiFamily
부산광역시 사하구 괴정동,1*,전세,40,3000,0,1970,까치고개로,detatched_multiFamily
부산광역시 사하구 괴정동,3**,전세,40,9000,0,,대티로1번길,detatched_multiFamily
부산광역시 사하구 괴정동,3**,전세,40,9000,0,2015,대티로1번길,detatched_multiFamily
부산광역시 사하구 괴정동,5**,전세,40.76,4000,0,1979,괴정로,detatched_multiFamily
부산광역시 사하구 괴정동,9**,월세,40.78,1000,45,1978,회화나무길,detatched_multiFamily
부산광역시 사하구 괴정동,3**,월세,40.84,5000,10,1987,오작로88번길,detatched_multiFamily
부산광역시 사하구 괴정동,4**,월세,41,1000,15,1991,사하로141번나길,detatched_multiFamily
부산광역시 사하구 괴정동,3**,월세,41.32,3000,23,1970,낙동대로140번길,detatched_multiFamily
부산광역시 사하구 괴정동,4**,전세,42.48,5500,0,,사하로141번나길,detatched_multiFamily
부산광역시 사하구 괴정동,5**,월세,42.5,1000,25,1993,사하로141번나길,detatched_multiFamily
부산광역시 사하구 괴정동,1**,월세,42.54,2000,20,1978,대티로,detatched_multiFamily
부산광역시 사하구 괴정동,9**,월세,44.26,2000,45,1975,낙동대로234번길,detatched_multiFamily
부산광역시 사하구 괴정동,5**,월세,44.46,1000,30,1974,장평로,detatched_multiFamily
부산광역시 사하구 괴정동,1***,전세,44.46,5000,0,1987,마하로12번길,detatched_multiFamily
부산광역시 사하구 괴정동,3**,전세,44.69,2500,0,1987,까치고개로26번길,detatched_multiFamily
부산광역시 사하구 괴정동,4**,월세,45,1500,20,1996,사하로141번나길,detatched_multiFamily
부산광역시 사하구 괴정동,3**,월세,45.12,2000,20,1973,,detatched_multiFamily
부산광역시 사하구 괴정동,2**,전세,45.32,3000,0,,사리로46번길,detatched_multiFamily
부산광역시 사하구 괴정동,2**,월세,45.47,1000,20,,사리로57번길,detatched_multiFamily
부산광역시 사하구 괴정동,5**,월세,45.54,1000,20,1977,사하로141번나길,detatched_multiFamily
부산광역시 사하구 괴정동,1***,전세,45.66,7000,0,1983,,detatched_multiFamily
부산광역시 사하구 괴정동,5**,월세,45.72,5000,10,1978,괴정로231번길,detatched_multiFamily
부산광역시 사하구 괴정동,1**,전세,46.2,2500,0,,대티로59번길,detatched_multiFamily
부산광역시 사하구 괴정동,1***,월세,47.34,500,25,1982,승학로,detatched_multiFamily
부산광역시 사하구 괴정동,8**,월세,47.43,1000,35,2004,낙동대로250번길,detatched_multiFamily
부산광역시 사하구 괴정동,3**,전세,47.78,11000,0,2015,까치고개로,detatched_multiFamily
부산광역시 사하구 괴정동,4**,전세,47.83,5000,0,2000,사하로141번가길,detatched_multiFamily
부산광역시 사하구 괴정동,5**,전세,48,2500,0,1978,장평로443번길,detatched_multiFamily
부산광역시 사하구 괴정동,5**,전세,48.07,6000,0,,괴정로260번길,detatched_multiFamily
부산광역시 사하구 괴정동,8**,전세,48.46,7000,0,1994,,detatched_multiFamily
부산광역시 사하구 괴정동,3**,월세,49.2,2000,35,1976,낙동대로135번길,detatched_multiFamily
부산광역시 사하구 괴정동,5**,월세,49.5,1000,35,1986,괴정로,detatched_multiFamily
부산광역시 사하구 괴정동,5**,월세,49.7,1000,25,1978,장평로450번길,detatched_multiFamily
부산광역시 사하구 괴정동,5**,전세,50,6000,0,1992,괴정로260번길,detatched_multiFamily
부산광역시 사하구 괴정동,1***,월세,50.02,500,25,1979,낙동대로224번길,detatched_multiFamily
부산광역시 사하구 괴정동,5**,월세,50.02,500,40,1974,괴정로244번길,detatched_multiFamily
부산광역시 사하구 괴정동,1***,월세,50.25,1500,20,1991,마하로,detatched_multiFamily
부산광역시 사하구 괴정동,5**,전세,50.82,6000,0,1987,괴정로,detatched_multiFamily
부산광역시 사하구 괴정동,3**,전세,51.37,7500,0,,까치고개로,detatched_multiFamily
부산광역시 사하구 괴정동,3**,월세,51.47,1000,15,1991,낙동대로135번길,detatched_multiFamily
부산광역시 사하구 괴정동,7**,월세,51.83,1000,45,1972,낙동대로258번길,detatched_multiFamily
부산광역시 사하구 괴정동,1***,전세,52.43,8200,0,,낙동대로302번길,detatched_multiFamily
부산광역시 사하구 괴정동,5**,월세,53,4000,25,1991,괴정로271번길,detatched_multiFamily
부산광역시 사하구 괴정동,2**,전세,53.62,7000,0,1979,사리로,detatched_multiFamily
부산광역시 사하구 괴정동,5**,월세,54.45,2000,55,2017,낙동대로233번길,detatched_multiFamily
부산광역시 사하구 괴정동,1***,월세,55,1000,30,1988,낙동대로224번길,detatched_multiFamily
부산광역시 사하구 괴정동,1***,월세,55,1000,30,1988,낙동대로224번길,detatched_multiFamily
부산광역시 사하구 괴정동,1***,월세,55.72,1000,35,1989,승학로165번길,detatched_multiFamily
부산광역시 사하구 괴정동,4**,전세,55.97,15000,0,1974,괴정로284번길,detatched_multiFamily
부산광역시 사하구 괴정동,5**,월세,56,4000,15,1991,괴정로271번길,detatched_multiFamily
부산광역시 사하구 괴정동,5**,월세,56.25,2500,30,1984,장평로450번길,detatched_multiFamily
부산광역시 사하구 괴정동,1***,전세,56.4,5000,0,,승학로281번길,detatched_multiFamily
부산광역시 사하구 괴정동,1***,전세,56.6,7000,0,1983,승학로,detatched_multiFamily
부산광역시 사하구 괴정동,1***,월세,56.7,2500,25,1985,마하로48번길,detatched_multiFamily
부산광역시 사하구 괴정동,2**,전세,57.11,11000,0,,사리로55번길,detatched_multiFamily
부산광역시 사하구 괴정동,2**,전세,57.48,7000,0,1977,사리로,detatched_multiFamily
부산광역시 사하구 괴정동,4**,월세,57.49,2500,20,1979,사하로141번길,detatched_multiFamily
부산광역시 사하구 괴정동,1***,월세,58.23,2000,30,1988,낙동대로224번길,detatched_multiFamily
부산광역시 사하구 괴정동,2**,전세,58.61,2900,0,1978,대티로,detatched_multiFamily
부산광역시 사하구 괴정동,9**,월세,59,2000,20,1971,낙동대로234번길,detatched_multiFamily
부산광역시 사하구 괴정동,2**,전세,59.17,3000,0,1977,승학로281번길,detatched_multiFamily
부산광역시 사하구 괴정동,1***,월세,59.33,1000,30,1985,낙동대로326번길,detatched_multiFamily
부산광역시 사하구 괴정동,4**,월세,59.5,1000,20,1976,사하로198번길,detatched_multiFamily
부산광역시 사하구 괴정동,5**,전세,60.18,8000,0,,괴정로260번길,detatched_multiFamily
부산광역시 사하구 괴정동,4**,월세,61,2000,30,1992,사하로,detatched_multiFamily
부산광역시 사하구 괴정동,3**,전세,61.17,4500,0,,까치고개로26번길,detatched_multiFamily
부산광역시 사하구 괴정동,6**,전세,61.74,4500,0,1988,괴정로244번길,detatched_multiFamily
부산광역시 사하구 괴정동,4**,전세,62.35,7000,0,1984,오작로8번길,detatched_multiFamily
부산광역시 사하구 괴정동,3**,전세,62.5,7500,0,1990,낙동대로,detatched_multiFamily
부산광역시 사하구 괴정동,5**,전세,62.66,7000,0,1991,괴정로219번길,detatched_multiFamily
부산광역시 사하구 괴정동,2**,전세,63.2,9000,0,1991,승학로,detatched_multiFamily
부산광역시 사하구 괴정동,3**,월세,63.43,1000,30,,,detatched_multiFamily
부산광역시 사하구 괴정동,1***,월세,63.57,100,15,1991,마하로,detatched_multiFamily
부산광역시 사하구 괴정동,5**,전세,64,12000,0,1976,괴정로260번길,detatched_multiFamily
부산광역시 사하구 괴정동,8**,월세,64.48,3000,50,2008,사하로185번길,detatched_multiFamily
부산광역시 사하구 괴정동,1***,월세,64.49,2000,20,1985,낙동대로326번길,detatched_multiFamily
부산광역시 사하구 괴정동,4**,월세,66,200,20,1985,낙동대로189번길,detatched_multiFamily
부산광역시 사하구 괴정동,2**,전세,66.31,4000,0,,,detatched_multiFamily
부산광역시 사하구 괴정동,5**,월세,66.35,1000,35,1976,장평로450번길,detatched_multiFamily
부산광역시 사하구 괴정동,1***,전세,66.42,4000,0,1984,승학로161번안길,detatched_multiFamily
부산광역시 사하구 괴정동,5**,전세,66.98,20000,0,1974,장평로443번길,detatched_multiFamily
부산광역시 사하구 괴정동,9*,전세,68,4500,0,1979,대티로,detatched_multiFamily
부산광역시 사하구 괴정동,5**,전세,68.07,9000,0,1977,사하로141번길,detatched_multiFamily
부산광역시 사하구 괴정동,6**,전세,68.3,8000,0,1979,장평로420번길,detatched_multiFamily
부산광역시 사하구 괴정동,6**,전세,68.3,8000,0,1979,장평로420번길,detatched_multiFamily
부산광역시 사하구 괴정동,5**,월세,69,3500,23,1997,사하로141번나길,detatched_multiFamily
부산광역시 사하구 괴정동,5**,전세,69.06,5500,0,1976,장평로,detatched_multiFamily
부산광역시 사하구 괴정동,6*,전세,69.16,7000,0,,대티로80번길,detatched_multiFamily
부산광역시 사하구 괴정동,1***,월세,69.29,1000,20,1979,승학로,detatched_multiFamily
부산광역시 사하구 괴정동,9**,월세,69.42,2000,20,1974,낙동대로234번길,detatched_multiFamily
부산광역시 사하구 괴정동,3**,전세,69.82,8000,0,,까치고개로26번길,detatched_multiFamily
부산광역시 사하구 괴정동,4**,전세,69.84,7000,0,1988,오작로8번안길,detatched_multiFamily
부산광역시 사하구 괴정동,8**,월세,70,7000,25,2010,회화나무길,detatched_multiFamily
부산광역시 사하구 괴정동,6**,전세,70.08,8000,0,1979,괴정로232번길,detatched_multiFamily
부산광역시 사하구 괴정동,1***,전세,70.53,10000,0,1985,낙동대로326번길,detatched_multiFamily
부산광역시 사하구 괴정동,1***,전세,70.53,10000,0,,낙동대로326번길,detatched_multiFamily
부산광역시 사하구 괴정동,5**,전세,71.5,10000,0,1975,장평로443번길,detatched_multiFamily
부산광역시 사하구 괴정동,5**,전세,71.64,4000,0,1978,괴정로244번길,detatched_multiFamily
부산광역시 사하구 괴정동,5**,전세,71.7,5000,0,1976,괴정로260번길,detatched_multiFamily
부산광역시 사하구 괴정동,1***,전세,71.7,8000,0,,승학로,detatched_multiFamily
부산광역시 사하구 괴정동,3**,월세,72.04,2000,65,2015,까치고개로,detatched_multiFamily
부산광역시 사하구 괴정동,1**,월세,72.36,2000,35,1978,대티로59번길,detatched_multiFamily
부산광역시 사하구 괴정동,5**,전세,72.56,8000,0,1978,사하로141번나길,detatched_multiFamily
부산광역시 사하구 괴정동,4**,월세,72.73,1000,35,1975,사리로7번길,detatched_multiFamily
부산광역시 사하구 괴정동,1***,월세,73.6,2000,40,1988,낙동대로224번길,detatched_multiFamily
부산광역시 사하구 괴정동,5**,전세,74.09,8000,0,1987,괴정로260번길,detatched_multiFamily
부산광역시 사하구 괴정동,5**,전세,74.09,8000,0,,괴정로260번길,detatched_multiFamily
부산광역시 사하구 괴정동,2**,전세,75.14,10000,0,1979,사리로,detatched_multiFamily
부산광역시 사하구 괴정동,5**,월세,77,1000,40,1987,장평로449번길,detatched_multiFamily
부산광역시 사하구 괴정동,3**,월세,77.03,5000,40,1984,까치고개로,detatched_multiFamily
부산광역시 사하구 괴정동,3**,월세,77.03,5000,40,,까치고개로,detatched_multiFamily
부산광역시 사하구 괴정동,5**,월세,77.34,7000,28,,괴정로271번길,detatched_multiFamily
부산광역시 사하구 괴정동,1***,전세,77.47,15500,0,,회화나무길,detatched_multiFamily
부산광역시 사하구 괴정동,4**,월세,77.65,2000,35,1978,괴정로284번길,detatched_multiFamily
부산광역시 사하구 괴정동,4**,월세,77.65,2000,35,1978,괴정로284번길,detatched_multiFamily
부산광역시 사하구 괴정동,5**,전세,77.82,7000,0,1977,장평로449번길,detatched_multiFamily
부산광역시 사하구 괴정동,1***,전세,77.98,7350,0,1977,낙동대로224번길,detatched_multiFamily
부산광역시 사하구 괴정동,1***,전세,78.05,8500,0,1979,승학로161번길,detatched_multiFamily
부산광역시 사하구 괴정동,3**,월세,78.98,7000,10,1987,오작로122번길,detatched_multiFamily
부산광역시 사하구 괴정동,3**,월세,78.98,7000,10,,오작로122번길,detatched_multiFamily
부산광역시 사하구 괴정동,1**,전세,79.54,3000,0,1979,대티로17번길,detatched_multiFamily
부산광역시 사하구 괴정동,1*,전세,79.56,7000,0,1991,까치고개로,detatched_multiFamily
부산광역시 사하구 괴정동,6**,월세,79.68,8000,10,,장평로,detatched_multiFamily
부산광역시 사하구 괴정동,4**,월세,80.88,5000,20,,오작로8번안길,detatched_multiFamily
부산광역시 사하구 괴정동,5**,월세,80.88,5000,29,,괴정로231번길,detatched_multiFamily
부산광역시 사하구 괴정동,1***,전세,81.11,12000,0,1982,승학로229번길,detatched_multiFamily
부산광역시 사하구 괴정동,5**,전세,81.32,8000,0,,괴정로,detatched_multiFamily
부산광역시 사하구 괴정동,4**,전세,82.36,8000,0,1999,낙동대로189번길,detatched_multiFamily
부산광역시 사하구 괴정동,5**,전세,82.41,2000,0,1978,사하로141번나길,detatched_multiFamily
부산광역시 사하구 괴정동,1**,월세,82.44,5000,10,,낙동대로140번길,detatched_multiFamily
부산광역시 사하구 괴정동,5**,월세,82.64,300,15,1978,사하로141번나길,detatched_multiFamily
부산광역시 사하구 괴정동,4**,전세,83.92,9000,0,1994,사하로141번나길,detatched_multiFamily
부산광역시 사하구 괴정동,3**,월세,84.42,3500,45,1941,낙동대로135번길,detatched_multiFamily
부산광역시 사하구 괴정동,5**,월세,84.45,2000,15,1979,사하로141번나길,detatched_multiFamily
부산광역시 사하구 괴정동,8*,월세,84.46,500,50,1926,오작로,detatched_multiFamily
부산광역시 사하구 괴정동,3**,전세,84.77,5000,0,1989,낙동대로135번길,detatched_multiFamily
부산광역시 사하구 괴정동,1*,월세,85.49,1000,35,1936,까치고개로,detatched_multiFamily
부산광역시 사하구 괴정동,5**,전세,85.74,6500,0,2012,,detatched_multiFamily
부산광역시 사하구 괴정동,1*,월세,86.49,1000,35,1936,까치고개로,detatched_multiFamily
부산광역시 사하구 괴정동,4**,월세,88.26,5000,30,1982,사하로141번나길,detatched_multiFamily
부산광역시 사하구 괴정동,1***,월세,88.8,4000,40,1988,낙동대로302번길,detatched_multiFamily
부산광역시 사하구 괴정동,4**,월세,90.84,2000,45,1978,사하로141번나길,detatched_multiFamily
부산광역시 사하구 괴정동,1**,월세,91.44,7000,30,2015,낙동대로140번길,detatched_multiFamily
부산광역시 사하구 괴정동,1***,전세,92.22,12000,0,1984,낙동대로244번길,detatched_multiFamily
부산광역시 사하구 괴정동,4**,월세,95.1,8000,10,1987,오작로8번길,detatched_multiFamily
부산광역시 사하구 괴정동,1***,전세,97.71,14000,0,2015,장평로449번길,detatched_multiFamily
부산광역시 사하구 괴정동,6**,전세,104.48,9000,0,1998,사하로,detatched_multiFamily
부산광역시 사하구 괴정동,8**,월세,107.08,3000,20,2010,회화나무길,detatched_multiFamily
부산광역시 사하구 괴정동,8**,전세,109.72,3000,0,1995,사하로197번길,detatched_multiFamily
부산광역시 사하구 괴정동,5**,월세,110.99,500,30,1985,장평로449번길,detatched_multiFamily
부산광역시 사하구 괴정동,5**,월세,118.08,4000,30,2005,괴정로,detatched_multiFamily
부산광역시 사하구 괴정동,2**,전세,127.23,13000,0,1991,승학로,detatched_multiFamily
부산광역시 사하구 괴정동,8**,월세,129.28,1000,35,1987,사하로185번길,detatched_multiFamily
부산광역시 사하구 괴정동,5**,전세,131.24,10000,0,1976,낙동대로323번길,detatched_multiFamily
부산광역시 사하구 괴정동,6**,전세,144.1,20000,0,1977,괴정로232번길,detatched_multiFamily
부산광역시 사하구 괴정동,6**,전세,144.1,20000,0,1977,괴정로232번길,detatched_multiFamily
부산광역시 사하구 괴정동,6**,전세,148,6000,0,1990,장평로420번길,detatched_multiFamily
부산광역시 사하구 괴정동,5**,전세,153.49,10000,0,1976,괴정로,detatched_multiFamily
부산광역시 사하구 괴정동,3**,월세,163.74,500,28,2011,낙동대로140번길,detatched_multiFamily
부산광역시 사하구 괴정동,1***,월세,196,1000,20,1990,마하로,detatched_multiFamily
부산광역시 사하구 괴정동,4**,월세,222.7,3000,70,1985,사하로141번나길,detatched_multiFamily
부산광역시 사하구 구평동,2**,월세,33,1500,60,2019,감천항로,detatched_multiFamily
부산광역시 사하구 구평동,1**,전세,39.66,2000,0,1989,을숙도대로,detatched_multiFamily
부산광역시 사하구 구평동,2*,월세,56.18,2000,10,1987,을숙도대로755번길,detatched_multiFamily
부산광역시 사하구 구평동,2*,월세,59.5,1000,25,1987,을숙도대로755번길,detatched_multiFamily
부산광역시 사하구 구평동,3*,전세,60,3000,0,1981,사하로70번길,detatched_multiFamily
부산광역시 사하구 구평동,3*,전세,82.64,6000,0,2014,사하로70번길,detatched_multiFamily
부산광역시 사하구 다대동,7**,월세,15,3000,10,1993,다대로,detatched_multiFamily
부산광역시 사하구 다대동,9**,월세,15,200,25,1990,윤공단로14번길,detatched_multiFamily
부산광역시 사하구 다대동,1***,월세,17.4,800,13,2020,다대로539번길,detatched_multiFamily
부산광역시 사하구 다대동,9**,월세,18,1000,30,1990,윤공단로,detatched_multiFamily
부산광역시 사하구 다대동,9**,월세,20,500,33,1990,윤공단로14번길,detatched_multiFamily
부산광역시 사하구 다대동,9**,월세,20,500,10,1988,윤공단로18번길,detatched_multiFamily
부산광역시 사하구 다대동,8*,월세,24,100,10,1987,다대로385번안길,detatched_multiFamily
부산광역시 사하구 다대동,9**,월세,30,500,35,1990,윤공단로14번길,detatched_multiFamily
부산광역시 사하구 다대동,9**,월세,30,300,29,1987,윤공단로,detatched_multiFamily
부산광역시 사하구 다대동,1***,월세,32.25,4000,3,1992,다대로,detatched_multiFamily
부산광역시 사하구 다대동,1***,전세,32.25,4000,0,,다대로,detatched_multiFamily
부산광역시 사하구 다대동,9**,월세,33,300,31,1990,윤공단로14번길,detatched_multiFamily
부산광역시 사하구 다대동,9**,전세,33,3500,0,1988,윤공단로18번길,detatched_multiFamily
부산광역시 사하구 다대동,8*,월세,35.87,1000,20,1990,다대로385번길,detatched_multiFamily
부산광역시 사하구 다대동,9**,월세,37.64,2000,20,1990,윤공단로14번길,detatched_multiFamily
부산광역시 사하구 다대동,9**,월세,38,2000,20,1988,윤공단로18번길,detatched_multiFamily
부산광역시 사하구 다대동,9**,월세,38.1,300,35,1989,윤공단로,detatched_multiFamily
부산광역시 사하구 다대동,9**,월세,40,500,23,1988,윤공단로14번길,detatched_multiFamily
부산광역시 사하구 다대동,9**,월세,40,1000,20,1988,윤공단로51번길,detatched_multiFamily
부산광역시 사하구 다대동,8*,월세,40,200,20,1988,다대로385번길,detatched_multiFamily
부산광역시 사하구 다대동,9**,전세,40,4000,0,1989,윤공단로,detatched_multiFamily
부산광역시 사하구 다대동,9**,전세,42.97,2000,0,1988,윤공단로18번길,detatched_multiFamily
부산광역시 사하구 다대동,9**,전세,45,4800,0,1989,윤공단로,detatched_multiFamily
부산광역시 사하구 다대동,9**,전세,45,4500,0,1988,윤공단로62번길,detatched_multiFamily
부산광역시 사하구 다대동,1***,전세,49.08,9000,0,,,detatched_multiFamily
부산광역시 사하구 다대동,8*,월세,50,4000,3,1991,다대로,detatched_multiFamily
부산광역시 사하구 다대동,9**,월세,50,800,40,1988,다대로554번길,detatched_multiFamily
부산광역시 사하구 다대동,8*,전세,50,4000,0,1991,다대로,detatched_multiFamily
부산광역시 사하구 다대동,9**,월세,52.25,300,20,,윤공단로18번길,detatched_multiFamily
부산광역시 사하구 다대동,9**,월세,52.89,0,43,1989,윤공단로,detatched_multiFamily
부산광역시 사하구 다대동,9**,전세,53.18,5000,0,,윤공단로,detatched_multiFamily
부산광역시 사하구 다대동,9**,월세,54.42,1000,40,1991,다대로554번길,detatched_multiFamily
부산광역시 사하구 다대동,9**,전세,55,5000,0,1989,윤공단로14번길,detatched_multiFamily
부산광역시 사하구 다대동,9**,월세,56.94,3000,10,1989,윤공단로,detatched_multiFamily
부산광역시 사하구 다대동,9**,월세,59.44,3000,26,1988,윤공단로51번길,detatched_multiFamily
부산광역시 사하구 다대동,8*,월세,60,700,20,1988,다대로385번길,detatched_multiFamily
부산광역시 사하구 다대동,9**,월세,60.71,6700,15,,윤공단로132번길,detatched_multiFamily
부산광역시 사하구 다대동,9**,월세,66,3000,20,1988,윤공단로14번길,detatched_multiFamily
부산광역시 사하구 다대동,9**,전세,69.12,10000,0,1988,윤공단로51번길,detatched_multiFamily
부산광역시 사하구 다대동,9**,월세,70,3000,20,1989,윤공단로14번길,detatched_multiFamily
부산광역시 사하구 다대동,9**,전세,70.29,7000,0,,윤공단로22번길,detatched_multiFamily
부산광역시 사하구 다대동,9**,전세,71.66,8000,0,,윤공단로62번길,detatched_multiFamily
부산광역시 사하구 다대동,9**,월세,72.72,1000,25,1990,윤공단로14번길,detatched_multiFamily
부산광역시 사하구 다대동,3**,월세,74,4000,30,1998,다대동로8번길,detatched_multiFamily
부산광역시 사하구 다대동,3**,월세,75.3,100,30,1996,다대동로8번길,detatched_multiFamily
부산광역시 사하구 다대동,9**,월세,75.83,1000,45,1988,윤공단로,detatched_multiFamily
부산광역시 사하구 다대동,9**,전세,75.9,8500,0,1987,윤공단로62번길,detatched_multiFamily
부산광역시 사하구 다대동,9**,전세,77.85,7000,0,1989,윤공단로,detatched_multiFamily
부산광역시 사하구 다대동,9**,전세,78.62,8500,0,,윤공단로,detatched_multiFamily
부산광역시 사하구 다대동,9**,월세,79.07,3500,15,1990,윤공단로,detatched_multiFamily
부산광역시 사하구 다대동,9**,전세,81.12,15000,0,1990,윤공단로22번길,detatched_multiFamily
부산광역시 사하구 다대동,8*,월세,85.29,1500,35,1987,다대로,detatched_multiFamily
부산광역시 사하구 다대동,9**,월세,91.89,2500,50,1987,윤공단로,detatched_multiFamily
부산광역시 사하구 다대동,9**,월세,91.89,1000,50,1987,윤공단로,detatched_multiFamily
부산광역시 사하구 다대동,9**,월세,92.32,1000,35,1988,윤공단로,detatched_multiFamily
부산광역시 사하구 다대동,9**,월세,100.47,5000,5,1987,윤공단로22번길,detatched_multiFamily
부산광역시 사하구 다대동,8*,월세,103.99,2000,40,1990,다대로,detatched_multiFamily
부산광역시 사하구 다대동,8*,월세,104.67,1700,20,1989,다대로385번길,detatched_multiFamily
부산광역시 사하구 다대동,1**,전세,121.54,7000,0,1997,다대로529번길,detatched_multiFamily
부산광역시 사하구 다대동,2**,월세,122,800,10,,다대동로88번길,detatched_multiFamily
부산광역시 사하구 당리동,3**,월세,22.73,500,35,2019,낙동대로390번길,detatched_multiFamily
부산광역시 사하구 당리동,3**,월세,26,500,37,2018,승학로,detatched_multiFamily
부산광역시 사하구 당리동,3**,전세,26,9000,0,1985,낙동대로356번길,detatched_multiFamily
부산광역시 사하구 당리동,3**,월세,26.4,100,35,2013,승학로,detatched_multiFamily
부산광역시 사하구 당리동,3**,전세,26.8,7000,0,2016,낙동대로398번길,detatched_multiFamily
부산광역시 사하구 당리동,3**,전세,27,7000,0,2018,승학로,detatched_multiFamily
부산광역시 사하구 당리동,3**,전세,29.28,15000,0,2021,괴정로,detatched_multiFamily
부산광역시 사하구 당리동,3**,월세,29.43,3000,55,2021,괴정로,detatched_multiFamily
부산광역시 사하구 당리동,4**,전세,30.5,4500,0,2011,낙동대로356번길,detatched_multiFamily
부산광역시 사하구 당리동,3*,월세,33,1000,10,1994,제석로,detatched_multiFamily
부산광역시 사하구 당리동,1**,월세,33,500,20,1990,승학로31번길,detatched_multiFamily
부산광역시 사하구 당리동,3**,월세,34,3000,30,2014,낙동대로398번길,detatched_multiFamily
부산광역시 사하구 당리동,1**,전세,35,5000,0,1993,제석로65번길,detatched_multiFamily
부산광역시 사하구 당리동,3**,월세,38.45,2000,40,2014,낙동대로398번길,detatched_multiFamily
부산광역시 사하구 당리동,3**,월세,39,2000,55,2021,괴정로,detatched_multiFamily
부산광역시 사하구 당리동,1**,월세,40,2000,30,1995,승학로31번길,detatched_multiFamily
부산광역시 사하구 당리동,3**,월세,40.76,7000,10,1979,승학로,detatched_multiFamily
부산광역시 사하구 당리동,3**,월세,41.65,3000,20,1978,승학로,detatched_multiFamily
부산광역시 사하구 당리동,3**,월세,41.73,4000,5,1985,마하로25번길,detatched_multiFamily
부산광역시 사하구 당리동,3**,월세,41.73,4000,10,1985,마하로25번길,detatched_multiFamily
부산광역시 사하구 당리동,3**,월세,42.5,3000,37,2016,낙동대로398번길,detatched_multiFamily
부산광역시 사하구 당리동,1**,전세,42.59,7000,0,1979,제석로,detatched_multiFamily
부산광역시 사하구 당리동,3**,전세,43.61,8000,0,,마하로,detatched_multiFamily
부산광역시 사하구 당리동,3**,월세,43.92,1000,30,1994,괴정로,detatched_multiFamily
부산광역시 사하구 당리동,3**,전세,44.1,3000,0,1980,승학로10번길,detatched_multiFamily
부산광역시 사하구 당리동,3**,전세,44.16,9000,0,1983,마하로43번길,detatched_multiFamily
부산광역시 사하구 당리동,3**,전세,44.16,9000,0,1983,마하로43번길,detatched_multiFamily
부산광역시 사하구 당리동,1**,월세,44.23,500,20,1968,제석로79번안길,detatched_multiFamily
부산광역시 사하구 당리동,3**,월세,44.5,1500,35,1979,낙동대로356번길,detatched_multiFamily
부산광역시 사하구 당리동,3**,월세,44.89,2600,33,1978,승학로,detatched_multiFamily
부산광역시 사하구 당리동,1**,월세,45,1000,25,2004,제석로,detatched_multiFamily
부산광역시 사하구 당리동,5**,전세,45,3600,0,1987,동매로158번길,detatched_multiFamily
부산광역시 사하구 당리동,3**,월세,45.02,1000,25,1979,승학로,detatched_multiFamily
부산광역시 사하구 당리동,5**,월세,45.03,3000,15,1987,동매로158번길,detatched_multiFamily
부산광역시 사하구 당리동,3**,전세,45.53,6500,0,,당리길,detatched_multiFamily
부산광역시 사하구 당리동,3**,월세,45.62,1500,20,1978,낙동대로356번길,detatched_multiFamily
부산광역시 사하구 당리동,3**,월세,45.7,500,45,1979,제석로,detatched_multiFamily
부산광역시 사하구 당리동,3**,월세,45.7,500,45,1979,제석로,detatched_multiFamily
부산광역시 사하구 당리동,1**,월세,46.1,3500,15,,,detatched_multiFamily
부산광역시 사하구 당리동,5**,월세,46.2,1000,25,1983,다대로22번길,detatched_multiFamily
부산광역시 사하구 당리동,5**,월세,46.2,1000,25,1983,다대로22번길,detatched_multiFamily
부산광역시 사하구 당리동,3**,월세,47.14,1000,27,1985,마하로25번길,detatched_multiFamily
부산광역시 사하구 당리동,3**,전세,47.34,7000,0,1978,승학로20번길,detatched_multiFamily
부산광역시 사하구 당리동,3**,월세,48.66,4000,20,1986,승학로20번길,detatched_multiFamily
부산광역시 사하구 당리동,3**,월세,48.66,2000,25,1986,승학로20번길,detatched_multiFamily
부산광역시 사하구 당리동,3**,월세,48.66,2000,33,1986,승학로20번길,detatched_multiFamily
부산광역시 사하구 당리동,3**,월세,48.71,3000,15,1987,승학로31번길,detatched_multiFamily
부산광역시 사하구 당리동,1**,월세,48.96,3000,20,1985,승학로31번길,detatched_multiFamily
부산광역시 사하구 당리동,3**,월세,49.5,2000,20,1994,마하로31번길,detatched_multiFamily
부산광역시 사하구 당리동,1**,월세,50,500,35,1992,승학로31번길,detatched_multiFamily
부산광역시 사하구 당리동,3**,월세,50.21,1000,35,1977,제석로59번길,detatched_multiFamily
부산광역시 사하구 당리동,3**,월세,50.69,500,25,1991,동매로,detatched_multiFamily
부산광역시 사하구 당리동,3**,월세,52.36,2000,25,,낙동대로407번길,detatched_multiFamily
부산광역시 사하구 당리동,3**,월세,52.36,2000,25,,낙동대로407번길,detatched_multiFamily
부산광역시 사하구 당리동,3**,월세,53.48,1000,20,1990,,detatched_multiFamily
부산광역시 사하구 당리동,5**,월세,54.84,1000,35,1987,동매로158번길,detatched_multiFamily
부산광역시 사하구 당리동,3**,월세,55,7000,5,,마하로25번길,detatched_multiFamily
부산광역시 사하구 당리동,3**,월세,55.04,7000,25,2015,낙동대로398번길,detatched_multiFamily
부산광역시 사하구 당리동,3**,전세,55.11,8000,0,1988,낙동대로356번길,detatched_multiFamily
부산광역시 사하구 당리동,5**,월세,55.36,1000,30,1984,동매로158번길,detatched_multiFamily
부산광역시 사하구 당리동,3**,전세,55.59,7000,0,1986,당리길,detatched_multiFamily
부산광역시 사하구 당리동,3**,월세,58.8,500,19,,승학로,detatched_multiFamily
부산광역시 사하구 당리동,3**,월세,59,1000,30,,승학로2번길,detatched_multiFamily
부산광역시 사하구 당리동,3**,월세,59.44,2000,30,1979,당리길,detatched_multiFamily
부산광역시 사하구 당리동,3**,월세,59.44,5000,30,1988,괴정로,detatched_multiFamily
부산광역시 사하구 당리동,3**,월세,59.58,1000,40,2017,승학로20번길,detatched_multiFamily
부산광역시 사하구 당리동,1**,월세,59.68,1500,35,1977,제석로65번길,detatched_multiFamily
부산광역시 사하구 당리동,1**,전세,61.4,9000,0,1995,제석로,detatched_multiFamily
부산광역시 사하구 당리동,3**,전세,61.49,9000,0,1983,마하로31번길,detatched_multiFamily
부산광역시 사하구 당리동,3**,전세,62.27,8500,0,1978,마하로43번길,detatched_multiFamily
부산광역시 사하구 당리동,3**,전세,64.07,10000,0,,다대로5번길,detatched_multiFamily
부산광역시 사하구 당리동,3**,전세,64.56,11000,0,1987,승학로,detatched_multiFamily
부산광역시 사하구 당리동,1**,월세,65.75,4000,15,1990,제석로,detatched_multiFamily
부산광역시 사하구 당리동,1**,월세,66,1500,30,1977,제석로65번길,detatched_multiFamily
부산광역시 사하구 당리동,2**,전세,66.12,5000,0,1982,제석로65번길,detatched_multiFamily
부산광역시 사하구 당리동,3**,월세,66.28,3000,29,1978,당리길,detatched_multiFamily
부산광역시 사하구 당리동,1**,전세,66.42,12000,0,1985,제석로62번길,detatched_multiFamily
부산광역시 사하구 당리동,3**,전세,66.42,8500,0,1987,승학로31번길,detatched_multiFamily
부산광역시 사하구 당리동,1**,월세,68.7,3000,30,1996,제석로66번길,detatched_multiFamily
부산광역시 사하구 당리동,3**,월세,68.86,1000,30,,승학로2번길,detatched_multiFamily
부산광역시 사하구 당리동,3**,전세,68.89,8000,0,1978,승학로,detatched_multiFamily
부산광역시 사하구 당리동,2**,월세,69.46,1000,35,1985,제석로65번길,detatched_multiFamily
부산광역시 사하구 당리동,2**,월세,69.46,1000,35,1985,제석로65번길,detatched_multiFamily
부산광역시 사하구 당리동,3**,월세,70.9,1000,40,2003,승학로,detatched_multiFamily
부산광역시 사하구 당리동,1**,전세,71.08,6000,0,1991,승학로31번길,detatched_multiFamily
부산광역시 사하구 당리동,3**,월세,71.61,1000,20,1983,승학로131번길,detatched_multiFamily
부산광역시 사하구 당리동,3**,월세,72,3500,10,1978,동매로,detatched_multiFamily
부산광역시 사하구 당리동,3**,월세,72.39,2000,50,1985,마하로25번길,detatched_multiFamily
부산광역시 사하구 당리동,2*,월세,73.87,1000,15,1980,승학로71번안길,detatched_multiFamily
부산광역시 사하구 당리동,3**,전세,74.91,3000,0,1978,동매로,detatched_multiFamily
부산광역시 사하구 당리동,3**,월세,76.49,2000,40,1992,승학로,detatched_multiFamily
부산광역시 사하구 당리동,5**,월세,77.04,1000,35,1984,동매로158번길,detatched_multiFamily
부산광역시 사하구 당리동,3**,월세,79.2,2000,35,1979,승학로10번길,detatched_multiFamily
부산광역시 사하구 당리동,3**,월세,79.57,4000,30,1983,낙동대로450번길,detatched_multiFamily
부산광역시 사하구 당리동,3**,전세,79.57,11000,0,1983,승학로10번길,detatched_multiFamily
부산광역시 사하구 당리동,3**,전세,79.65,10000,0,1983,낙동대로436번길,detatched_multiFamily
부산광역시 사하구 당리동,1**,월세,80.07,10000,6,1979,제석로62번길,detatched_multiFamily
부산광역시 사하구 당리동,3**,월세,80.52,10000,15,,승학로10번길,detatched_multiFamily
부산광역시 사하구 당리동,3**,전세,82.58,7000,0,1978,승학로,detatched_multiFamily
부산광역시 사하구 당리동,3**,월세,84.3,1000,45,1978,당리길,detatched_multiFamily
부산광역시 사하구 당리동,3**,월세,87.04,6000,25,1979,낙동대로356번길,detatched_multiFamily
부산광역시 사하구 당리동,1**,전세,122.97,8000,0,1977,제석로,detatched_multiFamily
부산광역시 사하구 당리동,3**,월세,129.26,1000,50,1990,낙동대로343번길,detatched_multiFamily
부산광역시 사하구 당리동,4**,월세,158,500,25,,마하로,detatched_multiFamily
부산광역시 사하구 신평동,9*,전세,15,2000,0,1991,다대로137번길,detatched_multiFamily
부산광역시 사하구 신평동,6**,월세,15.06,200,29,,하신번영로159번길,detatched_multiFamily
부산광역시 사하구 신평동,8*,월세,16.52,50,12,1978,다대로134번길,detatched_multiFamily
부산광역시 사하구 신평동,6**,전세,18.15,4000,0,2017,하신번영로159번길,detatched_multiFamily
부산광역시 사하구 신평동,1**,월세,19.58,500,10,1985,다대로136번길,detatched_multiFamily
부산광역시 사하구 신평동,5**,월세,20,700,34,,하신번영로177번길,detatched_multiFamily
부산광역시 사하구 신평동,5**,월세,20.5,2000,28,2018,하신번영로177번길,detatched_multiFamily
부산광역시 사하구 신평동,5**,월세,20.5,3000,22,2018,하신번영로177번길,detatched_multiFamily
부산광역시 사하구 신평동,5**,전세,20.5,4000,0,2018,하신번영로177번길,detatched_multiFamily
부산광역시 사하구 신평동,5**,전세,20.5,4000,0,2018,하신번영로177번길,detatched_multiFamily
부산광역시 사하구 신평동,5**,전세,20.5,6000,0,2018,하신번영로177번길,detatched_multiFamily
부산광역시 사하구 신평동,3*,월세,21,2000,18,1991,다대로,detatched_multiFamily
부산광역시 사하구 신평동,6**,월세,22.4,4000,15,2021,,detatched_multiFamily
부산광역시 사하구 신평동,2**,전세,22.44,5000,0,,신산북로67번길,detatched_multiFamily
부산광역시 사하구 신평동,6**,전세,22.9,5000,0,2021,하신번영로163번길,detatched_multiFamily
부산광역시 사하구 신평동,5**,월세,23,1000,35,2018,하신번영로177번길,detatched_multiFamily
부산광역시 사하구 신평동,1**,월세,24,200,18,1999,장평로278번길,detatched_multiFamily
부산광역시 사하구 신평동,2**,전세,24,4000,0,1992,,detatched_multiFamily
부산광역시 사하구 신평동,1**,월세,25.26,400,10,1972,다대로144번길,detatched_multiFamily
부산광역시 사하구 신평동,6**,월세,26.4,500,29,2008,하신번영로161번길,detatched_multiFamily
부산광역시 사하구 신평동,3*,월세,33,100,16,1992,다대로119번길,detatched_multiFamily
부산광역시 사하구 신평동,6**,전세,33.48,4000,0,1991,하신번영로163번길,detatched_multiFamily
부산광역시 사하구 신평동,6**,월세,34.35,7000,10,,하신번영로163번길,detatched_multiFamily
부산광역시 사하구 신평동,6**,월세,35.08,100,27,2014,하신번영로157번길,detatched_multiFamily
부산광역시 사하구 신평동,5**,월세,35.12,7000,10,1994,하신번영로173번길,detatched_multiFamily
부산광역시 사하구 신평동,6**,전세,36.4,2500,0,1991,하신번영로161번길,detatched_multiFamily
부산광역시 사하구 신평동,6**,전세,37.37,5000,0,1995,하신번영로163번길,detatched_multiFamily
부산광역시 사하구 신평동,6**,전세,38.76,4500,0,1992,하신번영로161번길,detatched_multiFamily
부산광역시 사하구 신평동,1*,월세,39,200,30,2011,다대로130번안길,detatched_multiFamily
부산광역시 사하구 신평동,6**,월세,39,1500,20,1994,하신번영로163번길,detatched_multiFamily
부산광역시 사하구 신평동,1**,전세,39.13,2500,0,1992,다대로136번길,detatched_multiFamily
부산광역시 사하구 신평동,6**,월세,39.15,1000,30,1990,하신번영로163번길,detatched_multiFamily
부산광역시 사하구 신평동,1**,전세,39.36,5000,0,1992,다대로126번길,detatched_multiFamily
부산광역시 사하구 신평동,6**,월세,39.59,4000,30,,하신번영로161번길,detatched_multiFamily
부산광역시 사하구 신평동,1**,월세,39.82,500,24,1992,다대로140번길,detatched_multiFamily
부산광역시 사하구 신평동,1**,월세,39.97,500,30,1974,다대로126번길,detatched_multiFamily
부산광역시 사하구 신평동,8*,월세,40,3000,20,1988,신산로,detatched_multiFamily
부산광역시 사하구 신평동,1**,월세,40,400,23,1988,장평로299번안길,detatched_multiFamily
부산광역시 사하구 신평동,6**,전세,40,4500,0,1990,하신번영로173번길,detatched_multiFamily
부산광역시 사하구 신평동,9*,월세,40.32,1000,13,1992,다대로135번길,detatched_multiFamily
부산광역시 사하구 신평동,1*,월세,40.5,1000,10,1977,다대로130번안길,detatched_multiFamily
부산광역시 사하구 신평동,1**,전세,40.56,3500,0,1977,다대로136번길,detatched_multiFamily
부산광역시 사하구 신평동,1**,전세,41.28,4000,0,1992,다대로120번길,detatched_multiFamily
부산광역시 사하구 신평동,1**,전세,41.4,4000,0,1993,,detatched_multiFamily
부산광역시 사하구 신평동,8*,월세,42.24,300,30,1992,다대로142번길,detatched_multiFamily
부산광역시 사하구 신평동,1**,월세,42.3,200,20,1996,다대로124번길,detatched_multiFamily
부산광역시 사하구 신평동,9*,월세,42.68,6000,15,,다대로135번길,detatched_multiFamily
부산광역시 사하구 신평동,1**,월세,42.75,300,20,1992,다대로134번길,detatched_multiFamily
부산광역시 사하구 신평동,8*,월세,42.75,500,20,1992,다대로140번길,detatched_multiFamily
부산광역시 사하구 신평동,1**,전세,42.78,2500,0,1980,다대로140번길,detatched_multiFamily
부산광역시 사하구 신평동,4*,전세,42.91,3000,0,1992,다대로119번길,detatched_multiFamily
부산광역시 사하구 신평동,1**,전세,43.12,2000,0,1991,다대로124번길,detatched_multiFamily
부산광역시 사하구 신평동,1**,전세,43.64,3500,0,1978,다대로136번길,detatched_multiFamily
부산광역시 사하구 신평동,1**,전세,43.7,1700,0,1993,다대로136번길,detatched_multiFamily
부산광역시 사하구 신평동,1**,월세,44,500,15,1997,다대로144번길,detatched_multiFamily
부산광역시 사하구 신평동,8*,월세,44.16,200,18,1994,다대로144번길,detatched_multiFamily
부산광역시 사하구 신평동,1**,전세,44.63,4000,0,1978,다대로124번길,detatched_multiFamily
부산광역시 사하구 신평동,1**,월세,44.87,200,29,1973,다대로120번길,detatched_multiFamily
부산광역시 사하구 신평동,1**,전세,45,3500,0,1972,다대로144번길,detatched_multiFamily
부산광역시 사하구 신평동,3*,전세,45.08,3500,0,,다대로119번길,detatched_multiFamily
부산광역시 사하구 신평동,1**,전세,46.5,5000,0,,다대로120번길,detatched_multiFamily
부산광역시 사하구 신평동,1**,전세,46.55,5000,0,1977,다대로126번길,detatched_multiFamily
부산광역시 사하구 신평동,1**,월세,46.56,2000,15,1995,다대로144번길,detatched_multiFamily
부산광역시 사하구 신평동,1**,월세,46.71,500,20,1979,다대로140번길,detatched_multiFamily
부산광역시 사하구 신평동,6**,전세,48.84,8000,0,,하신번영로169번길,detatched_multiFamily
부산광역시 사하구 신평동,1**,월세,49,200,17,1992,다대로134번길,detatched_multiFamily
부산광역시 사하구 신평동,1**,전세,49,4000,0,1991,다대로126번길,detatched_multiFamily
부산광역시 사하구 신평동,8*,월세,49.58,500,20,1992,다대로144번길,detatched_multiFamily
부산광역시 사하구 신평동,1**,월세,49.58,1900,8,1980,다대로140번길,detatched_multiFamily
부산광역시 사하구 신평동,3*,월세,49.58,500,15,1993,다대로,detatched_multiFamily
부산광역시 사하구 신평동,1**,월세,49.58,200,15,1977,다대로124번길,detatched_multiFamily
부산광역시 사하구 신평동,1**,월세,49.58,100,20,1991,다대로126번길,detatched_multiFamily
부산광역시 사하구 신평동,1**,월세,49.58,300,25,1974,다대로126번길,detatched_multiFamily
부산광역시 사하구 신평동,1**,전세,49.58,2000,0,1996,다대로140번길,detatched_multiFamily
부산광역시 사하구 신평동,1**,전세,49.58,4000,0,1973,다대로126번길,detatched_multiFamily
부산광역시 사하구 신평동,1**,월세,49.59,700,10,1993,다대로142번길,detatched_multiFamily
부산광역시 사하구 신평동,1**,월세,49.59,200,25,1991,다대로124번길,detatched_multiFamily
부산광역시 사하구 신평동,1**,전세,49.59,2500,0,1992,다대로126번길,detatched_multiFamily
부산광역시 사하구 신평동,1**,전세,49.59,3500,0,1993,다대로144번길,detatched_multiFamily
부산광역시 사하구 신평동,1**,전세,49.59,3500,0,1991,다대로142번길,detatched_multiFamily
부산광역시 사하구 신평동,5**,전세,52.2,6000,0,1988,하신번영로177번길,detatched_multiFamily
부산광역시 사하구 신평동,4*,월세,52.64,2000,15,1992,다대로119번길,detatched_multiFamily
부산광역시 사하구 신평동,1**,전세,52.89,1700,0,1993,다대로124번길,detatched_multiFamily
부산광역시 사하구 신평동,1*,월세,53.2,500,25,1993,장평로326번길,detatched_multiFamily
부산광역시 사하구 신평동,1**,월세,54,500,20,1979,다대로140번길,detatched_multiFamily
부산광역시 사하구 신평동,4*,월세,54.12,2000,10,1991,다대로119번길,detatched_multiFamily
부산광역시 사하구 신평동,1*,월세,54.35,1000,25,,다대로130번안길,detatched_multiFamily
부산광역시 사하구 신평동,1**,월세,55.07,2500,5,1977,다대로136번길,detatched_multiFamily
부산광역시 사하구 신평동,6**,월세,56.1,2000,30,1987,하신번영로169번길,detatched_multiFamily
부산광역시 사하구 신평동,2**,전세,57,5000,0,1972,신산북로67번길,detatched_multiFamily
부산광역시 사하구 신평동,6**,월세,57.76,200,30,2016,하신번영로157번길,detatched_multiFamily
부산광역시 사하구 신평동,6**,월세,57.76,200,33,2016,하신번영로157번길,detatched_multiFamily
부산광역시 사하구 신평동,1**,월세,57.93,3000,10,1979,다대로130번길,detatched_multiFamily
부산광역시 사하구 신평동,8*,전세,58.25,3500,0,1993,다대로144번길,detatched_multiFamily
부산광역시 사하구 신평동,1**,월세,59.48,4000,15,1991,다대로144번길,detatched_multiFamily
부산광역시 사하구 신평동,4*,전세,60,3000,0,1992,다대로119번길,detatched_multiFamily
부산광역시 사하구 신평동,3*,전세,61.04,5000,0,1992,다대로120번길,detatched_multiFamily
부산광역시 사하구 신평동,1**,전세,63.62,5000,0,1989,장평로,detatched_multiFamily
부산광역시 사하구 신평동,5**,월세,64.4,2000,20,1987,하신번영로173번길,detatched_multiFamily
부산광역시 사하구 신평동,1**,월세,65.34,2000,33,1991,장평로292번길,detatched_multiFamily
부산광역시 사하구 신평동,1**,월세,65.34,2000,33,1991,장평로292번길,detatched_multiFamily
부산광역시 사하구 신평동,1**,월세,66,3000,10,1992,다대로144번길,detatched_multiFamily
부산광역시 사하구 신평동,1*,월세,66.11,200,20,1994,장평로326번길,detatched_multiFamily
부산광역시 사하구 신평동,5**,전세,66.24,6000,0,1986,하신번영로179번길,detatched_multiFamily
부산광역시 사하구 신평동,5**,전세,66.56,8000,0,1992,하신번영로201번길,detatched_multiFamily
부산광역시 사하구 신평동,1*,월세,68,100,12,1993,장평로326번길,detatched_multiFamily
부산광역시 사하구 신평동,1**,전세,69.58,6000,0,,장평로,detatched_multiFamily
부산광역시 사하구 신평동,6**,월세,72.09,300,33,2010,하신번영로159번길,detatched_multiFamily
부산광역시 사하구 신평동,1**,월세,76.4,3000,20,1992,다대로134번길,detatched_multiFamily
부산광역시 사하구 신평동,1**,월세,76.69,350,20,1979,다대로130번길,detatched_multiFamily
부산광역시 사하구 신평동,6**,전세,77,3100,0,1991,하신번영로163번길,detatched_multiFamily
부산광역시 사하구 신평동,6**,월세,77.18,3000,25,1987,하신번영로163번길,detatched_multiFamily
부산광역시 사하구 신평동,2**,전세,77.27,5000,0,,신산북로67번길,detatched_multiFamily
부산광역시 사하구 신평동,6**,월세,77.48,1500,30,1990,하신번영로161번길,detatched_multiFamily
부산광역시 사하구 신평동,6**,월세,78.3,500,25,1988,하신번영로153번길,detatched_multiFamily
부산광역시 사하구 신평동,5**,월세,78.39,500,38,2011,하신번영로179번길,detatched_multiFamily
부산광역시 사하구 신평동,5**,월세,78.39,500,30,2011,하신번영로179번길,detatched_multiFamily
부산광역시 사하구 신평동,6**,월세,78.4,6000,20,,하신번영로157번길,detatched_multiFamily
부산광역시 사하구 신평동,5**,월세,79.26,4000,30,,하신번영로177번길,detatched_multiFamily
부산광역시 사하구 신평동,8*,월세,82.8,2000,35,1991,다대로142번길,detatched_multiFamily
부산광역시 사하구 신평동,8*,전세,82.81,5000,0,1992,다대로136번길,detatched_multiFamily
부산광역시 사하구 신평동,1*,전세,83.88,7000,0,1994,다대로130번안길,detatched_multiFamily
부산광역시 사하구 신평동,1**,전세,84.92,4000,0,1991,다대로136번길,detatched_multiFamily
부산광역시 사하구 신평동,5**,월세,86.4,3000,15,2011,하신번영로173번길,detatched_multiFamily
부산광역시 사하구 신평동,1**,전세,86.49,5300,0,1993,다대로124번길,detatched_multiFamily
부산광역시 사하구 신평동,1**,전세,87.66,3500,0,1992,다대로126번길,detatched_multiFamily
부산광역시 사하구 신평동,1**,월세,90.25,1000,35,1991,다대로130번길,detatched_multiFamily
부산광역시 사하구 신평동,9*,월세,92.56,1000,28,1999,다대로,detatched_multiFamily
부산광역시 사하구 신평동,1**,월세,93.76,5000,20,,장평로,detatched_multiFamily
부산광역시 사하구 신평동,1**,월세,99.17,3000,23,1994,다대로144번길,detatched_multiFamily
부산광역시 사하구 신평동,6**,월세,100.5,2000,30,1988,하신번영로161번길,detatched_multiFamily
부산광역시 사하구 신평동,6**,월세,120.56,200,30,2008,하신번영로161번길,detatched_multiFamily
부산광역시 사하구 신평동,6**,월세,120.56,300,30,2008,하신번영로161번길,detatched_multiFamily
부산광역시 사하구 신평동,6**,월세,132.3,7000,10,1991,하신번영로157번길,detatched_multiFamily
부산광역시 사하구 신평동,6**,월세,132.3,1000,28,1987,,detatched_multiFamily
부산광역시 사하구 신평동,1**,전세,140.24,10000,0,1994,다대로116번길,detatched_multiFamily
부산광역시 사하구 신평동,5**,월세,158.4,2000,20,2011,하신번영로173번길,detatched_multiFamily
부산광역시 사하구 신평동,5**,월세,158.4,100,35,2011,하신번영로173번길,detatched_multiFamily
부산광역시 사하구 장림동,6**,월세,10,400,16,1994,장평로125번길,detatched_multiFamily
부산광역시 사하구 장림동,6**,월세,10,100,20,1992,장림시장9길,detatched_multiFamily
부산광역시 사하구 장림동,6**,월세,10,30,15,1977,장림시장5길,detatched_multiFamily
부산광역시 사하구 장림동,4*,월세,12,500,20,1989,다대로277번길,detatched_multiFamily
부산광역시 사하구 장림동,3*,월세,17.89,300,30,2018,다대로277번길,detatched_multiFamily
부산광역시 사하구 장림동,3*,월세,17.89,300,35,,다대로277번길,detatched_multiFamily
부산광역시 사하구 장림동,4*,전세,18,2500,0,1936,다대로271번길,detatched_multiFamily
부산광역시 사하구 장림동,7*,월세,20.68,2000,25,2019,다대로271번길,detatched_multiFamily
부산광역시 사하구 장림동,7*,월세,21.05,2000,25,2019,다대로271번길,detatched_multiFamily
부산광역시 사하구 장림동,7*,월세,21.84,500,40,,다대로271번길,detatched_multiFamily
부산광역시 사하구 장림동,3*,월세,21.89,300,30,2018,다대로277번길,detatched_multiFamily
부산광역시 사하구 장림동,4*,월세,23,300,32,2011,다대로277번길,detatched_multiFamily
부산광역시 사하구 장림동,3*,월세,24,500,35,2018,다대로277번길,detatched_multiFamily
부산광역시 사하구 장림동,7*,전세,24.09,8000,0,2020,다대로271번길,detatched_multiFamily
부산광역시 사하구 장림동,7*,월세,25,3000,35,2019,다대로271번길,detatched_multiFamily
부산광역시 사하구 장림동,7*,월세,25.37,500,50,2020,다대로271번길,detatched_multiFamily
부산광역시 사하구 장림동,7*,전세,25.53,8000,0,2020,다대로271번길,detatched_multiFamily
부산광역시 사하구 장림동,7*,전세,25.53,8000,0,2020,다대로271번길,detatched_multiFamily
부산광역시 사하구 장림동,6**,월세,26,200,18,1992,장림시장8길,detatched_multiFamily
부산광역시 사하구 장림동,7*,월세,26.95,2000,42,,두송로26번길,detatched_multiFamily
부산광역시 사하구 장림동,6**,월세,28.53,200,10,1981,장림시장7길,detatched_multiFamily
부산광역시 사하구 장림동,6**,월세,28.79,1000,70,1973,장림시장9길,detatched_multiFamily
부산광역시 사하구 장림동,1***,전세,29.16,12800,0,,장림번영로104번길,detatched_multiFamily
부산광역시 사하구 장림동,6**,월세,32,500,12,1979,장림시장8길,detatched_multiFamily
부산광역시 사하구 장림동,4**,월세,33.05,1500,20,2013,다대로320번길,detatched_multiFamily
부산광역시 사하구 장림동,6**,월세,33.06,400,20,1973,장림시장6길,detatched_multiFamily
부산광역시 사하구 장림동,6**,월세,33.3,100,20,1979,장림시장8길,detatched_multiFamily
부산광역시 사하구 장림동,4*,월세,44.84,2000,20,1986,다대로277번길,detatched_multiFamily
부산광역시 사하구 장림동,1***,월세,48.7,1000,40,,다대로1066번길,detatched_multiFamily
부산광역시 사하구 장림동,7*,전세,49.56,7000,0,2019,다대로271번길,detatched_multiFamily
부산광역시 사하구 장림동,6**,전세,53.82,6000,0,1977,장림시장5길,detatched_multiFamily
부산광역시 사하구 장림동,6**,전세,53.82,5000,0,1977,장림시장5길,detatched_multiFamily
부산광역시 사하구 장림동,6**,월세,54.72,2000,19,1991,장림시장8길,detatched_multiFamily
부산광역시 사하구 장림동,8**,월세,57.04,500,30,1985,장림시장6길,detatched_multiFamily
부산광역시 사하구 장림동,6**,전세,57.6,4400,0,1974,장평로127번길,detatched_multiFamily
부산광역시 사하구 장림동,6**,월세,57.95,500,30,1992,장림시장8길,detatched_multiFamily
부산광역시 사하구 장림동,6**,월세,59.27,2000,20,1977,장림번영로28번길,detatched_multiFamily
부산광역시 사하구 장림동,6**,월세,60,2000,25,1974,장림시장11길,detatched_multiFamily
부산광역시 사하구 장림동,6**,월세,66,500,23,1992,장평로135번길,detatched_multiFamily
부산광역시 사하구 장림동,6**,월세,66,500,20,1976,장림시장1길,detatched_multiFamily
부산광역시 사하구 장림동,6**,월세,66.11,2000,30,2015,장림시장11길,detatched_multiFamily
부산광역시 사하구 장림동,6**,월세,66.12,3500,10,1973,장평로127번길,detatched_multiFamily
부산광역시 사하구 장림동,8**,월세,72,2000,5,,장림시장6길,detatched_multiFamily
부산광역시 사하구 장림동,3**,월세,74.88,2500,20,,장림번영로37번길,detatched_multiFamily
부산광역시 사하구 장림동,3**,월세,76.2,3500,30,1978,장림시장5길,detatched_multiFamily
부산광역시 사하구 장림동,6**,월세,98.76,2000,20,1985,장림시장10길,detatched_multiFamily
부산광역시 사하구 장림동,6**,전세,98.76,3000,0,1985,장림시장10길,detatched_multiFamily
부산광역시 사하구 장림동,6**,전세,106.87,5000,0,1977,장림시장8길,detatched_multiFamily
부산광역시 사하구 하단동,4**,전세,10.7,6000,0,2018,낙동대로516번길,detatched_multiFamily
부산광역시 사하구 하단동,5**,전세,11.7,5500,0,2017,낙동대로,detatched_multiFamily
부산광역시 사하구 하단동,5**,전세,11.7,5500,0,2017,낙동대로,detatched_multiFamily
부산광역시 사하구 하단동,8**,전세,12,4000,0,2016,,detatched_multiFamily
부산광역시 사하구 하단동,4**,월세,12.14,300,31,1980,낙동대로516번길,detatched_multiFamily
부산광역시 사하구 하단동,4**,월세,12.49,1000,32,,낙동대로,detatched_multiFamily
부산광역시 사하구 하단동,6**,월세,13.2,200,28,2010,낙동대로457번안길,detatched_multiFamily
부산광역시 사하구 하단동,1***,전세,14.7,5000,0,,하신번영로261번길,detatched_multiFamily
부산광역시 사하구 하단동,5**,월세,15,4000,8,,낙동남로,detatched_multiFamily
부산광역시 사하구 하단동,8**,전세,15,4000,0,2017,낙동남로1357번길,detatched_multiFamily
부산광역시 사하구 하단동,5**,전세,15.3,5500,0,,낙동대로535번길,detatched_multiFamily
부산광역시 사하구 하단동,6**,전세,15.32,3500,0,2011,낙동대로457번길,detatched_multiFamily
부산광역시 사하구 하단동,4**,전세,15.6,8000,0,,낙동대로,detatched_multiFamily
부산광역시 사하구 하단동,4**,월세,15.7,1500,38,2018,낙동대로516번길,detatched_multiFamily
부산광역시 사하구 하단동,5**,월세,16,200,25,2011,,detatched_multiFamily
부산광역시 사하구 하단동,4**,전세,16,2000,0,,낙동남로1423번길,detatched_multiFamily
부산광역시 사하구 하단동,4**,전세,16,4500,0,,낙동대로563번안길,detatched_multiFamily
부산광역시 사하구 하단동,7**,월세,16.5,300,20,1978,낙동남로1423번길,detatched_multiFamily
부산광역시 사하구 하단동,1***,전세,16.5,5500,0,2016,하신번영로261번길,detatched_multiFamily
부산광역시 사하구 하단동,5**,월세,16.68,500,35,2019,낙동남로,detatched_multiFamily
부산광역시 사하구 하단동,5**,월세,16.68,500,45,2019,낙동남로,detatched_multiFamily
부산광역시 사하구 하단동,5**,전세,16.7,5000,0,2017,낙동대로,detatched_multiFamily
부산광역시 사하구 하단동,5**,월세,16.91,1500,25,1982,낙동대로535번길,detatched_multiFamily
부산광역시 사하구 하단동,5**,월세,16.91,2000,30,1982,낙동대로535번길,detatched_multiFamily
부산광역시 사하구 하단동,8**,전세,16.92,4500,0,,동매로19번길,detatched_multiFamily
부산광역시 사하구 하단동,8**,전세,17.78,6000,0,,,detatched_multiFamily
부산광역시 사하구 하단동,5**,월세,18,500,35,2019,낙동남로,detatched_multiFamily
부산광역시 사하구 하단동,6**,월세,18,200,28,2010,낙동대로457번안길,detatched_multiFamily
부산광역시 사하구 하단동,5**,월세,18,200,30,2010,하신중앙로313번길,detatched_multiFamily
부산광역시 사하구 하단동,8**,전세,18,5000,0,2017,낙동남로1357번길,detatched_multiFamily
부산광역시 사하구 하단동,8**,월세,18.15,200,35,2011,낙동남로1353번길,detatched_multiFamily
부산광역시 사하구 하단동,8**,월세,18.15,500,40,2018,낙동남로1353번길,detatched_multiFamily
부산광역시 사하구 하단동,5**,전세,18.25,6000,0,1982,낙동대로535번길,detatched_multiFamily
부산광역시 사하구 하단동,8**,전세,18.7,1000,0,1986,낙동남로1357번길,detatched_multiFamily
부산광역시 사하구 하단동,8**,월세,18.78,100,16,1989,하신번영로380번길,detatched_multiFamily
부산광역시 사하구 하단동,5**,월세,18.99,3000,20,,낙동남로1367번길,detatched_multiFamily
부산광역시 사하구 하단동,8**,월세,19,300,42,2018,낙동남로1353번길,detatched_multiFamily
부산광역시 사하구 하단동,8**,월세,19,300,37,2018,낙동남로1353번길,detatched_multiFamily
부산광역시 사하구 하단동,7**,월세,19,100,25,1987,낙동남로1423번길,detatched_multiFamily
부산광역시 사하구 하단동,7**,월세,19.7,300,35,2011,낙동대로519번길,detatched_multiFamily
부산광역시 사하구 하단동,7**,전세,19.8,4500,0,2020,하신번영로328번길,detatched_multiFamily
부산광역시 사하구 하단동,6**,월세,19.83,300,25,2010,낙동대로457번안길,detatched_multiFamily
부산광역시 사하구 하단동,6**,월세,19.83,300,25,2010,낙동대로457번안길,detatched_multiFamily
부산광역시 사하구 하단동,6**,월세,19.83,500,35,2010,괴정로,detatched_multiFamily
부산광역시 사하구 하단동,4**,월세,19.83,2000,21,1989,낙동대로535번길,detatched_multiFamily
부산광역시 사하구 하단동,5**,월세,19.9,2500,33,,낙동대로485번길,detatched_multiFamily
부산광역시 사하구 하단동,5**,월세,20,500,25,1997,낙동대로,detatched_multiFamily
부산광역시 사하구 하단동,5**,월세,20,6000,7,2019,낙동대로535번길,detatched_multiFamily
부산광역시 사하구 하단동,7**,월세,20,500,29,2011,낙동대로519번길,detatched_multiFamily
부산광역시 사하구 하단동,7**,월세,20,500,33,2011,낙동대로519번길,detatched_multiFamily
부산광역시 사하구 하단동,5**,월세,20,300,35,2017,,detatched_multiFamily
부산광역시 사하구 하단동,4**,월세,20,2000,29,2018,낙동대로516번길,detatched_multiFamily
부산광역시 사하구 하단동,7**,월세,20,500,29,2011,낙동대로519번길,detatched_multiFamily
부산광역시 사하구 하단동,5**,월세,20,500,45,2019,낙동대로535번길,detatched_multiFamily
부산광역시 사하구 하단동,5**,월세,20,1500,27,2017,낙동대로,detatched_multiFamily
부산광역시 사하구 하단동,4**,월세,20,500,35,2016,낙동대로575번길,detatched_multiFamily
부산광역시 사하구 하단동,4**,월세,20,1000,25,,,detatched_multiFamily
부산광역시 사하구 하단동,5**,월세,20,2000,28,,낙동대로485번길,detatched_multiFamily
부산광역시 사하구 하단동,8**,월세,20,300,46,2018,낙동남로1353번길,detatched_multiFamily
부산광역시 사하구 하단동,8**,월세,20,300,46,2018,낙동남로1353번길,detatched_multiFamily
부산광역시 사하구 하단동,5**,월세,20,500,40,2017,낙동대로,detatched_multiFamily
부산광역시 사하구 하단동,6**,월세,20,1500,30,2018,동매로,detatched_multiFamily
부산광역시 사하구 하단동,4**,월세,20,2000,20,2010,낙동대로549번길,detatched_multiFamily
부산광역시 사하구 하단동,4**,전세,20,6000,0,2018,낙동대로516번길,detatched_multiFamily
부산광역시 사하구 하단동,1***,전세,20,5000,0,,하신번영로261번길,detatched_multiFamily
부산광역시 사하구 하단동,6**,전세,20,8000,0,2018,동매로,detatched_multiFamily
부산광역시 사하구 하단동,4**,전세,20,6000,0,2018,낙동대로516번길,detatched_multiFamily
부산광역시 사하구 하단동,4**,전세,20,6000,0,2018,낙동대로516번길,detatched_multiFamily
부산광역시 사하구 하단동,6**,전세,20,4000,0,2011,낙동대로457번길,detatched_multiFamily
부산광역시 사하구 하단동,1***,전세,20,5000,0,2016,하신번영로261번길,detatched_multiFamily
부산광역시 사하구 하단동,5**,월세,20.46,500,40,1982,낙동대로535번길,detatched_multiFamily
부산광역시 사하구 하단동,7**,월세,20.7,300,30,2011,낙동대로519번길,detatched_multiFamily
부산광역시 사하구 하단동,5**,월세,20.94,3000,30,,낙동대로485번길,detatched_multiFamily
부산광역시 사하구 하단동,8**,전세,21.08,4400,0,,동매로19번길,detatched_multiFamily
부산광역시 사하구 하단동,5**,월세,21.23,2500,31,2021,낙동대로485번길,detatched_multiFamily
부산광역시 사하구 하단동,8**,전세,21.32,5000,0,2017,낙동남로1357번길,detatched_multiFamily
부산광역시 사하구 하단동,8**,전세,21.32,5000,0,2017,낙동남로1357번길,detatched_multiFamily
부산광역시 사하구 하단동,7**,월세,22,300,33,2017,승학로17번길,detatched_multiFamily
부산광역시 사하구 하단동,7**,전세,22,4000,0,1979,낙동남로1423번길,detatched_multiFamily
부산광역시 사하구 하단동,5**,월세,22.8,2000,28,2019,낙동남로1423번길,detatched_multiFamily
부산광역시 사하구 하단동,5**,월세,22.8,3000,21,2019,낙동남로1423번길,detatched_multiFamily
부산광역시 사하구 하단동,5**,월세,22.88,5000,20,2021,낙동대로485번길,detatched_multiFamily
부산광역시 사하구 하단동,5**,월세,23,500,30,1987,낙동대로519번길,detatched_multiFamily
부산광역시 사하구 하단동,5**,월세,23,1000,25,1987,낙동대로519번길,detatched_multiFamily
부산광역시 사하구 하단동,4*,전세,23,2000,0,1941,제석로12번길,detatched_multiFamily
부산광역시 사하구 하단동,4**,전세,23.06,5000,0,1990,,detatched_multiFamily
부산광역시 사하구 하단동,4**,월세,23.1,500,43,2020,낙동대로563번안길,detatched_multiFamily
부산광역시 사하구 하단동,4**,월세,23.1,1000,37,2020,낙동대로563번안길,detatched_multiFamily
부산광역시 사하구 하단동,6**,월세,23.14,300,45,2010,괴정로,detatched_multiFamily
부산광역시 사하구 하단동,7**,월세,23.3,500,40,1990,낙동남로1423번길,detatched_multiFamily
부산광역시 사하구 하단동,5**,전세,23.44,5000,0,,,detatched_multiFamily
부산광역시 사하구 하단동,5**,월세,23.76,2000,45,2021,낙동대로485번길,detatched_multiFamily
부산광역시 사하구 하단동,5**,월세,23.76,4000,35,,낙동대로485번길,detatched_multiFamily
부산광역시 사하구 하단동,6**,월세,24,300,40,2010,괴정로,detatched_multiFamily
부산광역시 사하구 하단동,4**,월세,24,1000,40,2016,낙동대로575번길,detatched_multiFamily
부산광역시 사하구 하단동,7**,월세,24,300,35,2017,승학로17번길,detatched_multiFamily
부산광역시 사하구 하단동,4**,월세,24.13,500,34,1997,낙동남로1423번길,detatched_multiFamily
부산광역시 사하구 하단동,8**,월세,24.85,1000,50,2018,낙동남로1357번길,detatched_multiFamily
부산광역시 사하구 하단동,6**,월세,25,300,29,1986,동매로50번길,detatched_multiFamily
부산광역시 사하구 하단동,7**,월세,25,100,20,,하신번영로300번길,detatched_multiFamily
부산광역시 사하구 하단동,8**,월세,25,2000,35,2018,낙동남로1353번길,detatched_multiFamily
부산광역시 사하구 하단동,4**,월세,25,1000,35,1985,낙동대로516번길,detatched_multiFamily
부산광역시 사하구 하단동,8**,월세,25,300,45,2018,낙동남로1353번길,detatched_multiFamily
부산광역시 사하구 하단동,4**,월세,25.22,100,24,1983,낙동대로535번길,detatched_multiFamily
부산광역시 사하구 하단동,5**,월세,26,100,28,,낙동대로519번길,detatched_multiFamily
부산광역시 사하구 하단동,7**,월세,26.07,3000,35,2020,하신번영로328번길,detatched_multiFamily
부산광역시 사하구 하단동,7**,전세,26.07,8000,0,2020,하신번영로328번길,detatched_multiFamily
부산광역시 사하구 하단동,7**,전세,26.4,4500,0,2011,낙동대로519번길,detatched_multiFamily
부산광역시 사하구 하단동,5**,월세,26.64,500,32,,하신중앙로,detatched_multiFamily
부산광역시 사하구 하단동,8**,월세,27.06,100,22,1977,낙동대로549번길,detatched_multiFamily
부산광역시 사하구 하단동,8**,월세,27.3,300,30,1993,하신번영로,detatched_multiFamily
부산광역시 사하구 하단동,5**,월세,28,500,15,1991,하신번영로312번길,detatched_multiFamily
부산광역시 사하구 하단동,4**,전세,28,3000,0,1989,낙동대로535번길,detatched_multiFamily
부산광역시 사하구 하단동,4**,전세,28,7000,0,1989,낙동대로535번길,detatched_multiFamily
부산광역시 사하구 하단동,8**,월세,28.08,6000,20,2017,,detatched_multiFamily
부산광역시 사하구 하단동,6**,전세,28.35,9000,0,2017,동매로23번길,detatched_multiFamily
부산광역시 사하구 하단동,6**,전세,28.38,9000,0,2017,동매로23번길,detatched_multiFamily
부산광역시 사하구 하단동,4**,월세,28.8,500,36,1989,낙동대로535번길,detatched_multiFamily
부산광역시 사하구 하단동,*,전세,29.16,6500,0,1974,괴정로57번길,detatched_multiFamily
부산광역시 사하구 하단동,8**,월세,29.7,1000,40,,낙동남로1347번길,detatched_multiFamily
부산광역시 사하구 하단동,5**,월세,30,200,29,2015,낙동대로519번길,detatched_multiFamily
부산광역시 사하구 하단동,6**,월세,30,1000,45,2017,동매로23번길,detatched_multiFamily
부산광역시 사하구 하단동,6**,전세,30,8000,0,2018,동매로,detatched_multiFamily
부산광역시 사하구 하단동,6**,전세,30,8000,0,2018,동매로,detatched_multiFamily
부산광역시 사하구 하단동,5**,전세,30,4000,0,2002,하신중앙로335번길,detatched_multiFamily
부산광역시 사하구 하단동,8**,전세,30,9000,0,2017,낙동남로1357번길,detatched_multiFamily
부산광역시 사하구 하단동,5**,월세,33,500,52,2018,하신중앙로335번길,detatched_multiFamily
부산광역시 사하구 하단동,8**,월세,33,2000,30,2017,낙동남로1357번길,detatched_multiFamily
부산광역시 사하구 하단동,5**,월세,33,1000,57,2018,하신중앙로335번길,detatched_multiFamily
부산광역시 사하구 하단동,6**,월세,33,300,30,1979,동매로66번길,detatched_multiFamily
부산광역시 사하구 하단동,4**,월세,35.4,3000,3,2017,괴정로25번길,detatched_multiFamily
부산광역시 사하구 하단동,4**,전세,35.4,3300,0,2017,괴정로25번길,detatched_multiFamily
부산광역시 사하구 하단동,5**,전세,36.55,2500,0,1987,승학로17번길,detatched_multiFamily
부산광역시 사하구 하단동,8**,월세,38.43,1000,30,1990,낙동대로549번길,detatched_multiFamily
부산광역시 사하구 하단동,8**,월세,38.67,2000,47,,동매로15번길,detatched_multiFamily
부산광역시 사하구 하단동,6**,월세,39.66,400,50,2011,괴정로,detatched_multiFamily
부산광역시 사하구 하단동,5**,월세,40,1500,55,2018,하신중앙로335번길,detatched_multiFamily
부산광역시 사하구 하단동,5**,월세,40.05,1000,30,1990,낙동대로519번길,detatched_multiFamily
부산광역시 사하구 하단동,7*,전세,40.79,6000,0,2001,제석로,detatched_multiFamily
부산광역시 사하구 하단동,8**,월세,41.4,500,50,1977,동매로5번길,detatched_multiFamily
부산광역시 사하구 하단동,4**,월세,42.55,5000,10,1936,괴정로15번길,detatched_multiFamily
부산광역시 사하구 하단동,6**,월세,42.8,3000,50,2018,낙동대로457번길,detatched_multiFamily
부산광역시 사하구 하단동,4**,월세,43.04,5300,20,1992,괴정로31번길,detatched_multiFamily
부산광역시 사하구 하단동,4**,전세,44.08,5000,0,,,detatched_multiFamily
부산광역시 사하구 하단동,1**,월세,44.99,5000,10,1978,,detatched_multiFamily
부산광역시 사하구 하단동,1**,월세,44.99,5000,10,1978,괴정로37번길,detatched_multiFamily
부산광역시 사하구 하단동,5**,월세,45,1000,27,1991,하신번영로312번길,detatched_multiFamily
부산광역시 사하구 하단동,6**,전세,45.36,6000,0,1979,제석로17번길,detatched_multiFamily
부산광역시 사하구 하단동,3**,월세,46.08,500,40,1985,동매로104번길,detatched_multiFamily
부산광역시 사하구 하단동,5**,월세,47,1000,58,2018,하신중앙로335번길,detatched_multiFamily
부산광역시 사하구 하단동,8**,전세,48.23,6300,0,,낙동대로563번길,detatched_multiFamily
부산광역시 사하구 하단동,5**,월세,48.33,3000,20,1983,낙동대로519번길,detatched_multiFamily
부산광역시 사하구 하단동,5**,전세,48.91,7000,0,1987,낙동대로486번길,detatched_multiFamily
부산광역시 사하구 하단동,5**,전세,48.91,12000,0,1987,낙동대로486번길,detatched_multiFamily
부산광역시 사하구 하단동,5**,월세,49.5,500,35,1988,하신번영로328번길,detatched_multiFamily
부산광역시 사하구 하단동,1**,전세,49.82,5700,0,1979,괴정로37번길,detatched_multiFamily
부산광역시 사하구 하단동,6**,월세,50,3000,30,1987,동매로,detatched_multiFamily
부산광역시 사하구 하단동,6**,전세,50,7000,0,1987,동매로,detatched_multiFamily
부산광역시 사하구 하단동,6**,월세,50.7,500,55,2013,괴정로,detatched_multiFamily
부산광역시 사하구 하단동,5**,전세,50.75,7000,0,,동매로50번길,detatched_multiFamily
부산광역시 사하구 하단동,6**,월세,51,3000,30,1978,괴정로,detatched_multiFamily
부산광역시 사하구 하단동,1**,월세,51.64,2000,30,1980,괴정로37번길,detatched_multiFamily
부산광역시 사하구 하단동,6**,월세,53.62,2000,35,1986,동매로,detatched_multiFamily
부산광역시 사하구 하단동,1**,월세,54.95,6000,30,,낙동대로457번안길,detatched_multiFamily
부산광역시 사하구 하단동,6**,월세,55,500,40,,동매로50번길,detatched_multiFamily
부산광역시 사하구 하단동,6**,월세,55.22,500,60,1987,동매로57번길,detatched_multiFamily
부산광역시 사하구 하단동,6**,전세,58.94,9000,0,,제석로17번길,detatched_multiFamily
부산광역시 사하구 하단동,6**,전세,59,9500,0,2013,괴정로,detatched_multiFamily
부산광역시 사하구 하단동,5**,전세,59,5500,0,,승학로3번길,detatched_multiFamily
부산광역시 사하구 하단동,5**,전세,59.07,10000,0,,낙동대로535번길,detatched_multiFamily
부산광역시 사하구 하단동,5**,전세,59.07,10000,0,,낙동대로535번길,detatched_multiFamily
부산광역시 사하구 하단동,8**,월세,59.4,5700,20,,낙동대로563번길,detatched_multiFamily
부산광역시 사하구 하단동,6**,전세,59.4,5900,0,1987,동매로,detatched_multiFamily
부산광역시 사하구 하단동,6**,전세,59.62,9000,0,,괴정로,detatched_multiFamily
부산광역시 사하구 하단동,4**,월세,60,500,40,1987,하신번영로350번길,detatched_multiFamily
부산광역시 사하구 하단동,3**,전세,60,3800,0,1987,동매로104번길,detatched_multiFamily
부산광역시 사하구 하단동,6**,월세,60.06,2000,50,2021,낙동대로457번길,detatched_multiFamily
부산광역시 사하구 하단동,7**,전세,60.9,6000,0,1987,낙동남로1423번길,detatched_multiFamily
부산광역시 사하구 하단동,6**,전세,61.05,10000,0,1989,,detatched_multiFamily
부산광역시 사하구 하단동,5**,전세,62.27,7000,0,1988,하신번영로312번길,detatched_multiFamily
부산광역시 사하구 하단동,5**,월세,62.46,1000,35,1988,하신번영로312번길,detatched_multiFamily
부산광역시 사하구 하단동,5**,월세,62.88,7000,15,1988,낙동남로1423번길,detatched_multiFamily
부산광역시 사하구 하단동,5**,월세,62.88,7000,20,1988,낙동남로1423번길,detatched_multiFamily
부산광역시 사하구 하단동,5**,월세,64.08,500,58,1994,낙동대로,detatched_multiFamily
부산광역시 사하구 하단동,1**,월세,64.2,6000,30,1982,괴정로37번길,detatched_multiFamily
부산광역시 사하구 하단동,4**,월세,66,1000,55,1983,낙동남로1423번길,detatched_multiFamily
부산광역시 사하구 하단동,7**,전세,66,10000,0,1995,낙동대로519번길,detatched_multiFamily
부산광역시 사하구 하단동,5**,월세,66.32,2000,50,1996,낙동남로1367번길,detatched_multiFamily
부산광역시 사하구 하단동,5**,월세,70.05,2000,40,1988,하신번영로328번길,detatched_multiFamily
부산광역시 사하구 하단동,4*,전세,72.13,8000,0,1941,제석로12번길,detatched_multiFamily
부산광역시 사하구 하단동,5**,전세,72.6,9500,0,,하신번영로328번길,detatched_multiFamily
부산광역시 사하구 하단동,1***,전세,75,10000,0,1994,하신중앙로239번길,detatched_multiFamily
부산광역시 사하구 하단동,8**,전세,75.38,12000,0,2018,낙동남로1353번길,detatched_multiFamily
부산광역시 사하구 하단동,5**,월세,75.87,500,34,1988,낙동대로504번길,detatched_multiFamily
부산광역시 사하구 하단동,6**,월세,76.59,1000,70,2011,괴정로,detatched_multiFamily
부산광역시 사하구 하단동,8**,월세,76.79,1000,42,2018,낙동남로1353번길,detatched_multiFamily
부산광역시 사하구 하단동,6**,월세,78.17,5000,40,,낙동대로407번길,detatched_multiFamily
부산광역시 사하구 하단동,6**,월세,79.19,6500,10,1978,괴정로15번길,detatched_multiFamily
부산광역시 사하구 하단동,6**,월세,82.53,2000,45,1983,낙동대로457번길,detatched_multiFamily
부산광역시 사하구 하단동,1*,전세,84.23,12000,0,1979,괴정로73번길,detatched_multiFamily
부산광역시 사하구 하단동,5**,월세,84.28,10000,15,,낙동대로535번길,detatched_multiFamily
부산광역시 사하구 하단동,4**,월세,84.39,100,38,2012,,detatched_multiFamily
부산광역시 사하구 하단동,1***,월세,84.93,14000,30,,하신중앙로,detatched_multiFamily
부산광역시 사하구 하단동,5**,전세,86.31,8000,0,1979,낙동대로474번길,detatched_multiFamily
부산광역시 사하구 하단동,5**,월세,89.79,500,45,1986,낙동남로1373번길,detatched_multiFamily
부산광역시 사하구 하단동,4**,월세,92.15,5000,20,1986,낙동대로519번길,detatched_multiFamily
부산광역시 사하구 하단동,1***,월세,97.36,5000,65,2007,하신번영로,detatched_multiFamily
부산광역시 사하구 하단동,4**,전세,98,10000,0,,낙동대로563번안길,detatched_multiFamily
부산광역시 사하구 하단동,4**,월세,99.64,6000,27,2001,낙동대로563번안길,detatched_multiFamily
부산광역시 사하구 하단동,5**,월세,104.87,4000,40,2000,낙동대로485번길,detatched_multiFamily
부산광역시 사하구 하단동,8**,월세,110.29,500,37,2014,동매로19번길,detatched_multiFamily
부산광역시 사하구 하단동,8**,월세,110.29,700,34,2014,동매로19번길,detatched_multiFamily
부산광역시 사하구 하단동,5**,전세,119.47,20000,0,,하신중앙로,detatched_multiFamily
부산광역시 사하구 하단동,5**,월세,134.52,800,38,2010,하신중앙로335번길,detatched_multiFamily
부산광역시 사하구 하단동,5**,월세,134.52,300,40,2010,하신중앙로335번길,detatched_multiFamily
부산광역시 서구 남부민동,4**,월세,12,50,7,,해돋이로39번길,detatched_multiFamily
부산광역시 서구 남부민동,4**,월세,16.5,300,20,1985,해돋이로39번길,detatched_multiFamily
부산광역시 서구 남부민동,6**,월세,17.36,1000,30,1973,충무대로225번길,detatched_multiFamily
부산광역시 서구 남부민동,3**,월세,19,1000,5,1965,천마로104번길,detatched_multiFamily
부산광역시 서구 남부민동,1**,월세,19.8,300,15,,천마로143번길,detatched_multiFamily
부산광역시 서구 남부민동,9*,월세,24.17,500,25,1966,천마로131번길,detatched_multiFamily
부산광역시 서구 남부민동,6**,월세,25,2000,10,1964,충무대로149번나길,detatched_multiFamily
부산광역시 서구 남부민동,4**,전세,26,2000,0,1973,남부민로49번길,detatched_multiFamily
부산광역시 서구 남부민동,4**,월세,26.97,1500,10,1985,천마산로,detatched_multiFamily
부산광역시 서구 남부민동,4**,월세,27.1,500,17,,천해로34번길,detatched_multiFamily
부산광역시 서구 남부민동,1**,전세,27.3,4000,0,1983,천마로131번길,detatched_multiFamily
부산광역시 서구 남부민동,3**,월세,29.5,1000,30,1971,남부민로44번길,detatched_multiFamily
부산광역시 서구 남부민동,1**,월세,29.7,500,15,,천마로,detatched_multiFamily
부산광역시 서구 남부민동,2*,월세,29.75,900,23,1967,천마로197번길,detatched_multiFamily
부산광역시 서구 남부민동,4**,월세,30,2000,10,1975,천해로,detatched_multiFamily
부산광역시 서구 남부민동,4**,전세,30,1500,0,1985,해돋이로59번가길,detatched_multiFamily
부산광역시 서구 남부민동,4**,월세,30.19,100,10,1985,천마로92번길,detatched_multiFamily
부산광역시 서구 남부민동,1**,월세,31.6,100,20,1973,천마로,detatched_multiFamily
부산광역시 서구 남부민동,4**,월세,32.6,150,20,1985,천해로33번길,detatched_multiFamily
부산광역시 서구 남부민동,4**,전세,32.73,1700,0,1976,천마로103번길,detatched_multiFamily
부산광역시 서구 남부민동,4**,월세,32.89,2500,5,1966,천마로77번길,detatched_multiFamily
부산광역시 서구 남부민동,4**,전세,33,2000,0,,해돋이로53번길,detatched_multiFamily
부산광역시 서구 남부민동,4**,월세,34.75,500,30,,해돋이로59번길,detatched_multiFamily
부산광역시 서구 남부민동,2*,전세,34.75,5400,0,,천마로,detatched_multiFamily
부산광역시 서구 남부민동,2*,전세,34.75,5400,0,,천마로,detatched_multiFamily
부산광역시 서구 남부민동,3*,월세,36,1500,30,1979,천마로186번길,detatched_multiFamily
부산광역시 서구 남부민동,3**,월세,36.43,1000,30,1979,천마로104번길,detatched_multiFamily
부산광역시 서구 남부민동,3**,월세,36.43,2000,30,1979,천마로104번길,detatched_multiFamily
부산광역시 서구 남부민동,4**,전세,38.6,2200,0,1985,천마로,detatched_multiFamily
부산광역시 서구 남부민동,2*,전세,39.11,6000,0,1975,천마로193번길,detatched_multiFamily
부산광역시 서구 남부민동,2*,전세,39.11,6000,0,1975,천마로193번길,detatched_multiFamily
부산광역시 서구 남부민동,8*,전세,39.46,4000,0,1985,해돋이로114번길,detatched_multiFamily
부산광역시 서구 남부민동,8*,전세,39.46,4000,0,,해돋이로114번길,detatched_multiFamily
부산광역시 서구 남부민동,1**,월세,39.6,1000,17,,천마로,detatched_multiFamily
부산광역시 서구 남부민동,6*,월세,40,2000,20,1971,충무대로225번길,detatched_multiFamily
부산광역시 서구 남부민동,1**,전세,41,4000,0,1983,천마로131번길,detatched_multiFamily
부산광역시 서구 남부민동,4**,월세,41.4,200,15,1985,천해로13번길,detatched_multiFamily
부산광역시 서구 남부민동,4**,월세,42.92,500,20,1985,천마로89번길,detatched_multiFamily
부산광역시 서구 남부민동,3*,월세,43,2500,10,1979,천마로186번길,detatched_multiFamily
부산광역시 서구 남부민동,2**,전세,43.01,2800,0,1976,천마로113번길,detatched_multiFamily
부산광역시 서구 남부민동,4**,월세,45,1000,45,1971,천마로96번길,detatched_multiFamily
부산광역시 서구 남부민동,4**,월세,45.59,1000,20,1971,천마로89번길,detatched_multiFamily
부산광역시 서구 남부민동,5*,전세,46.35,5000,0,1975,해돋이로137번길,detatched_multiFamily
부산광역시 서구 남부민동,3**,월세,46.87,3000,8,1940,천마로104번길,detatched_multiFamily
부산광역시 서구 남부민동,6**,전세,46.89,2000,0,1988,해양로,detatched_multiFamily
부산광역시 서구 남부민동,4**,전세,48.2,2500,0,1942,천마로92번길,detatched_multiFamily
부산광역시 서구 남부민동,3**,월세,49.5,2000,15,1985,남부민로,detatched_multiFamily
부산광역시 서구 남부민동,2**,월세,49.54,500,15,1994,천마로111번길,detatched_multiFamily
부산광역시 서구 남부민동,3*,월세,50,2000,10,1979,천마로186번길,detatched_multiFamily
부산광역시 서구 남부민동,4**,전세,50,6500,0,1979,천마로111번길,detatched_multiFamily
부산광역시 서구 남부민동,3*,월세,50.94,2000,30,1980,천마로187번길,detatched_multiFamily
부산광역시 서구 남부민동,4**,전세,51.31,3100,0,,천마로103번길,detatched_multiFamily
부산광역시 서구 남부민동,1**,월세,53.22,3800,17,,천마로,detatched_multiFamily
부산광역시 서구 남부민동,2**,전세,53.72,3500,0,1976,천마로113번길,detatched_multiFamily
부산광역시 서구 남부민동,2*,월세,54.74,3000,27,,천마로193번길,detatched_multiFamily
부산광역시 서구 남부민동,5**,월세,55.24,500,20,1976,충무대로149번다길,detatched_multiFamily
부산광역시 서구 남부민동,4**,월세,55.98,2000,5,1990,천마로,detatched_multiFamily
부산광역시 서구 남부민동,4**,월세,57.72,1000,20,1974,남부민로49번길,detatched_multiFamily
부산광역시 서구 남부민동,4**,월세,60.83,2000,25,1974,남부민로,detatched_multiFamily
부산광역시 서구 남부민동,1**,전세,60.84,6000,0,1997,남부민로40번길,detatched_multiFamily
부산광역시 서구 남부민동,4**,월세,60.91,700,20,1997,해돋이로,detatched_multiFamily
부산광역시 서구 남부민동,2**,전세,61.82,5000,0,1967,천마로111번길,detatched_multiFamily
부산광역시 서구 남부민동,1**,전세,62,3500,0,,천마로,detatched_multiFamily
부산광역시 서구 남부민동,6**,월세,66,1000,20,,충무대로191번길,detatched_multiFamily
부산광역시 서구 남부민동,1**,전세,70,5500,0,1973,천마로,detatched_multiFamily
부산광역시 서구 남부민동,4*,월세,71.17,5000,10,1980,천마로187번길,detatched_multiFamily
부산광역시 서구 남부민동,5*,전세,72,2500,0,,해돋이로137번길,detatched_multiFamily
부산광역시 서구 남부민동,2**,월세,73.79,2000,10,1975,해돋이로84번길,detatched_multiFamily
부산광역시 서구 남부민동,2*,월세,75.9,500,25,1993,천마로199번길,detatched_multiFamily
부산광역시 서구 남부민동,2*,월세,77.43,500,45,2016,천마로199번길,detatched_multiFamily
부산광역시 서구 남부민동,2*,월세,77.43,1000,40,2016,천마로199번길,detatched_multiFamily
부산광역시 서구 남부민동,4**,전세,78.1,10500,0,1975,남부민로,detatched_multiFamily
부산광역시 서구 남부민동,6**,월세,80,1000,15,1985,천마로50번길,detatched_multiFamily
부산광역시 서구 남부민동,1**,월세,80,1000,15,,남부민로40번길,detatched_multiFamily
부산광역시 서구 남부민동,5*,월세,80.67,1500,15,2014,해돋이로152번길,detatched_multiFamily
부산광역시 서구 남부민동,6**,월세,82,100,20,1961,천마로50번길,detatched_multiFamily
부산광역시 서구 남부민동,4**,전세,82.94,6000,0,1976,남부민로,detatched_multiFamily
부산광역시 서구 남부민동,2*,전세,86.07,6000,0,1998,천마로199번길,detatched_multiFamily
부산광역시 서구 남부민동,6**,월세,87.21,2500,20,1967,천마로50번길,detatched_multiFamily
부산광역시 서구 남부민동,5**,전세,95.86,3500,0,1979,충무대로149번가길,detatched_multiFamily
부산광역시 서구 남부민동,3**,월세,98.4,500,25,1979,천마로104번길,detatched_multiFamily
부산광역시 서구 남부민동,4**,월세,99.17,2000,20,2015,해돋이로,detatched_multiFamily
부산광역시 서구 남부민동,4**,월세,99.17,2800,10,1985,남부민로67번길,detatched_multiFamily
부산광역시 서구 남부민동,1**,월세,101.63,1500,10,1989,천마로131번길,detatched_multiFamily
부산광역시 서구 남부민동,5**,전세,105.75,3100,0,1966,충무대로149번다길,detatched_multiFamily
부산광역시 서구 남부민동,4**,전세,126.18,2800,0,1979,천마로89번길,detatched_multiFamily
부산광역시 서구 남부민동,1**,월세,129,500,20,,남부민로12번길,detatched_multiFamily
부산광역시 서구 남부민동,4**,월세,231.4,3000,10,1989,남부민로44번길,detatched_multiFamily
부산광역시 서구 동대신동1가,2**,월세,17,500,33,2011,구덕로,detatched_multiFamily
부산광역시 서구 동대신동1가,2**,월세,17.82,2000,20,1967,구덕로268번길,detatched_multiFamily
부산광역시 서구 동대신동1가,2**,월세,19.2,1000,30,2011,구덕로,detatched_multiFamily
부산광역시 서구 동대신동1가,2**,전세,20,4000,0,2011,구덕로,detatched_multiFamily
부산광역시 서구 동대신동1가,2**,전세,20,4000,0,2011,구덕로,detatched_multiFamily
부산광역시 서구 동대신동1가,1**,월세,22.1,200,30,,구덕로286번길,detatched_multiFamily
부산광역시 서구 동대신동1가,1**,월세,22.1,200,30,2010,구덕로286번길,detatched_multiFamily
부산광역시 서구 동대신동1가,1*,월세,23.1,500,15,,망양로,detatched_multiFamily
부산광역시 서구 동대신동1가,2**,전세,23.79,4000,0,1979,구덕로274번길,detatched_multiFamily
부산광역시 서구 동대신동1가,9*,월세,25,1000,17,1991,구덕로286번길,detatched_multiFamily
부산광역시 서구 동대신동1가,1*,월세,26,100,24,1985,보동길185번길,detatched_multiFamily
부산광역시 서구 동대신동1가,1**,월세,29,4000,15,1991,구덕로280번길,detatched_multiFamily
부산광역시 서구 동대신동1가,1**,월세,31.04,500,20,1970,구덕로286번길,detatched_multiFamily
부산광역시 서구 동대신동1가,2**,월세,32.73,70,35,1960,대영로86번길,detatched_multiFamily
부산광역시 서구 동대신동1가,1*,월세,33,100,24,1992,보동길,detatched_multiFamily
부산광역시 서구 동대신동1가,1*,월세,33,3000,6,1985,보동길,detatched_multiFamily
부산광역시 서구 동대신동1가,3**,월세,33,1000,20,1936,구덕로268번길,detatched_multiFamily
부산광역시 서구 동대신동1가,1**,월세,37.95,5500,5,1985,대영로,detatched_multiFamily
부산광역시 서구 동대신동1가,3**,전세,39.69,14000,0,1973,보수대로,detatched_multiFamily
부산광역시 서구 동대신동1가,1**,월세,40.3,500,38,1981,구덕로,detatched_multiFamily
부산광역시 서구 동대신동1가,1**,월세,42.28,7000,15,1937,구덕로280번길,detatched_multiFamily
부산광역시 서구 동대신동1가,1**,월세,44,500,33,1981,구덕로,detatched_multiFamily
부산광역시 서구 동대신동1가,2**,전세,44.93,8000,0,1946,구덕로274번길,detatched_multiFamily
부산광역시 서구 동대신동1가,1*,월세,49.5,2000,20,1946,보동길209번길,detatched_multiFamily
부산광역시 서구 동대신동1가,3**,월세,50,3000,23,1993,대영로86번길,detatched_multiFamily
부산광역시 서구 동대신동1가,1**,월세,55.1,6500,10,1991,구덕로280번길,detatched_multiFamily
부산광역시 서구 동대신동1가,9*,월세,55.2,5000,13,1991,구덕로286번길,detatched_multiFamily
부산광역시 서구 동대신동1가,1**,월세,55.2,6000,20,1990,구덕로274번길,detatched_multiFamily
부산광역시 서구 동대신동1가,1**,월세,55.2,6000,20,1990,구덕로274번길,detatched_multiFamily
부산광역시 서구 동대신동1가,2**,전세,55.62,8000,0,1997,구덕로274번길,detatched_multiFamily
부산광역시 서구 동대신동1가,1**,전세,58.08,10000,0,1994,대영로74번길,detatched_multiFamily
부산광역시 서구 동대신동1가,1*,월세,59.5,1000,40,1965,보수대로154번길,detatched_multiFamily
부산광역시 서구 동대신동1가,2**,월세,67.44,5000,34,1995,대영로74번길,detatched_multiFamily
부산광역시 서구 동대신동1가,2**,월세,78.25,8000,10,,구덕로274번길,detatched_multiFamily
부산광역시 서구 동대신동1가,3**,월세,79.34,2000,25,1973,보수대로,detatched_multiFamily
부산광역시 서구 동대신동1가,3**,전세,79.34,12000,0,,보수대로,detatched_multiFamily
부산광역시 서구 동대신동1가,1**,월세,85.26,10000,30,1965,대영로,detatched_multiFamily
부산광역시 서구 동대신동2가,5*,월세,13.22,200,20,1985,보수대로,detatched_multiFamily
부산광역시 서구 동대신동2가,1**,월세,23,200,20,1985,망양로,detatched_multiFamily
부산광역시 서구 동대신동2가,5*,월세,23.14,2000,12,1985,보수대로,detatched_multiFamily
부산광역시 서구 동대신동2가,2**,월세,25,500,28,,대영로85번길,detatched_multiFamily
부산광역시 서구 동대신동2가,3**,월세,26.45,700,23,1971,대영로85번길,detatched_multiFamily
부산광역시 서구 동대신동2가,5*,월세,28,2000,10,1987,보동길311번길,detatched_multiFamily
부산광역시 서구 동대신동2가,1**,전세,29,1000,0,1985,망양로,detatched_multiFamily
부산광역시 서구 동대신동2가,3*,월세,30.74,1000,18,1941,보동길327번길,detatched_multiFamily
부산광역시 서구 동대신동2가,2**,월세,33,300,20,,보수대로,detatched_multiFamily
부산광역시 서구 동대신동2가,2**,전세,36.03,5000,0,1971,대영로85번길,detatched_multiFamily
부산광역시 서구 동대신동2가,1**,월세,39.67,3500,10,1995,대영로105번길,detatched_multiFamily
부산광역시 서구 동대신동2가,7*,전세,44.53,6000,0,1990,망양로159번길,detatched_multiFamily
부산광역시 서구 동대신동2가,1*,월세,46.08,300,30,2002,중앙공원로,detatched_multiFamily
부산광역시 서구 동대신동2가,8*,월세,49.59,1000,15,1973,망양로174번길,detatched_multiFamily
부산광역시 서구 동대신동2가,7*,월세,49.59,2000,15,,대영로111번길,detatched_multiFamily
부산광역시 서구 동대신동2가,1**,전세,49.59,5500,0,,대영로112번길,detatched_multiFamily
부산광역시 서구 동대신동2가,8*,월세,52.89,300,25,1973,망양로175번길,detatched_multiFamily
부산광역시 서구 동대신동2가,1**,월세,56.2,3000,20,1995,대영로105번길,detatched_multiFamily
부산광역시 서구 동대신동2가,1**,월세,56.2,2000,28,1995,대영로105번길,detatched_multiFamily
부산광역시 서구 동대신동2가,2**,월세,56.25,4000,10,1985,대영로85번길,detatched_multiFamily
부산광역시 서구 동대신동2가,3**,월세,58.42,4000,30,1965,대영로85번길,detatched_multiFamily
부산광역시 서구 동대신동2가,1**,월세,59.11,7000,10,,대영로111번길,detatched_multiFamily
부산광역시 서구 동대신동2가,8*,전세,59.43,3000,0,,망양로175번길,detatched_multiFamily
부산광역시 서구 동대신동2가,*,월세,59.5,500,30,1973,중앙공원로27번길,detatched_multiFamily
부산광역시 서구 동대신동2가,1**,월세,63,5000,17,1982,대영로111번길,detatched_multiFamily
부산광역시 서구 동대신동2가,1**,월세,63.47,6000,35,1971,대영로111번길,detatched_multiFamily
부산광역시 서구 동대신동2가,1**,월세,66,3000,30,1991,대영로105번길,detatched_multiFamily
부산광역시 서구 동대신동2가,5*,월세,66.11,2000,30,1990,보수대로,detatched_multiFamily
부산광역시 서구 동대신동2가,2*,월세,66.11,500,30,,보동길,detatched_multiFamily
부산광역시 서구 동대신동2가,1*,월세,67.05,4000,10,1995,망양로,detatched_multiFamily
부산광역시 서구 동대신동2가,2**,월세,67.24,3000,30,,구덕로322번길,detatched_multiFamily
부산광역시 서구 동대신동2가,3**,월세,68.41,3000,30,,대영로85번길,detatched_multiFamily
부산광역시 서구 동대신동2가,*,전세,76.56,2800,0,1939,중앙공원로,detatched_multiFamily
부산광역시 서구 동대신동2가,5*,월세,79.34,1000,35,1970,,detatched_multiFamily
부산광역시 서구 동대신동2가,5*,월세,79.34,1000,35,1970,보수대로210번길,detatched_multiFamily
부산광역시 서구 동대신동2가,4**,월세,80.66,3000,35,1991,구덕로296번길,detatched_multiFamily
부산광역시 서구 동대신동2가,1*,전세,95.87,3500,0,1971,망양로150번길,detatched_multiFamily
부산광역시 서구 동대신동3가,2**,월세,18,1000,30,1993,보수대로222번길,detatched_multiFamily
부산광역시 서구 동대신동3가,3*,월세,18.68,4500,35,2021,보수대로258번가길,detatched_multiFamily
부산광역시 서구 동대신동3가,3*,월세,18.68,4000,35,2021,보수대로258번가길,detatched_multiFamily
부산광역시 서구 동대신동3가,3*,월세,18.68,4500,35,2021,보수대로258번가길,detatched_multiFamily
부산광역시 서구 동대신동3가,2**,전세,19,5500,0,2012,보동길,detatched_multiFamily
부산광역시 서구 동대신동3가,3*,월세,19.09,4500,35,2021,보수대로258번가길,detatched_multiFamily
부산광역시 서구 동대신동3가,3*,월세,19.09,4500,40,2021,보수대로258번가길,detatched_multiFamily
부산광역시 서구 동대신동3가,4**,월세,19.83,1000,25,,구덕로328번길,detatched_multiFamily
부산광역시 서구 동대신동3가,3*,월세,20.99,4000,35,2021,보수대로258번가길,detatched_multiFamily
부산광역시 서구 동대신동3가,3*,월세,20.99,4000,35,2021,보수대로258번가길,detatched_multiFamily
부산광역시 서구 동대신동3가,3*,월세,20.99,4000,35,2021,,detatched_multiFamily
부산광역시 서구 동대신동3가,3*,월세,20.99,4000,35,2021,보수대로258번가길,detatched_multiFamily
부산광역시 서구 동대신동3가,3*,월세,20.99,4000,35,2021,보수대로258번가길,detatched_multiFamily
부산광역시 서구 동대신동3가,3*,월세,20.99,4500,35,2021,보수대로258번가길,detatched_multiFamily
부산광역시 서구 동대신동3가,3*,월세,21,1500,30,2017,보수대로258번가길,detatched_multiFamily
부산광역시 서구 동대신동3가,3**,전세,23.64,6000,0,,대영로85번길,detatched_multiFamily
부산광역시 서구 동대신동3가,3**,전세,23.64,6000,0,,대영로85번길,detatched_multiFamily
부산광역시 서구 동대신동3가,*,전세,29.97,5000,0,,,detatched_multiFamily
부산광역시 서구 동대신동3가,1**,월세,30,500,30,1990,구덕로346번길,detatched_multiFamily
부산광역시 서구 동대신동3가,7*,전세,30,4000,0,,망양로,detatched_multiFamily
부산광역시 서구 동대신동3가,4**,월세,33,500,22,1988,보수대로,detatched_multiFamily
부산광역시 서구 동대신동3가,7*,월세,33,1500,20,1972,망양로,detatched_multiFamily
부산광역시 서구 동대신동3가,2**,월세,33.39,500,15,1974,망양로92번길,detatched_multiFamily
부산광역시 서구 동대신동3가,4**,월세,37.69,3000,30,1953,구덕로322번길,detatched_multiFamily
부산광역시 서구 동대신동3가,7*,월세,41.44,3000,20,1994,망양로,detatched_multiFamily
부산광역시 서구 동대신동3가,2**,전세,44,3500,0,1980,보수대로222번길,detatched_multiFamily
부산광역시 서구 동대신동3가,1**,월세,45.8,6000,20,1990,구덕로346번길,detatched_multiFamily
부산광역시 서구 동대신동3가,1**,월세,46,1500,20,1995,망양로92번길,detatched_multiFamily
부산광역시 서구 동대신동3가,4**,월세,48.11,3000,15,1992,구덕로328번길,detatched_multiFamily
부산광역시 서구 동대신동3가,2**,월세,48.17,5000,30,1970,보수대로236번길,detatched_multiFamily
부산광역시 서구 동대신동3가,4**,전세,50.5,4200,0,1988,보수대로,detatched_multiFamily
부산광역시 서구 동대신동3가,2**,월세,53.69,3000,30,1990,대영로73번길,detatched_multiFamily
부산광역시 서구 동대신동3가,1**,월세,55.4,10000,10,1984,대영로73번길,detatched_multiFamily
부산광역시 서구 동대신동3가,4**,월세,56,4000,17,1971,대영로85번길,detatched_multiFamily
부산광역시 서구 동대신동3가,2**,월세,58.46,1000,25,2005,망양로127번길,detatched_multiFamily
부산광역시 서구 동대신동3가,4**,월세,59.13,3000,30,,대영로73번길,detatched_multiFamily
부산광역시 서구 동대신동3가,4**,월세,59.19,5000,20,1992,보수대로,detatched_multiFamily
부산광역시 서구 동대신동3가,2**,전세,59.4,7000,0,1990,망양로92번길,detatched_multiFamily
부산광역시 서구 동대신동3가,2**,전세,59.4,7000,0,1990,망양로92번길,detatched_multiFamily
부산광역시 서구 동대신동3가,3**,전세,59.49,12500,0,1996,구덕로334번길,detatched_multiFamily
부산광역시 서구 동대신동3가,2**,월세,60,1000,25,1990,망양로92번길,detatched_multiFamily
부산광역시 서구 동대신동3가,4**,월세,60,4000,30,1992,구덕로328번길,detatched_multiFamily
부산광역시 서구 동대신동3가,1**,월세,60,7000,10,1990,구덕로346번길,detatched_multiFamily
부산광역시 서구 동대신동3가,1**,월세,61.7,7000,10,,보수대로,detatched_multiFamily
부산광역시 서구 동대신동3가,1**,월세,61.7,4000,30,,보수대로,detatched_multiFamily
부산광역시 서구 동대신동3가,1**,월세,61.7,2000,50,,보수대로,detatched_multiFamily
부산광역시 서구 동대신동3가,2**,월세,61.95,10000,20,,구덕로346번길,detatched_multiFamily
부산광역시 서구 동대신동3가,4**,월세,64.04,1500,30,1993,대영로73번길,detatched_multiFamily
부산광역시 서구 동대신동3가,4**,월세,65.8,2000,22,1990,보수대로,detatched_multiFamily
부산광역시 서구 동대신동3가,2**,월세,74.2,2500,20,1995,보동길,detatched_multiFamily
부산광역시 서구 동대신동3가,4**,월세,77.11,9600,5,,구덕로322번길,detatched_multiFamily
부산광역시 서구 동대신동3가,1**,월세,77.16,1000,20,1974,보수대로242번길,detatched_multiFamily
부산광역시 서구 동대신동3가,4**,월세,81.55,7000,20,,구덕로322번길,detatched_multiFamily
부산광역시 서구 동대신동3가,4**,월세,81.55,7000,20,1996,구덕로322번길,detatched_multiFamily
부산광역시 서구 동대신동3가,6*,월세,90.16,2000,45,1991,동대로,detatched_multiFamily
부산광역시 서구 동대신동3가,3*,월세,101.25,2000,32,2017,보수대로258번가길,detatched_multiFamily
부산광역시 서구 동대신동3가,3*,월세,101.25,1000,35,2017,보수대로258번가길,detatched_multiFamily
부산광역시 서구 동대신동3가,4**,월세,104,6000,20,1991,구덕로328번길,detatched_multiFamily
부산광역시 서구 동대신동3가,3**,월세,130.2,100,26,2009,구덕로,detatched_multiFamily
부산광역시 서구 동대신동3가,3**,월세,158,4000,5,1988,구덕로334번길,detatched_multiFamily
부산광역시 서구 동대신동3가,6*,월세,167.14,2000,40,1991,동대로,detatched_multiFamily
부산광역시 서구 동대신동3가,2**,전세,169,15000,0,1987,망양로92번길,detatched_multiFamily
부산광역시 서구 부민동1가,1*,월세,20,500,27,1991,구덕로226번길,detatched_multiFamily
부산광역시 서구 부민동1가,*,월세,30.1,1000,45,1984,구덕로222번길,detatched_multiFamily
부산광역시 서구 부민동1가,1*,월세,52.89,2000,10,1976,구덕로214번길,detatched_multiFamily
부산광역시 서구 부민동1가,3*,월세,58.24,2000,40,1989,구덕로200번길,detatched_multiFamily
부산광역시 서구 부민동1가,3*,월세,58.24,2000,40,1989,구덕로200번길,detatched_multiFamily
부산광역시 서구 부민동1가,*,전세,59.28,8500,0,,보수대로,detatched_multiFamily
부산광역시 서구 부민동1가,1*,전세,66.68,7000,0,1973,구덕로214번길,detatched_multiFamily
부산광역시 서구 부민동1가,*,월세,77.52,300,75,1984,구덕로222번길,detatched_multiFamily
부산광역시 서구 부민동1가,1*,월세,92.07,1000,50,1988,보수대로,detatched_multiFamily
부산광역시 서구 부민동1가,1*,전세,157.16,20000,0,2003,구덕로,detatched_multiFamily
부산광역시 서구 부민동2가,1*,전세,46.61,7000,0,1979,구덕로,detatched_multiFamily
부산광역시 서구 부민동2가,1*,전세,63.37,7500,0,2012,구덕로199번길,detatched_multiFamily
부산광역시 서구 부민동2가,1*,월세,65.54,4000,20,1970,구덕로,detatched_multiFamily
부산광역시 서구 부민동3가,2*,월세,14.99,300,35,1984,임시수도기념로,detatched_multiFamily
부산광역시 서구 부민동3가,2*,월세,16,500,36,2015,고운들로35번길,detatched_multiFamily
부산광역시 서구 부민동3가,2*,월세,16,500,36,2015,고운들로35번길,detatched_multiFamily
부산광역시 서구 부민동3가,2*,월세,16.21,300,31,2015,고운들로35번길,detatched_multiFamily
부산광역시 서구 부민동3가,1*,전세,17.56,6000,0,2018,고운들로35번길,detatched_multiFamily
부산광역시 서구 부민동3가,7*,월세,20,500,30,2010,구덕로193번길,detatched_multiFamily
부산광역시 서구 부민동3가,1*,월세,20,2000,37,2018,고운들로35번길,detatched_multiFamily
부산광역시 서구 부민동3가,2*,월세,20,500,35,2015,고운들로35번길,detatched_multiFamily
부산광역시 서구 부민동3가,1*,월세,20,2000,28,,,detatched_multiFamily
부산광역시 서구 부민동3가,2*,월세,20,5000,2,,해돋이로,detatched_multiFamily
부산광역시 서구 부민동3가,*,월세,30,500,33,1966,고운들로,detatched_multiFamily
부산광역시 서구 부민동3가,6*,전세,30.45,6000,0,1967,까치고개로197번길,detatched_multiFamily
부산광역시 서구 부민동3가,1*,월세,33,1000,45,2018,고운들로35번길,detatched_multiFamily
부산광역시 서구 부민동3가,5*,월세,40,1000,35,1987,해돋이로,detatched_multiFamily
부산광역시 서구 부민동3가,*,월세,41,500,25,1994,해돋이로314번길,detatched_multiFamily
부산광역시 서구 부민동3가,6*,전세,46.28,8000,0,,까치고개로197번길,detatched_multiFamily
부산광역시 서구 부민동3가,6*,월세,49.6,500,40,,까치고개로197번길,detatched_multiFamily
부산광역시 서구 부민동3가,*,전세,49.71,3000,0,2005,해돋이로269번길,detatched_multiFamily
부산광역시 서구 부민동3가,2*,월세,50,4000,25,1991,해돋이로314번길,detatched_multiFamily
부산광역시 서구 부민동3가,2*,월세,50,4000,25,1991,해돋이로314번길,detatched_multiFamily
부산광역시 서구 부민동3가,2*,월세,56.16,3000,10,2003,해돋이로,detatched_multiFamily
부산광역시 서구 부민동3가,*,월세,66,5000,10,1985,해돋이로,detatched_multiFamily
부산광역시 서구 부민동3가,2*,월세,66.63,500,49,1989,해돋이로314번길,detatched_multiFamily
부산광역시 서구 부민동3가,5*,월세,82.64,2000,25,1956,해돋이로,detatched_multiFamily
부산광역시 서구 부민동3가,*,월세,102.48,500,20,1964,해돋이로330번길,detatched_multiFamily
부산광역시 서구 부민동3가,2*,월세,122.3,500,27,2015,고운들로35번길,detatched_multiFamily
부산광역시 서구 부민동3가,2*,월세,122.3,500,30,2015,고운들로35번길,detatched_multiFamily
부산광역시 서구 부민동3가,1*,전세,141.06,6500,0,2018,고운들로35번길,detatched_multiFamily
부산광역시 서구 부용동1가,6*,월세,20.1,200,30,,구덕로238번길,detatched_multiFamily
부산광역시 서구 부용동1가,1*,월세,58,2000,50,1978,흑교로109번길,detatched_multiFamily
부산광역시 서구 부용동2가,*,월세,19.3,1000,47,,부용로,detatched_multiFamily
부산광역시 서구 부용동2가,*,월세,27.31,1500,15,1945,구덕로,detatched_multiFamily
부산광역시 서구 부용동2가,3*,전세,30.08,2000,0,1968,부용로,detatched_multiFamily
부산광역시 서구 부용동2가,3*,전세,33.12,7000,0,1968,부용로,detatched_multiFamily
부산광역시 서구 부용동2가,7*,월세,34.78,3000,15,1975,고운들로,detatched_multiFamily
부산광역시 서구 부용동2가,5*,월세,45.36,5000,23,1965,부용로38번길,detatched_multiFamily
부산광역시 서구 부용동2가,4*,월세,51.04,2000,35,,부용로32번길,detatched_multiFamily
부산광역시 서구 부용동2가,5*,전세,53.55,9000,0,,부용로38번길,detatched_multiFamily
부산광역시 서구 부용동2가,5*,전세,53.55,9000,0,1943,부용로38번길,detatched_multiFamily
부산광역시 서구 부용동2가,2*,월세,55.14,500,35,1936,부용로38번길,detatched_multiFamily
부산광역시 서구 부용동2가,4*,전세,56.89,10000,0,1979,구덕로249번길,detatched_multiFamily
부산광역시 서구 부용동2가,3*,전세,65.36,9000,0,,부용로38번길,detatched_multiFamily
부산광역시 서구 부용동2가,9*,월세,85.05,5000,20,1999,고운들로,detatched_multiFamily
부산광역시 서구 서대신동1가,2*,월세,12.52,2000,30,,,detatched_multiFamily
부산광역시 서구 서대신동1가,1**,월세,16,500,26,1991,대영로38번길,detatched_multiFamily
부산광역시 서구 서대신동1가,1**,월세,16,500,24,1991,대영로38번길,detatched_multiFamily
부산광역시 서구 서대신동1가,9*,전세,17.5,4500,0,2010,부용로,detatched_multiFamily
부산광역시 서구 서대신동1가,9*,전세,17.5,4500,0,2010,부용로,detatched_multiFamily
부산광역시 서구 서대신동1가,9*,월세,21.51,4500,6,2010,부용로,detatched_multiFamily
부산광역시 서구 서대신동1가,9*,월세,21.51,4000,10,2010,부용로,detatched_multiFamily
부산광역시 서구 서대신동1가,9*,전세,21.51,4000,0,2010,부용로,detatched_multiFamily
부산광역시 서구 서대신동1가,9*,전세,21.51,4500,0,2010,부용로,detatched_multiFamily
부산광역시 서구 서대신동1가,9*,전세,21.51,4500,0,2010,부용로,detatched_multiFamily
부산광역시 서구 서대신동1가,9*,전세,23,4500,0,2010,부용로,detatched_multiFamily
부산광역시 서구 서대신동1가,1**,월세,26,300,24,1991,대영로38번길,detatched_multiFamily
부산광역시 서구 서대신동1가,1**,월세,33.06,300,27,1991,대영로38번길,detatched_multiFamily
부산광역시 서구 서대신동1가,9*,월세,57.53,3000,25,1990,부용로,detatched_multiFamily
부산광역시 서구 서대신동1가,9*,전세,60.75,5000,0,1990,부용로,detatched_multiFamily
부산광역시 서구 서대신동1가,2*,전세,64.42,9000,0,2015,부용로,detatched_multiFamily
부산광역시 서구 서대신동1가,2*,월세,64.74,1000,45,1995,부용로,detatched_multiFamily
부산광역시 서구 서대신동1가,1**,월세,84.74,200,23,1991,대영로38번길,detatched_multiFamily
부산광역시 서구 서대신동1가,1**,월세,97.38,10000,30,1984,대영로30번길,detatched_multiFamily
부산광역시 서구 서대신동1가,8*,월세,98.42,8000,20,1995,부용로,detatched_multiFamily
부산광역시 서구 서대신동1가,8*,전세,98.42,8000,0,1995,부용로,detatched_multiFamily
부산광역시 서구 서대신동1가,1**,월세,108.56,7000,40,1995,대영로38번길,detatched_multiFamily
부산광역시 서구 서대신동1가,1**,월세,126.78,300,24,1991,대영로38번길,detatched_multiFamily
부산광역시 서구 서대신동1가,9*,월세,130.19,1000,25,2010,부용로,detatched_multiFamily
부산광역시 서구 서대신동2가,2**,월세,13.2,1000,30,1985,구덕로315번길,detatched_multiFamily
부산광역시 서구 서대신동2가,1**,월세,20.72,2000,25,1994,구덕로295번길,detatched_multiFamily
부산광역시 서구 서대신동2가,1**,월세,24.96,200,20,1994,대영로45번길,detatched_multiFamily
부산광역시 서구 서대신동2가,5**,전세,26.52,1500,0,1985,대티로108번길,detatched_multiFamily
부산광역시 서구 서대신동2가,4**,전세,33,3000,0,1995,시약로,detatched_multiFamily
부산광역시 서구 서대신동2가,3**,월세,33.06,3000,20,1952,고운들로,detatched_multiFamily
부산광역시 서구 서대신동2가,5**,전세,36.1,4000,0,1985,해돋이로400번길,detatched_multiFamily
부산광역시 서구 서대신동2가,1**,월세,37,4000,20,1991,대영로45번길,detatched_multiFamily
부산광역시 서구 서대신동2가,1**,전세,37.2,13500,0,1933,대영로27번길,detatched_multiFamily
부산광역시 서구 서대신동2가,3**,월세,38,3500,25,1991,낙동대로9번길,detatched_multiFamily
부산광역시 서구 서대신동2가,1**,전세,38,10000,0,1994,대영로27번길,detatched_multiFamily
부산광역시 서구 서대신동2가,8*,전세,38.84,5000,0,1944,대영로45번길,detatched_multiFamily
부산광역시 서구 서대신동2가,4**,월세,39.6,500,20,1988,대티로,detatched_multiFamily
부산광역시 서구 서대신동2가,1**,월세,43.24,2000,20,1993,구덕로301번길,detatched_multiFamily
부산광역시 서구 서대신동2가,1**,월세,43.24,3000,15,,구덕로301번길,detatched_multiFamily
부산광역시 서구 서대신동2가,1**,월세,45,2000,20,1997,구덕로295번길,detatched_multiFamily
부산광역시 서구 서대신동2가,1**,월세,45.9,2000,30,2001,구덕로295번길,detatched_multiFamily
부산광역시 서구 서대신동2가,1**,월세,46.54,5000,10,,대영로27번길,detatched_multiFamily
부산광역시 서구 서대신동2가,1**,월세,50.72,2000,30,1994,구덕로295번길,detatched_multiFamily
부산광역시 서구 서대신동2가,1**,월세,50.98,2000,40,1961,대영로,detatched_multiFamily
부산광역시 서구 서대신동2가,1**,월세,56.82,4000,10,,구덕로295번길,detatched_multiFamily
부산광역시 서구 서대신동2가,3*,월세,57.98,2000,60,1963,구덕로305번길,detatched_multiFamily
부산광역시 서구 서대신동2가,1**,월세,58.5,6000,20,,구덕로295번길,detatched_multiFamily
부산광역시 서구 서대신동2가,1**,월세,59,6000,20,1997,구덕로295번길,detatched_multiFamily
부산광역시 서구 서대신동2가,1**,월세,66,3000,30,1957,구덕로295번길,detatched_multiFamily
부산광역시 서구 서대신동2가,2*,월세,67,1000,40,1999,대영로45번길,detatched_multiFamily
부산광역시 서구 서대신동2가,4**,월세,70,4500,18,1993,,detatched_multiFamily
부산광역시 서구 서대신동2가,2**,월세,72.36,10000,10,1981,대영로,detatched_multiFamily
부산광역시 서구 서대신동2가,2**,월세,72.36,10000,10,1981,대영로,detatched_multiFamily
부산광역시 서구 서대신동2가,6*,월세,73.29,5000,25,,구덕로305번길,detatched_multiFamily
부산광역시 서구 서대신동2가,1**,전세,78.81,17000,0,1994,대영로27번길,detatched_multiFamily
부산광역시 서구 서대신동2가,2**,월세,84.77,9000,23,,대영로,detatched_multiFamily
부산광역시 서구 서대신동2가,2**,월세,84.77,9000,23,1992,대영로,detatched_multiFamily
부산광역시 서구 서대신동2가,4**,전세,97,3500,0,1977,대티로115번길,detatched_multiFamily
부산광역시 서구 서대신동2가,2**,월세,106.98,1000,100,1981,대영로,detatched_multiFamily
부산광역시 서구 서대신동3가,3*,월세,16,500,10,1989,시약로117번길,detatched_multiFamily
부산광역시 서구 서대신동3가,5**,월세,18.51,1000,28,1950,대신로,detatched_multiFamily
부산광역시 서구 서대신동3가,6*,월세,19.39,4000,40,,대신공원로,detatched_multiFamily
부산광역시 서구 서대신동3가,6*,전세,19.39,11000,0,2019,대신공원로,detatched_multiFamily
부산광역시 서구 서대신동3가,6*,월세,20.5,3500,35,2019,대신공원로,detatched_multiFamily
부산광역시 서구 서대신동3가,6*,전세,20.5,9500,0,2019,대신공원로,detatched_multiFamily
부산광역시 서구 서대신동3가,6*,월세,23.02,13000,15,2019,대신공원로,detatched_multiFamily
부산광역시 서구 서대신동3가,6*,월세,25.74,5000,40,2022,보수대로280번길,detatched_multiFamily
부산광역시 서구 서대신동3가,1**,월세,26,1000,20,,대신로,detatched_multiFamily
부산광역시 서구 서대신동3가,6*,월세,30,500,30,2009,보수대로280번길,detatched_multiFamily
부산광역시 서구 서대신동3가,3*,전세,33.06,3000,0,1999,꽃마을로,detatched_multiFamily
부산광역시 서구 서대신동3가,5**,월세,34.16,1000,35,1969,망양로33번길,detatched_multiFamily
부산광역시 서구 서대신동3가,1**,월세,34.28,5000,20,1977,시약로,detatched_multiFamily
부산광역시 서구 서대신동3가,3*,전세,38.12,5000,0,,시약로117번길,detatched_multiFamily
부산광역시 서구 서대신동3가,6*,전세,39.67,3000,0,1975,보수대로320번길,detatched_multiFamily
부산광역시 서구 서대신동3가,3*,월세,39.92,1000,30,1999,꽃마을로,detatched_multiFamily
부산광역시 서구 서대신동3가,4**,전세,43.05,13000,0,2019,대티로,detatched_multiFamily
부산광역시 서구 서대신동3가,*,전세,43.85,1200,0,2015,엄광산로,detatched_multiFamily
부산광역시 서구 서대신동3가,3*,월세,45,1000,25,1989,시약로117번길,detatched_multiFamily
부산광역시 서구 서대신동3가,5**,월세,46.44,2000,35,1994,대티로179번길,detatched_multiFamily
부산광역시 서구 서대신동3가,2**,월세,48,5000,20,1990,구덕로333번길,detatched_multiFamily
부산광역시 서구 서대신동3가,1**,월세,49.12,7000,10,1995,대신로109번길,detatched_multiFamily
부산광역시 서구 서대신동3가,1**,월세,49.12,7000,10,1995,대신로109번길,detatched_multiFamily
부산광역시 서구 서대신동3가,5**,전세,49.59,15000,0,1985,망양로33번길,detatched_multiFamily
부산광역시 서구 서대신동3가,4**,월세,50,500,25,1987,구덕로327번길,detatched_multiFamily
부산광역시 서구 서대신동3가,4**,월세,50,8000,10,1987,구덕로327번길,detatched_multiFamily
부산광역시 서구 서대신동3가,1**,월세,56.85,2000,75,1978,꽃마을로,detatched_multiFamily
부산광역시 서구 서대신동3가,4**,월세,57.85,8000,10,,구덕로327번길,detatched_multiFamily
부산광역시 서구 서대신동3가,4**,전세,60,13000,0,2019,대티로,detatched_multiFamily
부산광역시 서구 서대신동3가,4**,전세,60,13000,0,2019,대티로,detatched_multiFamily
부산광역시 서구 서대신동3가,3*,월세,67.15,4000,30,1990,시약로,detatched_multiFamily
부산광역시 서구 서대신동3가,4**,전세,71.81,8000,0,,구덕로327번길,detatched_multiFamily
부산광역시 서구 서대신동3가,3*,전세,72.99,5000,0,1979,시약로,detatched_multiFamily
부산광역시 서구 서대신동3가,3*,전세,76.24,5500,0,1990,시약로117번길,detatched_multiFamily
부산광역시 서구 서대신동3가,4**,월세,79.5,3000,10,1990,구덕로321번길,detatched_multiFamily
부산광역시 서구 서대신동3가,5**,월세,83,7000,10,1985,대신로,detatched_multiFamily
부산광역시 서구 서대신동3가,*,월세,88.2,6000,10,2008,엄광산로40번길,detatched_multiFamily
부산광역시 서구 서대신동3가,4**,월세,88.56,1000,50,2000,망양로,detatched_multiFamily
부산광역시 서구 서대신동3가,6**,월세,106.08,2000,30,1995,시약로,detatched_multiFamily
부산광역시 서구 서대신동3가,7**,월세,123.72,3500,20,1997,대티로,detatched_multiFamily
부산광역시 서구 서대신동3가,6*,월세,134.15,3000,45,2014,보수대로280번길,detatched_multiFamily
부산광역시 서구 서대신동3가,4**,전세,141.66,23000,0,1987,구덕로327번길,detatched_multiFamily
부산광역시 서구 서대신동3가,3**,월세,151.26,14000,20,1996,구덕로327번길,detatched_multiFamily
부산광역시 서구 서대신동3가,2**,월세,156.24,300,29,1986,대영로45번길,detatched_multiFamily
부산광역시 서구 서대신동3가,1**,월세,182,500,23,1986,꽃마을로,detatched_multiFamily
부산광역시 서구 아미동1가,3*,월세,49.79,3000,20,1945,구덕로157번길,detatched_multiFamily
부산광역시 서구 아미동1가,2*,월세,69.96,2000,50,2004,구덕로165번길,detatched_multiFamily
부산광역시 서구 아미동2가,3*,월세,12.12,100,10,1974,해돋이로273번길,detatched_multiFamily
부산광역시 서구 아미동2가,1*,월세,13.2,100,25,1992,구덕로185번길,detatched_multiFamily
부산광역시 서구 아미동2가,2**,월세,16.53,100,20,1987,해돋이로,detatched_multiFamily
부산광역시 서구 아미동2가,2**,월세,16.53,100,20,1987,해돋이로,detatched_multiFamily
부산광역시 서구 아미동2가,7*,월세,18,3000,15,,아미초장로104번길,detatched_multiFamily
부산광역시 서구 아미동2가,1**,월세,19.8,1000,20,,해돋이로256번길,detatched_multiFamily
부산광역시 서구 아미동2가,9*,월세,20.2,1000,20,1974,아미로,detatched_multiFamily
부산광역시 서구 아미동2가,1**,월세,21.1,500,16,1985,까치고개로,detatched_multiFamily
부산광역시 서구 아미동2가,3*,전세,23.14,1000,0,1967,해돋이로277번길,detatched_multiFamily
부산광역시 서구 아미동2가,3*,월세,24,500,30,,해돋이로,detatched_multiFamily
부산광역시 서구 아미동2가,*,월세,24.1,500,40,,구덕로193번길,detatched_multiFamily
부산광역시 서구 아미동2가,4*,월세,26.05,500,35,,까치고개로197번길,detatched_multiFamily
부산광역시 서구 아미동2가,3*,월세,29.75,1000,15,1984,구덕로185번길,detatched_multiFamily
부산광역시 서구 아미동2가,2**,전세,29.9,3000,0,1985,까치고개로,detatched_multiFamily
부산광역시 서구 아미동2가,7*,월세,30,4000,18,1974,아미초장로,detatched_multiFamily
부산광역시 서구 아미동2가,1**,월세,30,4000,15,,까치고개로160번길,detatched_multiFamily
부산광역시 서구 아미동2가,1**,월세,36,1000,15,,아미로,detatched_multiFamily
부산광역시 서구 아미동2가,2*,월세,36.45,500,50,2016,구덕로185번길,detatched_multiFamily
부산광역시 서구 아미동2가,3*,전세,38.4,2000,0,1985,해돋이로,detatched_multiFamily
부산광역시 서구 아미동2가,3*,전세,38.4,2000,0,1985,해돋이로,detatched_multiFamily
부산광역시 서구 아미동2가,7*,월세,39,200,35,,까치고개로208번길,detatched_multiFamily
부산광역시 서구 아미동2가,8*,전세,39.6,2500,0,,아미초장로,detatched_multiFamily
부산광역시 서구 아미동2가,3*,전세,39.67,1000,0,1963,해돋이로273번길,detatched_multiFamily
부산광역시 서구 아미동2가,3*,월세,40,300,20,,해돋이로287번길,detatched_multiFamily
부산광역시 서구 아미동2가,1**,월세,42,2000,20,1985,,detatched_multiFamily
부산광역시 서구 아미동2가,1**,월세,43,500,20,1985,,detatched_multiFamily
부산광역시 서구 아미동2가,8*,월세,44.63,100,15,,해돋이로239번길,detatched_multiFamily
부산광역시 서구 아미동2가,7*,전세,45.61,2000,0,1997,까치고개로208번길,detatched_multiFamily
부산광역시 서구 아미동2가,2**,전세,46.28,1000,0,,까치고개로151번길,detatched_multiFamily
부산광역시 서구 아미동2가,2**,월세,49.5,300,15,,까치고개로128번가길,detatched_multiFamily
부산광역시 서구 아미동2가,2**,월세,49.5,500,10,,까치고개로128번가길,detatched_multiFamily
부산광역시 서구 아미동2가,8*,월세,50,500,10,1985,아미로,detatched_multiFamily
부산광역시 서구 아미동2가,2*,전세,50,10000,0,1999,구덕로193번길,detatched_multiFamily
부산광역시 서구 아미동2가,2**,전세,50,2500,0,,까치고개로,detatched_multiFamily
부산광역시 서구 아미동2가,9*,월세,51.39,2000,30,1996,해돋이로244번길,detatched_multiFamily
부산광역시 서구 아미동2가,7*,월세,51.96,200,24,1997,까치고개로208번길,detatched_multiFamily
부산광역시 서구 아미동2가,9*,전세,52,1000,0,1985,해돋이로,detatched_multiFamily
부산광역시 서구 아미동2가,1**,월세,55,2000,10,,해돋이로260번길,detatched_multiFamily
부산광역시 서구 아미동2가,9*,월세,55.23,3500,10,,까치고개로154번길,detatched_multiFamily
부산광역시 서구 아미동2가,9*,전세,56,1000,0,1985,해돋이로,detatched_multiFamily
부산광역시 서구 아미동2가,1**,월세,58,100,14,,까치고개로160번길,detatched_multiFamily
부산광역시 서구 아미동2가,2**,월세,58,1800,15,,까치고개로152번길,detatched_multiFamily
부산광역시 서구 아미동2가,3*,전세,58.08,3000,0,1998,해돋이로277번길,detatched_multiFamily
부산광역시 서구 아미동2가,3*,전세,67.6,2000,0,1975,해돋이로283번길,detatched_multiFamily
부산광역시 서구 아미동2가,3*,전세,71.15,4000,0,2003,해돋이로239번길,detatched_multiFamily
부산광역시 서구 아미동2가,2**,전세,73.06,3000,0,1972,까치고개로,detatched_multiFamily
부산광역시 서구 아미동2가,3*,월세,77.22,500,20,1993,해돋이로283번길,detatched_multiFamily
부산광역시 서구 아미동2가,1**,월세,79.67,5000,29,1970,까치고개로160번길,detatched_multiFamily
부산광역시 서구 아미동2가,3*,전세,84.91,1000,0,1998,해돋이로283번길,detatched_multiFamily
부산광역시 서구 아미동2가,3*,월세,92.76,5000,20,2001,해돋이로277번길,detatched_multiFamily
부산광역시 서구 아미동2가,4*,월세,105.79,4000,20,,까치고개로,detatched_multiFamily
부산광역시 서구 암남동,6*,월세,12,1000,25,1974,감천로255번길,detatched_multiFamily
부산광역시 서구 암남동,6*,월세,12,500,25,1974,감천로255번길,detatched_multiFamily
부산광역시 서구 암남동,2*,월세,17,3000,28,2006,암남로58번길,detatched_multiFamily
부산광역시 서구 암남동,1**,월세,18.5,300,20,1968,송도해변로173번길,detatched_multiFamily
부산광역시 서구 암남동,2*,월세,20,1000,29,2019,암남로58번길,detatched_multiFamily
부산광역시 서구 암남동,2*,월세,20.89,2500,35,,암남로58번길,detatched_multiFamily
부산광역시 서구 암남동,2*,월세,24,400,35,2010,암남로56번나길,detatched_multiFamily
부산광역시 서구 암남동,3**,월세,26.44,150,15,,암남로14번다길,detatched_multiFamily
부산광역시 서구 암남동,3**,전세,28,2000,0,,암남로14번길,detatched_multiFamily
부산광역시 서구 암남동,2*,전세,28,6500,0,1996,,detatched_multiFamily
부산광역시 서구 암남동,1*,월세,29,4000,55,2017,성산길,detatched_multiFamily
부산광역시 서구 암남동,2**,월세,29.7,100,20,1985,충무대로,detatched_multiFamily
부산광역시 서구 암남동,2*,월세,30,1500,35,1996,암남로58번길,detatched_multiFamily
부산광역시 서구 암남동,2*,월세,30,500,40,2010,암남로56번나길,detatched_multiFamily
부산광역시 서구 암남동,2*,월세,30,500,40,2010,암남로56번나길,detatched_multiFamily
부산광역시 서구 암남동,*,월세,31.32,1000,20,1990,천해로13번나길,detatched_multiFamily
부산광역시 서구 암남동,1**,전세,31.35,1500,0,1966,송도해변로173번길,detatched_multiFamily
부산광역시 서구 암남동,2*,월세,36.56,2000,40,1993,암남로56번나길,detatched_multiFamily
부산광역시 서구 암남동,1*,월세,40.4,4000,53,2017,성산길,detatched_multiFamily
부산광역시 서구 암남동,1*,월세,40.4,5000,50,2017,성산길,detatched_multiFamily
부산광역시 서구 암남동,5**,전세,41.56,3000,0,1970,암남공원로,detatched_multiFamily
부산광역시 서구 암남동,3**,월세,42.97,3000,29,,,detatched_multiFamily
부산광역시 서구 암남동,6**,전세,46.28,3500,0,,장군산로87번길,detatched_multiFamily
부산광역시 서구 암남동,6**,월세,50,100,28,1986,암남공원로,detatched_multiFamily
부산광역시 서구 암남동,5**,월세,51.47,50,20,1974,장군산로,detatched_multiFamily
부산광역시 서구 암남동,2**,월세,56.66,3300,5,1993,감천로,detatched_multiFamily
부산광역시 서구 암남동,5**,월세,58.38,4600,20,1977,암남공원로,detatched_multiFamily
부산광역시 서구 암남동,5**,월세,59.5,100,25,,암남공원로,detatched_multiFamily
부산광역시 서구 암남동,8*,월세,59.5,1250,7,,천마로27번길,detatched_multiFamily
부산광역시 서구 암남동,6*,월세,60.21,500,37,1988,감천로255번길,detatched_multiFamily
부산광역시 서구 암남동,4**,월세,67.95,6000,20,1988,,detatched_multiFamily
부산광역시 서구 암남동,8*,월세,71.19,3000,5,1991,천마로27번길,detatched_multiFamily
부산광역시 서구 암남동,6*,월세,72.72,500,40,1988,감천로255번길,detatched_multiFamily
부산광역시 서구 암남동,4**,월세,73.85,3000,20,,암남로58번길,detatched_multiFamily
부산광역시 서구 암남동,4**,월세,73.85,3000,20,,암남로58번길,detatched_multiFamily
부산광역시 서구 암남동,4**,월세,74.4,300,15,1985,암남로,detatched_multiFamily
부산광역시 서구 암남동,5**,월세,77.06,10000,5,2017,암남공원로,detatched_multiFamily
부산광역시 서구 암남동,*,월세,79.22,1500,20,1997,천해로13번나길,detatched_multiFamily
부산광역시 서구 암남동,2*,월세,89.24,1000,29,2019,암남로58번길,detatched_multiFamily
부산광역시 서구 암남동,6**,월세,89.25,1000,90,,송도해변로,detatched_multiFamily
부산광역시 서구 암남동,2**,월세,89.76,1000,40,1993,충무대로,detatched_multiFamily
부산광역시 서구 암남동,5**,전세,92.47,8000,0,1988,장군산로46번길,detatched_multiFamily
부산광역시 서구 암남동,2*,월세,94,3500,5,1974,암남로56번길,detatched_multiFamily
부산광역시 서구 암남동,4*,월세,99,200,25,1999,암남로14번나길,detatched_multiFamily
부산광역시 서구 암남동,3**,월세,99.17,500,20,1985,암남로14번길,detatched_multiFamily
부산광역시 서구 암남동,8*,월세,102.5,100,20,1977,천마로,detatched_multiFamily
부산광역시 서구 암남동,2*,전세,138,5500,0,1993,암남로56번나길,detatched_multiFamily
부산광역시 서구 초장동,3*,월세,15,2000,25,1997,아미초장로,detatched_multiFamily
부산광역시 서구 초장동,1**,월세,19.83,0,11,,해돋이로173번길,detatched_multiFamily
부산광역시 서구 초장동,7*,전세,21.8,2000,0,1985,해돋이로198번길,detatched_multiFamily
부산광역시 서구 초장동,7*,전세,21.8,2000,0,1985,해돋이로198번길,detatched_multiFamily
부산광역시 서구 초장동,7*,월세,23.14,500,25,,해돋이로206번길,detatched_multiFamily
부산광역시 서구 초장동,6*,월세,26.28,500,20,1995,아미초장로,detatched_multiFamily
부산광역시 서구 초장동,1**,월세,26.45,300,15,,해돋이로173번길,detatched_multiFamily
부산광역시 서구 초장동,1**,월세,26.45,500,15,1979,해돋이로,detatched_multiFamily
부산광역시 서구 초장동,7*,전세,26.81,2500,0,,천마로201번길,detatched_multiFamily
부산광역시 서구 초장동,1**,월세,30,1500,25,1991,초장로8번길,detatched_multiFamily
부산광역시 서구 초장동,7*,전세,31.6,2300,0,,해돋이로198번길,detatched_multiFamily
부산광역시 서구 초장동,8*,월세,32.4,9000,5,,초장로,detatched_multiFamily
부산광역시 서구 초장동,8*,월세,32.4,9000,5,,초장로,detatched_multiFamily
부산광역시 서구 초장동,6*,월세,32.76,2000,20,1999,아미초장로,detatched_multiFamily
부산광역시 서구 초장동,1**,월세,33,500,20,,해돋이로,detatched_multiFamily
부산광역시 서구 초장동,7*,월세,33.06,5000,15,1991,해돋이로,detatched_multiFamily
부산광역시 서구 초장동,*,월세,39.6,2000,15,,구덕로163번길,detatched_multiFamily
부산광역시 서구 초장동,1**,월세,39.67,1000,18,2015,초장로,detatched_multiFamily
부산광역시 서구 초장동,6*,전세,42,5500,0,,아미초장로,detatched_multiFamily
부산광역시 서구 초장동,6*,전세,43,5000,0,1996,아미초장로,detatched_multiFamily
부산광역시 서구 초장동,1**,월세,43.8,1000,15,,해돋이로183번길,detatched_multiFamily
부산광역시 서구 초장동,4*,월세,44,2000,10,2000,해돋이로220번길,detatched_multiFamily
부산광역시 서구 초장동,7*,월세,44.76,1100,20,,해돋이로206번가길,detatched_multiFamily
부산광역시 서구 초장동,6*,전세,47,5000,0,1996,아미초장로,detatched_multiFamily
부산광역시 서구 초장동,7*,전세,47.61,4000,0,,천마로231번길,detatched_multiFamily
부산광역시 서구 초장동,1**,전세,49.5,3000,0,,초장로8번길,detatched_multiFamily
부산광역시 서구 초장동,3*,월세,49.59,2000,24,,까치고개로208번길,detatched_multiFamily
부산광역시 서구 초장동,1*,월세,51.2,2000,29,,까치고개로208번길,detatched_multiFamily
부산광역시 서구 초장동,8*,전세,55.92,3000,0,2000,,detatched_multiFamily
부산광역시 서구 초장동,1*,월세,56.51,400,37,,구덕로157번길,detatched_multiFamily
부산광역시 서구 초장동,7*,월세,59.83,500,20,,해돋이로206번가길,detatched_multiFamily
부산광역시 서구 초장동,2*,월세,60,8000,10,2015,구덕로163번길,detatched_multiFamily
부산광역시 서구 초장동,8*,월세,61.4,1000,29,1985,초장로,detatched_multiFamily
부산광역시 서구 초장동,7*,전세,63.09,2000,0,1985,아미초장로,detatched_multiFamily
부산광역시 서구 초장동,7*,전세,64.11,8000,0,1996,초장로,detatched_multiFamily
부산광역시 서구 초장동,1**,전세,66.19,3000,0,1985,해돋이로152번길,detatched_multiFamily
부산광역시 서구 초장동,5*,월세,68.82,5000,30,1996,구덕로143번길,detatched_multiFamily
부산광역시 서구 초장동,5*,전세,68.82,7000,0,1996,구덕로143번길,detatched_multiFamily
부산광역시 서구 초장동,7*,전세,69.37,7000,0,1985,아미초장로,detatched_multiFamily
부산광역시 서구 초장동,1**,월세,69.41,2000,17,1990,초장로,detatched_multiFamily
부산광역시 서구 초장동,4*,전세,80.29,2000,0,2014,아미초장로,detatched_multiFamily
부산광역시 서구 초장동,5*,월세,82,500,27,,구덕로143번길,detatched_multiFamily
부산광역시 서구 초장동,3*,전세,83.6,7000,0,,구덕로151번길,detatched_multiFamily
부산광역시 서구 초장동,3*,월세,85.95,2500,15,,구덕로151번길,detatched_multiFamily
부산광역시 서구 초장동,3*,전세,85.95,6500,0,,구덕로151번길,detatched_multiFamily
부산광역시 서구 초장동,4*,월세,90,500,20,1959,아미초장로,detatched_multiFamily
부산광역시 서구 초장동,1**,월세,90.5,1000,20,,초장로8번길,detatched_multiFamily
부산광역시 서구 초장동,1**,전세,90.5,1000,0,,초장로8번길,detatched_multiFamily
부산광역시 서구 초장동,4*,월세,91,1000,15,1959,아미초장로,detatched_multiFamily
부산광역시 서구 초장동,2*,전세,92.56,18000,0,2015,구덕로163번길,detatched_multiFamily
부산광역시 서구 초장동,7*,월세,95.86,2200,46,1970,해돋이로206번길,detatched_multiFamily
부산광역시 서구 초장동,1**,월세,101.62,1000,15,1977,초장로8번길,detatched_multiFamily
부산광역시 서구 초장동,3*,월세,108.8,500,10,1989,아미초장로,detatched_multiFamily
부산광역시 서구 충무동1가,*,월세,12.9,300,18,,자갈치로,detatched_multiFamily
부산광역시 서구 충무동1가,3*,월세,75.63,2000,40,1988,충무시장길,detatched_multiFamily
부산광역시 서구 충무동1가,3*,월세,75.63,2000,40,1988,충무시장길,detatched_multiFamily
부산광역시 서구 충무동2가,*,월세,42.98,2500,10,1985,구덕로119번길,detatched_multiFamily
부산광역시 서구 충무동3가,*,월세,153.48,1000,50,,충무시장길,detatched_multiFamily
부산광역시 서구 토성동1가,1*,월세,24,1000,20,1982,까치고개로,detatched_multiFamily
부산광역시 서구 토성동1가,*,월세,36,1000,29,1981,까치고개로245번길,detatched_multiFamily
부산광역시 서구 토성동1가,1*,월세,39.67,1500,30,1963,까치고개로245번길,detatched_multiFamily
부산광역시 서구 토성동1가,3*,월세,40.6,1000,20,1985,구덕로134번길,detatched_multiFamily
부산광역시 서구 토성동1가,3*,월세,48.99,3000,25,2002,구덕로134번길,detatched_multiFamily
부산광역시 서구 토성동2가,1*,월세,31.2,1000,50,1985,까치고개로233번길,detatched_multiFamily
부산광역시 서구 토성동2가,1*,월세,31.8,4000,15,1994,까치고개로229번길,detatched_multiFamily
부산광역시 서구 토성동2가,*,월세,31.93,500,10,1945,까치고개로233번길,detatched_multiFamily
부산광역시 서구 토성동2가,1*,월세,35.97,1000,45,1945,까치고개로233번길,detatched_multiFamily
부산광역시 서구 토성동2가,1*,월세,49.58,1000,20,1945,까치고개로233번길,detatched_multiFamily
부산광역시 서구 토성동2가,1*,월세,50,2000,20,1994,까치고개로229번길,detatched_multiFamily
부산광역시 서구 토성동2가,*,월세,55,2000,35,1991,구덕로194번길,detatched_multiFamily
부산광역시 서구 토성동2가,*,월세,59.94,1000,45,1989,구덕로186번길,detatched_multiFamily
부산광역시 서구 토성동2가,1*,월세,61.82,2000,49,1980,까치고개로229번길,detatched_multiFamily
부산광역시 서구 토성동3가,3*,전세,40,7000,0,1992,구덕로,detatched_multiFamily
부산광역시 서구 토성동3가,3*,전세,45.4,7000,0,1992,구덕로,detatched_multiFamily
부산광역시 서구 토성동3가,*,월세,46.11,500,55,1994,대청로6번길,detatched_multiFamily
부산광역시 서구 토성동3가,*,월세,46.11,1000,50,1994,대청로6번길,detatched_multiFamily
부산광역시 서구 토성동3가,2*,전세,49.69,9000,0,1968,구덕로150번길,detatched_multiFamily
부산광역시 서구 토성동3가,3*,월세,50.75,2500,25,,구덕로,detatched_multiFamily
부산광역시 서구 토성동3가,*,월세,96.3,7000,30,2000,대청로6번길,detatched_multiFamily
부산광역시 서구 토성동4가,1*,전세,23.28,6000,0,,구덕로148번길,detatched_multiFamily
부산광역시 서구 토성동4가,1*,월세,65.17,5000,35,1995,구덕로124번길,detatched_multiFamily
부산광역시 서구 토성동5가,3*,월세,15.21,500,33,2010,구덕로142번길,detatched_multiFamily
부산광역시 서구 토성동5가,*,전세,19.2,6000,0,1956,구덕로148번길,detatched_multiFamily
부산광역시 서구 토성동5가,1*,월세,24.95,500,23,1945,구덕로142번길,detatched_multiFamily
부산광역시 서구 토성동5가,2*,월세,44.49,6000,40,1988,아미초장로,detatched_multiFamily
부산광역시 서구 토성동5가,3*,월세,50,3000,40,2017,구덕로142번길,detatched_multiFamily
부산광역시 서구 토성동5가,1*,월세,50.22,1000,30,1976,구덕로134번길,detatched_multiFamily
부산광역시 서구 토성동5가,5*,전세,81.59,9500,0,1997,초장로,detatched_multiFamily
부산광역시 수영구 광안동,9*,월세,10,100,30,2009,수영로660번길,detatched_multiFamily
부산광역시 수영구 광안동,1***,월세,10,500,40,1994,광서로42번길,detatched_multiFamily
부산광역시 수영구 광안동,1**,월세,10,3000,25,1991,무학로52번길,detatched_multiFamily
부산광역시 수영구 광안동,1**,월세,10,200,10,1977,수영로618번길,detatched_multiFamily
부산광역시 수영구 광안동,1***,월세,12.07,500,27,,망미번영로16번길,detatched_multiFamily
부산광역시 수영구 광안동,1**,월세,13.4,100,17,2009,수영로594번길,detatched_multiFamily
부산광역시 수영구 광안동,9*,월세,14,500,35,1992,수영로652번길,detatched_multiFamily
부산광역시 수영구 광안동,1**,전세,14.45,5000,0,,수영로636번길,detatched_multiFamily
부산광역시 수영구 광안동,1***,월세,14.92,300,28,2012,망미번영로24번길,detatched_multiFamily
부산광역시 수영구 광안동,1**,전세,14.92,8500,0,,광남로83번길,detatched_multiFamily
부산광역시 수영구 광안동,1**,월세,15,300,28,2011,수영로528번길,detatched_multiFamily
부산광역시 수영구 광안동,3**,월세,15,150,35,2010,수영로522번길,detatched_multiFamily
부산광역시 수영구 광안동,1**,월세,15,300,22,2009,수영로594번길,detatched_multiFamily
부산광역시 수영구 광안동,1**,월세,15.18,500,24,2011,광안로21번가길,detatched_multiFamily
부산광역시 수영구 광안동,6**,월세,15.45,2000,35,2019,광서로9번길,detatched_multiFamily
부산광역시 수영구 광안동,1**,월세,15.59,2000,30,2015,수영로642번길,detatched_multiFamily
부산광역시 수영구 광안동,1**,월세,15.59,400,37,,수영로642번길,detatched_multiFamily
부산광역시 수영구 광안동,1**,월세,15.72,200,30,2010,수영로610번길,detatched_multiFamily
부산광역시 수영구 광안동,9*,월세,16,2000,9,2017,수영로666번길,detatched_multiFamily
부산광역시 수영구 광안동,1**,월세,16,700,22,2009,수영로582번길,detatched_multiFamily
부산광역시 수영구 광안동,1***,전세,16,3500,0,1976,연수로370번길,detatched_multiFamily
부산광역시 수영구 광안동,1**,월세,16.1,300,35,2021,수영로652번길,detatched_multiFamily
부산광역시 수영구 광안동,1**,전세,16.31,6000,0,,수영로606번길,detatched_multiFamily
부산광역시 수영구 광안동,1**,전세,16.45,5000,0,2012,수영로610번길,detatched_multiFamily
부산광역시 수영구 광안동,1**,전세,16.45,5000,0,2012,수영로610번길,detatched_multiFamily
부산광역시 수영구 광안동,6**,월세,16.63,500,18,2009,광서로9번길,detatched_multiFamily
부산광역시 수영구 광안동,9*,전세,16.93,5500,0,,수영로666번길,detatched_multiFamily
부산광역시 수영구 광안동,1**,월세,17.06,300,30,2012,광남로83번길,detatched_multiFamily
부산광역시 수영구 광안동,1**,전세,17.13,8000,0,,광안로21번길,detatched_multiFamily
부산광역시 수영구 광안동,1***,월세,17.61,200,42,2018,망미번영로16번길,detatched_multiFamily
부산광역시 수영구 광안동,9*,전세,17.82,6000,0,,수영로666번길,detatched_multiFamily
부산광역시 수영구 광안동,3**,월세,18,100,36,2010,수영로522번길,detatched_multiFamily
부산광역시 수영구 광안동,1***,월세,18.34,100,27,2009,연수로376번길,detatched_multiFamily
부산광역시 수영구 광안동,1**,월세,18.5,300,35,2009,,detatched_multiFamily
부산광역시 수영구 광안동,7**,전세,18.6,6000,0,2018,광일로14번길,detatched_multiFamily
부산광역시 수영구 광안동,1***,월세,18.94,200,20,2010,광서로16번길,detatched_multiFamily
부산광역시 수영구 광안동,1***,월세,18.95,300,30,2010,연수로396번길,detatched_multiFamily
부산광역시 수영구 광안동,9*,월세,19,200,33,2010,수영로666번길,detatched_multiFamily
부산광역시 수영구 광안동,9*,월세,19,300,30,2010,수영로666번길,detatched_multiFamily
부산광역시 수영구 광안동,9*,월세,19,300,33,2010,수영로666번길,detatched_multiFamily
부산광역시 수영구 광안동,9*,월세,19,500,30,2010,수영로666번길,detatched_multiFamily
부산광역시 수영구 광안동,1**,월세,19.11,500,30,2021,수영로652번길,detatched_multiFamily
부산광역시 수영구 광안동,1**,전세,19.11,5000,0,2011,광안로45번길,detatched_multiFamily
부산광역시 수영구 광안동,1**,전세,19.32,5000,0,2017,수영로618번길,detatched_multiFamily
부산광역시 수영구 광안동,1**,전세,19.32,5000,0,2017,수영로618번길,detatched_multiFamily
부산광역시 수영구 광안동,1**,월세,19.33,500,27,2017,수영로618번길,detatched_multiFamily
부산광역시 수영구 광안동,1**,월세,19.36,3000,38,2019,수영로624번길,detatched_multiFamily
부산광역시 수영구 광안동,1***,전세,19.49,5000,0,2019,광서로36번길,detatched_multiFamily
부산광역시 수영구 광안동,1***,전세,19.49,5000,0,2019,광서로36번길,detatched_multiFamily
부산광역시 수영구 광안동,1**,월세,19.67,500,30,2010,광남로83번길,detatched_multiFamily
부산광역시 수영구 광안동,5**,월세,19.72,1000,31,2010,광일로29번나길,detatched_multiFamily
부산광역시 수영구 광안동,1**,전세,19.72,13500,0,,수영로582번길,detatched_multiFamily
부산광역시 수영구 광안동,1**,월세,19.8,300,20,1973,수영로588번길,detatched_multiFamily
부산광역시 수영구 광안동,9*,월세,19.83,2000,15,1972,무학로21번길,detatched_multiFamily
부산광역시 수영구 광안동,9*,전세,19.83,5000,0,1972,무학로21번길,detatched_multiFamily
부산광역시 수영구 광안동,1**,전세,19.83,2500,0,2010,광안로7번길,detatched_multiFamily
부산광역시 수영구 광안동,7**,전세,19.85,6000,0,2018,광일로14번길,detatched_multiFamily
부산광역시 수영구 광안동,1***,월세,20,500,39,2018,망미번영로16번길,detatched_multiFamily
부산광역시 수영구 광안동,1***,월세,20,1000,35,2018,망미번영로16번길,detatched_multiFamily
부산광역시 수영구 광안동,3**,월세,20,0,23,2010,수영로545번가길,detatched_multiFamily
부산광역시 수영구 광안동,3**,월세,20,300,36,2010,수영로522번길,detatched_multiFamily
부산광역시 수영구 광안동,1**,월세,20,1000,29,2012,남천바다로21번길,detatched_multiFamily
부산광역시 수영구 광안동,1***,월세,20,800,37,,망미번영로24번길,detatched_multiFamily
부산광역시 수영구 광안동,1**,월세,20,5000,10,2016,광남로83번길,detatched_multiFamily
부산광역시 수영구 광안동,1**,월세,20,200,40,2010,광안로49번길,detatched_multiFamily
부산광역시 수영구 광안동,9*,전세,20,6000,0,2017,수영로666번길,detatched_multiFamily
부산광역시 수영구 광안동,4**,전세,20,6800,0,2015,광일로14번길,detatched_multiFamily
부산광역시 수영구 광안동,1**,전세,20,10000,0,2017,무학로22번길,detatched_multiFamily
부산광역시 수영구 광안동,5**,전세,20,8500,0,1989,광일로46번길,detatched_multiFamily
부산광역시 수영구 광안동,9*,월세,20.02,300,39,2012,수영로666번길,detatched_multiFamily
부산광역시 수영구 광안동,9*,월세,20.02,200,40,2012,수영로666번길,detatched_multiFamily
부산광역시 수영구 광안동,9*,월세,20.02,300,39,2012,수영로666번길,detatched_multiFamily
부산광역시 수영구 광안동,9*,전세,20.02,3500,0,2012,수영로666번길,detatched_multiFamily
부산광역시 수영구 광안동,9*,전세,20.07,4000,0,2008,수영로666번길,detatched_multiFamily
부산광역시 수영구 광안동,7**,월세,20.34,8000,15,2019,광서로30번길,detatched_multiFamily
부산광역시 수영구 광안동,7**,월세,20.34,500,50,2019,광서로30번길,detatched_multiFamily
부산광역시 수영구 광안동,1**,월세,20.8,2000,28,2017,광안로16번길,detatched_multiFamily
부산광역시 수영구 광안동,7**,월세,20.89,300,35,2009,수영로587번길,detatched_multiFamily
부산광역시 수영구 광안동,7**,월세,20.89,300,35,2009,수영로587번길,detatched_multiFamily
부산광역시 수영구 광안동,7**,월세,20.9,300,35,2009,수영로587번길,detatched_multiFamily
부산광역시 수영구 광안동,1**,월세,21,500,40,2010,수영로600번길,detatched_multiFamily
부산광역시 수영구 광안동,1**,월세,21,300,30,2009,수영로554번길,detatched_multiFamily
부산광역시 수영구 광안동,1***,월세,21.11,200,45,2018,망미번영로16번길,detatched_multiFamily
부산광역시 수영구 광안동,5**,전세,21.15,4500,0,2011,,detatched_multiFamily
부산광역시 수영구 광안동,6**,월세,21.18,5000,22,2017,광서로11번길,detatched_multiFamily
부산광역시 수영구 광안동,6**,월세,21.18,1000,31,2017,광서로11번길,detatched_multiFamily
부산광역시 수영구 광안동,6**,월세,21.18,1500,28,2017,광서로11번길,detatched_multiFamily
부산광역시 수영구 광안동,3**,월세,21.8,300,31,2010,수영로545번가길,detatched_multiFamily
부산광역시 수영구 광안동,1***,월세,21.84,300,45,2002,연수로382번길,detatched_multiFamily
부산광역시 수영구 광안동,6**,월세,21.84,400,20,2009,광서로9번길,detatched_multiFamily
부산광역시 수영구 광안동,1***,월세,21.96,500,29,2010,광서로10번길,detatched_multiFamily
부산광역시 수영구 광안동,2**,월세,22,500,33,2010,남천바다로9번길,detatched_multiFamily
부산광역시 수영구 광안동,1**,월세,22,200,32,2010,수영로600번길,detatched_multiFamily
부산광역시 수영구 광안동,1**,전세,22,4500,0,2010,수영로600번길,detatched_multiFamily
부산광역시 수영구 광안동,2**,월세,22.04,1000,31,2010,남천바다로9번길,detatched_multiFamily
부산광역시 수영구 광안동,2**,월세,22.04,1000,31,2010,남천바다로9번길,detatched_multiFamily
부산광역시 수영구 광안동,1**,월세,22.5,100,33,2009,수영로618번길,detatched_multiFamily
부산광역시 수영구 광안동,1**,월세,22.58,100,29,2010,수영로546번길,detatched_multiFamily
부산광역시 수영구 광안동,1**,월세,22.92,5000,45,2019,수영로624번길,detatched_multiFamily
부산광역시 수영구 광안동,1**,월세,22.95,6000,20,2018,수영로642번길,detatched_multiFamily
부산광역시 수영구 광안동,1***,월세,22.98,500,31,2011,망미번영로24번길,detatched_multiFamily
부산광역시 수영구 광안동,1**,월세,23,200,16,1976,남천바다로,detatched_multiFamily
부산광역시 수영구 광안동,1***,월세,23,200,23,2010,광서로16번길,detatched_multiFamily
부산광역시 수영구 광안동,1**,월세,23,300,28,2011,수영로528번길,detatched_multiFamily
부산광역시 수영구 광안동,5**,전세,23.1,7000,0,2017,광일로29번가길,detatched_multiFamily
부산광역시 수영구 광안동,1**,월세,23.14,200,30,2010,광안로7번길,detatched_multiFamily
부산광역시 수영구 광안동,1**,전세,23.14,4500,0,2010,수영로600번길,detatched_multiFamily
부산광역시 수영구 광안동,3**,전세,23.27,6000,0,2018,남천바다로9번길,detatched_multiFamily
부산광역시 수영구 광안동,3**,전세,23.27,4000,0,2018,남천바다로9번길,detatched_multiFamily
부산광역시 수영구 광안동,3**,전세,23.27,6000,0,2018,남천바다로9번길,detatched_multiFamily
부산광역시 수영구 광안동,3**,전세,23.27,4000,0,2018,남천바다로9번길,detatched_multiFamily
부산광역시 수영구 광안동,1**,월세,23.42,500,40,2018,무학로49번길,detatched_multiFamily
부산광역시 수영구 광안동,9*,전세,23.42,6000,0,,,detatched_multiFamily
부산광역시 수영구 광안동,1**,월세,23.44,7000,15,2017,무학로46번길,detatched_multiFamily
부산광역시 수영구 광안동,1**,월세,23.44,7000,15,2017,,detatched_multiFamily
부산광역시 수영구 광안동,1**,월세,23.78,500,25,2011,광안로21번가길,detatched_multiFamily
부산광역시 수영구 광안동,1***,월세,24,200,25,2012,연수로392번길,detatched_multiFamily
부산광역시 수영구 광안동,1**,전세,24,5000,0,2016,광남로83번길,detatched_multiFamily
부산광역시 수영구 광안동,1**,전세,24.15,11000,0,,,detatched_multiFamily
부산광역시 수영구 광안동,1**,월세,24.59,200,30,2010,광남로83번길,detatched_multiFamily
부산광역시 수영구 광안동,9*,전세,24.83,5500,0,2009,수영로660번길,detatched_multiFamily
부산광역시 수영구 광안동,3**,월세,25,200,38,2010,수영로545번가길,detatched_multiFamily
부산광역시 수영구 광안동,1**,월세,25,500,33,2012,무학로52번길,detatched_multiFamily
부산광역시 수영구 광안동,1**,전세,25,6800,0,1988,남천바다로9번길,detatched_multiFamily
부산광역시 수영구 광안동,1**,전세,25,8000,0,2017,,detatched_multiFamily
부산광역시 수영구 광안동,1***,월세,25.09,1000,35,2011,망미번영로24번길,detatched_multiFamily
부산광역시 수영구 광안동,1***,전세,25.55,5000,0,,광서로36번길,detatched_multiFamily
부산광역시 수영구 광안동,1***,월세,25.56,1000,75,2020,수영로507번길,detatched_multiFamily
부산광역시 수영구 광안동,1**,월세,25.6,1000,50,2017,수영로536번길,detatched_multiFamily
부산광역시 수영구 광안동,1**,월세,25.66,80,27,,수영로528번길,detatched_multiFamily
부산광역시 수영구 광안동,7**,월세,26,500,40,2008,장대골로7번길,detatched_multiFamily
부산광역시 수영구 광안동,3**,월세,26,300,29,2010,수영로545번가길,detatched_multiFamily
부산광역시 수영구 광안동,9*,월세,26,500,45,2001,무학로49번길,detatched_multiFamily
부산광역시 수영구 광안동,1**,월세,26,500,29,2010,광안로22번길,detatched_multiFamily
부산광역시 수영구 광안동,9*,월세,26,1000,38,2001,무학로49번길,detatched_multiFamily
부산광역시 수영구 광안동,7**,월세,26.01,1000,42,2008,장대골로7번길,detatched_multiFamily
부산광역시 수영구 광안동,7**,월세,26.01,1000,42,2008,장대골로7번길,detatched_multiFamily
부산광역시 수영구 광안동,7**,월세,26.02,1000,37,2008,장대골로7번길,detatched_multiFamily
부산광역시 수영구 광안동,1**,월세,26.33,2000,55,2021,광안로21번길,detatched_multiFamily
부산광역시 수영구 광안동,7**,월세,26.34,2000,19,2008,수영로587번길,detatched_multiFamily
부산광역시 수영구 광안동,7**,월세,26.34,500,38,2008,수영로587번길,detatched_multiFamily
부산광역시 수영구 광안동,1**,월세,26.44,500,22,1990,광안로21번길,detatched_multiFamily
부산광역시 수영구 광안동,7**,전세,26.45,10000,0,2018,,detatched_multiFamily
부산광역시 수영구 광안동,1**,월세,26.51,300,53,2011,수영로606번길,detatched_multiFamily
부산광역시 수영구 광안동,1**,월세,26.56,500,43,2017,,detatched_multiFamily
부산광역시 수영구 광안동,1**,월세,26.56,500,43,2017,수영로642번길,detatched_multiFamily
부산광역시 수영구 광안동,1***,월세,26.66,500,55,2011,망미번영로24번길,detatched_multiFamily
부산광역시 수영구 광안동,1***,월세,26.66,500,55,2011,망미번영로24번길,detatched_multiFamily
부산광역시 수영구 광안동,1**,전세,26.81,4500,0,2010,수영로646번길,detatched_multiFamily
부산광역시 수영구 광안동,1**,월세,27.01,100,26,2009,수영로582번길,detatched_multiFamily
부산광역시 수영구 광안동,1**,전세,27.08,8000,0,2017,수영로536번길,detatched_multiFamily
부산광역시 수영구 광안동,9*,전세,27.11,5500,0,2009,수영로660번길,detatched_multiFamily
부산광역시 수영구 광안동,1***,월세,27.15,300,45,2018,망미번영로16번길,detatched_multiFamily
부산광역시 수영구 광안동,1***,월세,27.15,300,42,2018,망미번영로16번길,detatched_multiFamily
부산광역시 수영구 광안동,1***,월세,27.15,500,47,2018,망미번영로16번길,detatched_multiFamily
부산광역시 수영구 광안동,1***,월세,27.2,1500,20,1991,망미번영로16번길,detatched_multiFamily
부산광역시 수영구 광안동,1**,월세,27.22,300,35,2009,수영로642번길,detatched_multiFamily
부산광역시 수영구 광안동,9*,전세,27.32,4000,0,2008,수영로666번길,detatched_multiFamily
부산광역시 수영구 광안동,1**,월세,27.5,300,29,2005,수영로554번길,detatched_multiFamily
부산광역시 수영구 광안동,1**,월세,27.84,1000,23,2011,수영로528번길,detatched_multiFamily
부산광역시 수영구 광안동,1**,월세,27.84,1000,29,2011,수영로528번길,detatched_multiFamily
부산광역시 수영구 광안동,1**,월세,27.86,500,55,2010,수영로588번길,detatched_multiFamily
부산광역시 수영구 광안동,5**,전세,28,5000,0,2011,장대골로39번길,detatched_multiFamily
부산광역시 수영구 광안동,1**,전세,28.22,6500,0,2012,광남로83번길,detatched_multiFamily
부산광역시 수영구 광안동,1**,전세,28.22,6500,0,2012,광남로83번길,detatched_multiFamily
부산광역시 수영구 광안동,1**,월세,28.31,500,58,2021,수영로618번길,detatched_multiFamily
부산광역시 수영구 광안동,1**,월세,28.62,2000,55,2021,수영로618번길,detatched_multiFamily
부산광역시 수영구 광안동,1**,전세,28.62,11000,0,2021,,detatched_multiFamily
부산광역시 수영구 광안동,1**,전세,28.62,11000,0,2021,수영로618번길,detatched_multiFamily
부산광역시 수영구 광안동,7**,월세,29,1000,35,2008,장대골로7번길,detatched_multiFamily
부산광역시 수영구 광안동,1***,월세,29,200,33,2011,망미번영로24번길,detatched_multiFamily
부산광역시 수영구 광안동,1***,월세,29.12,500,45,2002,연수로382번길,detatched_multiFamily
부산광역시 수영구 광안동,1***,전세,29.12,6000,0,2002,연수로382번길,detatched_multiFamily
부산광역시 수영구 광안동,1**,전세,29.33,9500,0,,,detatched_multiFamily
부산광역시 수영구 광안동,7**,월세,29.58,500,37,2010,광서로9번길,detatched_multiFamily
부산광역시 수영구 광안동,7**,월세,29.6,1000,55,2019,광서로30번길,detatched_multiFamily
부산광역시 수영구 광안동,1***,전세,29.68,10000,0,2017,광서로16번길,detatched_multiFamily
부산광역시 수영구 광안동,1***,전세,29.68,10000,0,2017,광서로16번길,detatched_multiFamily
부산광역시 수영구 광안동,5**,월세,30,500,20,,수영로595번길,detatched_multiFamily
부산광역시 수영구 광안동,1**,월세,30,100,35,1996,수영로618번길,detatched_multiFamily
부산광역시 수영구 광안동,9**,월세,30,300,10,,망미번영로7번길,detatched_multiFamily
부산광역시 수영구 광안동,1**,월세,30,50,30,2012,무학로52번길,detatched_multiFamily
부산광역시 수영구 광안동,1**,월세,30,500,30,1993,광안로16번길,detatched_multiFamily
부산광역시 수영구 광안동,7**,월세,30,300,35,2008,수영로587번길,detatched_multiFamily
부산광역시 수영구 광안동,1**,월세,30,6000,17,,수영로624번길,detatched_multiFamily
부산광역시 수영구 광안동,7**,월세,30,2000,25,2008,수영로587번길,detatched_multiFamily
부산광역시 수영구 광안동,1**,전세,30,8000,0,2016,광남로83번길,detatched_multiFamily
부산광역시 수영구 광안동,1**,전세,30,7500,0,2012,광남로83번길,detatched_multiFamily
부산광역시 수영구 광안동,1**,전세,30,6000,0,2017,수영로642번길,detatched_multiFamily
부산광역시 수영구 광안동,7**,월세,30.42,300,40,2010,장대골로31번길,detatched_multiFamily
부산광역시 수영구 광안동,7**,월세,30.43,300,41,2010,장대골로31번길,detatched_multiFamily
부산광역시 수영구 광안동,1***,월세,30.44,500,53,2017,망미번영로24번길,detatched_multiFamily
부산광역시 수영구 광안동,3**,월세,30.6,500,32,2010,수영로522번길,detatched_multiFamily
부산광역시 수영구 광안동,1**,월세,30.65,500,50,1974,광안로41번길,detatched_multiFamily
부산광역시 수영구 광안동,1**,월세,30.86,1000,38,2010,수영로588번길,detatched_multiFamily
부산광역시 수영구 광안동,1**,월세,30.86,2000,29,2010,수영로588번길,detatched_multiFamily
부산광역시 수영구 광안동,1**,월세,32,1000,50,2021,광안로21번길,detatched_multiFamily
부산광역시 수영구 광안동,7**,월세,32.58,200,28,2009,장대골로19번길,detatched_multiFamily
부산광역시 수영구 광안동,1**,월세,33,1000,30,1990,수영로600번길,detatched_multiFamily
부산광역시 수영구 광안동,1**,월세,33,3000,27,1988,수영로582번길,detatched_multiFamily
부산광역시 수영구 광안동,1**,월세,33,300,40,2010,수영로600번길,detatched_multiFamily
부산광역시 수영구 광안동,1**,전세,33,2500,0,1990,광안로49번길,detatched_multiFamily
부산광역시 수영구 광안동,1**,전세,33,4000,0,1991,수영로610번길,detatched_multiFamily
부산광역시 수영구 광안동,6**,월세,33.5,1000,28,2009,광서로9번길,detatched_multiFamily
부산광역시 수영구 광안동,1**,전세,33.6,10000,0,2013,광안로7번길,detatched_multiFamily
부산광역시 수영구 광안동,4**,월세,33.75,500,28,2009,광일로,detatched_multiFamily
부산광역시 수영구 광안동,1***,전세,34.54,5500,0,1978,연수로392번길,detatched_multiFamily
부산광역시 수영구 광안동,5**,월세,34.96,1000,30,1991,장대골로39번길,detatched_multiFamily
부산광역시 수영구 광안동,1**,월세,35,4000,10,1989,수영로594번길,detatched_multiFamily
부산광역시 수영구 광안동,1***,월세,35.7,15000,25,1991,수영로679번길,detatched_multiFamily
부산광역시 수영구 광안동,1**,월세,36,2000,20,1995,광안로35번길,detatched_multiFamily
부산광역시 수영구 광안동,1**,월세,36,200,30,1987,남천바다로15번길,detatched_multiFamily
부산광역시 수영구 광안동,3**,전세,36.24,12000,0,2018,남천바다로9번길,detatched_multiFamily
부산광역시 수영구 광안동,1**,월세,36.36,5000,20,,수영로624번길,detatched_multiFamily
부산광역시 수영구 광안동,1**,월세,37,13500,12,2016,광남로83번길,detatched_multiFamily
부산광역시 수영구 광안동,5**,월세,37.44,3000,30,1996,수영로595번길,detatched_multiFamily
부산광역시 수영구 광안동,9*,전세,37.69,7500,0,2008,수영로666번길,detatched_multiFamily
부산광역시 수영구 광안동,1**,월세,38,5000,5,1994,수영로600번길,detatched_multiFamily
부산광역시 수영구 광안동,5**,월세,38.91,7000,10,2009,광일로29번나길,detatched_multiFamily
부산광역시 수영구 광안동,1**,월세,39,1000,20,1995,광안로45번길,detatched_multiFamily
부산광역시 수영구 광안동,1**,월세,39.11,1000,40,1975,무학로52번길,detatched_multiFamily
부산광역시 수영구 광안동,1**,전세,39.12,10000,0,,무학로22번길,detatched_multiFamily
부산광역시 수영구 광안동,6**,전세,39.29,7000,0,1987,수영로611번길,detatched_multiFamily
부산광역시 수영구 광안동,1**,전세,39.57,6000,0,1976,수영로624번길,detatched_multiFamily
부산광역시 수영구 광안동,1**,월세,39.6,300,29,2009,수영로618번길,detatched_multiFamily
부산광역시 수영구 광안동,1***,월세,39.69,2000,30,1985,연수로392번길,detatched_multiFamily
부산광역시 수영구 광안동,9*,월세,39.74,1000,45,1989,수영로652번길,detatched_multiFamily
부산광역시 수영구 광안동,1**,월세,40,500,35,1990,수영로636번길,detatched_multiFamily
부산광역시 수영구 광안동,5**,월세,40,500,25,1989,광일로46번길,detatched_multiFamily
부산광역시 수영구 광안동,7**,월세,40,3000,15,2008,수영로587번길,detatched_multiFamily
부산광역시 수영구 광안동,1**,월세,40,300,30,1994,무학로52번길,detatched_multiFamily
부산광역시 수영구 광안동,1**,월세,40,500,35,1990,광안로16번길,detatched_multiFamily
부산광역시 수영구 광안동,1**,월세,40,500,26,1990,무학로,detatched_multiFamily
부산광역시 수영구 광안동,5**,월세,40.05,524,25,,광일로20번길,detatched_multiFamily
부산광역시 수영구 광안동,9*,전세,40.07,11000,0,,,detatched_multiFamily
부산광역시 수영구 광안동,1**,월세,41,500,35,1992,남천바다로21번길,detatched_multiFamily
부산광역시 수영구 광안동,5**,월세,41.12,3000,10,1977,광일로29번가길,detatched_multiFamily
부산광역시 수영구 광안동,5**,전세,41.39,8500,0,1989,광일로46번길,detatched_multiFamily
부산광역시 수영구 광안동,1**,전세,42.79,12000,0,2014,무학로10번길,detatched_multiFamily
부산광역시 수영구 광안동,9*,월세,42.97,1500,25,1993,수영로652번길,detatched_multiFamily
부산광역시 수영구 광안동,1**,월세,43,2000,45,2005,수영로606번길,detatched_multiFamily
부산광역시 수영구 광안동,1**,월세,43,1000,30,1991,광안로21번길,detatched_multiFamily
부산광역시 수영구 광안동,1**,월세,43,300,35,1992,수영로600번길,detatched_multiFamily
부산광역시 수영구 광안동,1**,전세,43,5000,0,1989,수영로540번길,detatched_multiFamily
부산광역시 수영구 광안동,7**,월세,43.36,1000,40,1993,광일로29번길,detatched_multiFamily
부산광역시 수영구 광안동,1**,월세,44,500,30,1996,수영로600번길,detatched_multiFamily
부산광역시 수영구 광안동,1**,월세,44.79,500,43,1996,수영로642번길,detatched_multiFamily
부산광역시 수영구 광안동,1**,월세,45,500,33,1989,수영로618번길,detatched_multiFamily
부산광역시 수영구 광안동,3**,월세,45,1000,5,2002,수영로,detatched_multiFamily
부산광역시 수영구 광안동,1**,월세,45,200,20,1991,수영로624번길,detatched_multiFamily
부산광역시 수영구 광안동,7**,월세,45,8000,10,1986,광서로30번길,detatched_multiFamily
부산광역시 수영구 광안동,7**,전세,45,8000,0,1988,광일로20번길,detatched_multiFamily
부산광역시 수영구 광안동,1***,월세,45.47,1000,30,1993,연수로370번길,detatched_multiFamily
부산광역시 수영구 광안동,1**,월세,45.49,400,31,,수영로594번길,detatched_multiFamily
부산광역시 수영구 광안동,5**,전세,46.14,4500,0,1990,호암로,detatched_multiFamily
부산광역시 수영구 광안동,1***,월세,46.16,1000,35,1994,수영로507번길,detatched_multiFamily
부산광역시 수영구 광안동,4**,전세,46.67,11000,0,1986,광일로20번가길,detatched_multiFamily
부산광역시 수영구 광안동,1**,월세,47,500,40,1991,수영로600번길,detatched_multiFamily
부산광역시 수영구 광안동,1**,전세,47.24,13000,0,1976,수영로624번길,detatched_multiFamily
부산광역시 수영구 광안동,1***,월세,47.25,2000,35,1997,망미번영로16번길,detatched_multiFamily
부산광역시 수영구 광안동,7**,전세,47.74,20000,0,1972,호암로30번길,detatched_multiFamily
부산광역시 수영구 광안동,1***,전세,47.93,12000,0,1972,망미번영로24번길,detatched_multiFamily
부산광역시 수영구 광안동,1**,월세,48,1000,45,1989,무학로39번길,detatched_multiFamily
부산광역시 수영구 광안동,1**,월세,48,1000,40,1989,무학로39번길,detatched_multiFamily
부산광역시 수영구 광안동,1**,전세,48.34,8000,0,2003,수영로528번길,detatched_multiFamily
부산광역시 수영구 광안동,1**,월세,48.72,3000,30,1996,무학로,detatched_multiFamily
부산광역시 수영구 광안동,3**,전세,48.86,13000,0,1978,수영로521번길,detatched_multiFamily
부산광역시 수영구 광안동,1***,월세,49,500,40,1999,호암로29번나길,detatched_multiFamily
부산광역시 수영구 광안동,1**,월세,49.22,3000,25,1975,무학로49번길,detatched_multiFamily
부산광역시 수영구 광안동,7**,월세,49.59,7000,5,1973,광서로9번길,detatched_multiFamily
부산광역시 수영구 광안동,7**,전세,49.59,7000,0,1973,광서로9번길,detatched_multiFamily
부산광역시 수영구 광안동,9**,전세,49.59,12000,0,1974,망미번영로16번길,detatched_multiFamily
부산광역시 수영구 광안동,1**,월세,49.79,4000,33,1976,수영로618번길,detatched_multiFamily
부산광역시 수영구 광안동,1**,전세,49.94,20000,0,1970,수영로588번길,detatched_multiFamily
부산광역시 수영구 광안동,6**,월세,50,1000,35,1988,광일로21번길,detatched_multiFamily
부산광역시 수영구 광안동,9**,월세,50,1000,5,1989,연수로324번길,detatched_multiFamily
부산광역시 수영구 광안동,1**,월세,50,1000,28,,수영로594번길,detatched_multiFamily
부산광역시 수영구 광안동,1**,월세,50,5000,15,1983,수영로624번길,detatched_multiFamily
부산광역시 수영구 광안동,1**,월세,50,3000,25,1990,수영로588번가길,detatched_multiFamily
부산광역시 수영구 광안동,1**,전세,50,5000,0,1989,수영로540번길,detatched_multiFamily
부산광역시 수영구 광안동,7*,전세,50,9000,0,1994,수영로702번길,detatched_multiFamily
부산광역시 수영구 광안동,1**,월세,50.14,500,40,1995,수영로594번길,detatched_multiFamily
부산광역시 수영구 광안동,1***,월세,50.37,1000,40,1975,연수로392번길,detatched_multiFamily
부산광역시 수영구 광안동,1**,월세,51.03,1000,40,1983,수영로606번길,detatched_multiFamily
부산광역시 수영구 광안동,1***,월세,51.03,3000,20,1974,연수로386번길,detatched_multiFamily
부산광역시 수영구 광안동,1***,전세,51.03,12000,0,1974,연수로386번길,detatched_multiFamily
부산광역시 수영구 광안동,6**,월세,51.36,7000,30,1970,광일로21번길,detatched_multiFamily
부산광역시 수영구 광안동,1**,월세,52,500,35,1969,수영로642번길,detatched_multiFamily
부산광역시 수영구 광안동,3**,월세,52.1,1000,20,1994,수영로534번길,detatched_multiFamily
부산광역시 수영구 광안동,7**,월세,52.6,2000,45,1976,장대골로,detatched_multiFamily
부산광역시 수영구 광안동,1***,월세,52.8,5500,30,2005,연수로404번길,detatched_multiFamily
부산광역시 수영구 광안동,1**,전세,52.89,13000,0,1967,수영로588번길,detatched_multiFamily
부산광역시 수영구 광안동,1**,전세,52.89,13000,0,1967,수영로588번길,detatched_multiFamily
부산광역시 수영구 광안동,1***,월세,53,500,50,1974,망미번영로16번길,detatched_multiFamily
부산광역시 수영구 광안동,1**,월세,53,500,45,1990,수영로636번길,detatched_multiFamily
부산광역시 수영구 광안동,1**,전세,53,6000,0,2012,광남로83번길,detatched_multiFamily
부산광역시 수영구 광안동,1**,전세,53,11000,0,1983,광안로22번길,detatched_multiFamily
부산광역시 수영구 광안동,1**,월세,53.26,5000,20,2012,광남로83번길,detatched_multiFamily
부산광역시 수영구 광안동,7*,월세,53.49,1500,50,1973,수영로666번길,detatched_multiFamily
부산광역시 수영구 광안동,7*,월세,53.49,1500,50,1973,수영로666번길,detatched_multiFamily
부산광역시 수영구 광안동,1***,월세,53.55,1000,45,1986,연수로392번가길,detatched_multiFamily
부산광역시 수영구 광안동,1**,전세,53.82,6500,0,1973,광안로41번길,detatched_multiFamily
부산광역시 수영구 광안동,1**,월세,54.27,3000,45,1990,수영로610번길,detatched_multiFamily
부산광역시 수영구 광안동,3**,전세,54.57,9000,0,1979,수영로522번길,detatched_multiFamily
부산광역시 수영구 광안동,1***,월세,55,500,35,1991,연수로416번길,detatched_multiFamily
부산광역시 수영구 광안동,1**,월세,55.54,5000,50,1974,수영로594번길,detatched_multiFamily
부산광역시 수영구 광안동,1**,월세,56,3000,25,1994,수영로594번길,detatched_multiFamily
부산광역시 수영구 광안동,7**,월세,56.05,1000,50,1994,호암로,detatched_multiFamily
부산광역시 수영구 광안동,7**,월세,56.05,1000,50,1994,호암로,detatched_multiFamily
부산광역시 수영구 광안동,1**,월세,56.19,2700,20,1995,광안로21번길,detatched_multiFamily
부산광역시 수영구 광안동,1**,월세,56.2,3000,40,1973,수영로606번길,detatched_multiFamily
부산광역시 수영구 광안동,1**,전세,56.78,14000,0,1975,광안로41번길,detatched_multiFamily
부산광역시 수영구 광안동,1***,월세,57.55,1500,30,,연수로382번길,detatched_multiFamily
부산광역시 수영구 광안동,3**,전세,57.62,5000,0,1994,수영로534번길,detatched_multiFamily
부산광역시 수영구 광안동,1**,전세,58.18,8000,0,1973,수영로606번길,detatched_multiFamily
부산광역시 수영구 광안동,4**,월세,58.77,1500,30,1991,광일로,detatched_multiFamily
부산광역시 수영구 광안동,1**,월세,58.77,3000,15,2018,수영로610번길,detatched_multiFamily
부산광역시 수영구 광안동,1**,월세,58.77,2000,19,2018,수영로610번길,detatched_multiFamily
부산광역시 수영구 광안동,5**,월세,59,1000,40,1995,수영로,detatched_multiFamily
부산광역시 수영구 광안동,7*,전세,59.01,11000,0,1974,무학로49번길,detatched_multiFamily
부산광역시 수영구 광안동,5**,월세,59.3,4500,37,1996,수영로595번길,detatched_multiFamily
부산광역시 수영구 광안동,1**,월세,59.43,5800,28,1983,무학로,detatched_multiFamily
부산광역시 수영구 광안동,1**,월세,59.5,500,30,1970,광안로21번가길,detatched_multiFamily
부산광역시 수영구 광안동,9*,전세,59.5,13000,0,,수영로652번길,detatched_multiFamily
부산광역시 수영구 광안동,1***,전세,59.5,5000,0,1973,망미번영로23번길,detatched_multiFamily
부산광역시 수영구 광안동,1***,월세,59.7,1000,44,1985,연수로392번가길,detatched_multiFamily
부산광역시 수영구 광안동,1**,전세,59.97,15000,0,1975,광안로49번길,detatched_multiFamily
부산광역시 수영구 광안동,1**,전세,59.97,15000,0,1975,광안로49번길,detatched_multiFamily
부산광역시 수영구 광안동,1**,월세,60,6000,10,1987,수영로540번길,detatched_multiFamily
부산광역시 수영구 광안동,1***,월세,60,4000,35,1988,광서로50번길,detatched_multiFamily
부산광역시 수영구 광안동,1**,전세,60,11000,0,2004,,detatched_multiFamily
부산광역시 수영구 광안동,1**,월세,60.3,4300,35,1978,남천바다로15번길,detatched_multiFamily
부산광역시 수영구 광안동,1**,전세,60.46,15000,0,1970,수영로588번길,detatched_multiFamily
부산광역시 수영구 광안동,6**,월세,61,1500,30,1994,광서로16번길,detatched_multiFamily
부산광역시 수영구 광안동,6**,월세,61,1500,30,1994,광서로16번길,detatched_multiFamily
부산광역시 수영구 광안동,6**,월세,61,1000,37,1994,광서로16번길,detatched_multiFamily
부산광역시 수영구 광안동,1**,월세,61.28,2000,100,2021,수영로606번길,detatched_multiFamily
부산광역시 수영구 광안동,4**,월세,62.15,1000,38,1986,광일로20번가길,detatched_multiFamily
부산광역시 수영구 광안동,7*,전세,62.25,15000,0,1974,무학로49번길,detatched_multiFamily
부산광역시 수영구 광안동,6**,월세,63.03,1000,30,1994,광일로21번길,detatched_multiFamily
부산광역시 수영구 광안동,1***,월세,63.63,1000,50,1997,수영로507번길,detatched_multiFamily
부산광역시 수영구 광안동,1***,월세,64.17,1000,44,1984,망미번영로38번길,detatched_multiFamily
부산광역시 수영구 광안동,1**,월세,64.25,8000,15,1987,,detatched_multiFamily
부산광역시 수영구 광안동,1***,월세,64.31,2000,40,2017,망미번영로24번길,detatched_multiFamily
부산광역시 수영구 광안동,1**,전세,65.46,8500,0,,수영로610번길,detatched_multiFamily
부산광역시 수영구 광안동,1**,월세,65.52,3000,40,1997,수영로610번길,detatched_multiFamily
부산광역시 수영구 광안동,1**,월세,65.6,2000,50,1997,수영로646번길,detatched_multiFamily
부산광역시 수영구 광안동,1**,월세,66,500,25,1990,수영로600번길,detatched_multiFamily
부산광역시 수영구 광안동,5**,월세,66,13000,20,2005,광일로29번나길,detatched_multiFamily
부산광역시 수영구 광안동,1**,전세,66.12,4000,0,1976,광안로21번가길,detatched_multiFamily
부산광역시 수영구 광안동,1**,전세,66.69,13400,0,1976,광안로49번길,detatched_multiFamily
부산광역시 수영구 광안동,6**,월세,66.87,300,31,2011,광서로10번길,detatched_multiFamily
부산광역시 수영구 광안동,6**,월세,66.87,100,32,2011,광서로10번길,detatched_multiFamily
부산광역시 수영구 광안동,5**,전세,67.31,16000,0,2019,장대골로,detatched_multiFamily
부산광역시 수영구 광안동,1**,전세,67.96,11550,0,1973,무학로,detatched_multiFamily
부산광역시 수영구 광안동,7**,전세,68,12000,0,1977,광서로30번길,detatched_multiFamily
부산광역시 수영구 광안동,7**,전세,68,12000,0,1977,광서로30번길,detatched_multiFamily
부산광역시 수영구 광안동,5**,월세,69.42,3000,58,1978,광일로29번가길,detatched_multiFamily
부산광역시 수영구 광안동,4**,월세,69.78,3000,20,2015,광일로14번길,detatched_multiFamily
부산광역시 수영구 광안동,4**,월세,69.78,5500,5,2015,,detatched_multiFamily
부산광역시 수영구 광안동,4**,전세,69.78,5500,0,2015,광일로14번길,detatched_multiFamily
부산광역시 수영구 광안동,1**,월세,70.4,1000,28,2012,수영로600번길,detatched_multiFamily
부산광역시 수영구 광안동,5**,전세,70.56,8000,0,1987,장대골로45번길,detatched_multiFamily
부산광역시 수영구 광안동,9**,전세,70.62,7000,0,1988,연수로342번길,detatched_multiFamily
부산광역시 수영구 광안동,5**,월세,70.74,1000,40,1987,광일로20번가길,detatched_multiFamily
부산광역시 수영구 광안동,1***,월세,71,4000,25,1991,광서로,detatched_multiFamily
부산광역시 수영구 광안동,1***,전세,71.56,9000,0,2012,망미번영로16번길,detatched_multiFamily
부산광역시 수영구 광안동,7**,월세,71.6,300,33,2010,수영로581번길,detatched_multiFamily
부산광역시 수영구 광안동,1**,전세,71.68,13000,0,1977,남천바다로21번길,detatched_multiFamily
부산광역시 수영구 광안동,5**,월세,71.74,1000,35,1969,장대골로45번길,detatched_multiFamily
부산광역시 수영구 광안동,6**,월세,71.92,500,50,2019,광서로9번길,detatched_multiFamily
부산광역시 수영구 광안동,6**,월세,71.92,500,50,2019,광서로9번길,detatched_multiFamily
부산광역시 수영구 광안동,6**,월세,71.92,500,50,2019,광서로9번길,detatched_multiFamily
부산광역시 수영구 광안동,6**,월세,71.92,400,45,2019,광서로9번길,detatched_multiFamily
부산광역시 수영구 광안동,1***,월세,72.25,200,30,2011,광서로54번길,detatched_multiFamily
부산광역시 수영구 광안동,1**,전세,72.51,2000,0,1992,수영로618번길,detatched_multiFamily
부산광역시 수영구 광안동,3**,월세,73.53,3000,45,1985,수영로545번길,detatched_multiFamily
부산광역시 수영구 광안동,5**,월세,73.55,4000,30,1976,장대골로57번가길,detatched_multiFamily
부산광역시 수영구 광안동,5**,월세,73.62,3000,35,1985,장대골로,detatched_multiFamily
부산광역시 수영구 광안동,1***,전세,73.98,21000,0,1974,망미번영로24번길,detatched_multiFamily
부산광역시 수영구 광안동,1**,전세,74.62,4800,0,2011,광안로45번길,detatched_multiFamily
부산광역시 수영구 광안동,1**,월세,74.89,5000,40,1975,무학로52번길,detatched_multiFamily
부산광역시 수영구 광안동,1**,월세,74.89,5000,40,1975,무학로52번길,detatched_multiFamily
부산광역시 수영구 광안동,1**,월세,74.97,1000,80,1998,,detatched_multiFamily
부산광역시 수영구 광안동,1***,월세,75.35,100,30,2010,연수로382번길,detatched_multiFamily
부산광역시 수영구 광안동,1***,월세,75.37,500,45,1979,망미번영로38번길,detatched_multiFamily
부산광역시 수영구 광안동,1**,월세,75.9,500,40,1995,수영로582번길,detatched_multiFamily
부산광역시 수영구 광안동,1**,월세,76.16,1000,50,1990,남천바다로9번길,detatched_multiFamily
부산광역시 수영구 광안동,1**,월세,76.44,300,28,2011,광안로45번길,detatched_multiFamily
부산광역시 수영구 광안동,1**,월세,76.44,2000,7,2011,광안로45번길,detatched_multiFamily
부산광역시 수영구 광안동,1**,월세,76.82,7000,30,1976,광안로49번길,detatched_multiFamily
부산광역시 수영구 광안동,1**,월세,77.09,5000,50,1974,수영로594번길,detatched_multiFamily
부산광역시 수영구 광안동,1**,전세,77.15,5800,0,2017,무학로34번길,detatched_multiFamily
부산광역시 수영구 광안동,5**,월세,77.2,3000,30,1991,장대골로57번가길,detatched_multiFamily
부산광역시 수영구 광안동,1**,월세,77.49,3000,70,1975,수영로606번길,detatched_multiFamily
부산광역시 수영구 광안동,1***,월세,77.67,1000,55,2018,망미번영로16번길,detatched_multiFamily
부산광역시 수영구 광안동,1***,월세,77.94,1000,70,2020,수영로507번길,detatched_multiFamily
부산광역시 수영구 광안동,5**,월세,78.49,4000,20,2011,장대골로39번길,detatched_multiFamily
부산광역시 수영구 광안동,1**,월세,79.01,7000,25,1974,광안로21번가길,detatched_multiFamily
부산광역시 수영구 광안동,1**,월세,79.03,3000,40,1987,남천바다로9번길,detatched_multiFamily
부산광역시 수영구 광안동,5**,월세,79.11,3000,50,1974,장대골로39번길,detatched_multiFamily
부산광역시 수영구 광안동,1**,월세,79.32,500,30,1990,무학로52번길,detatched_multiFamily
부산광역시 수영구 광안동,1**,전세,79.44,16000,0,,수영로600번길,detatched_multiFamily
부산광역시 수영구 광안동,3**,월세,79.5,1000,40,2017,수영로521번가길,detatched_multiFamily
부산광역시 수영구 광안동,3**,월세,79.5,500,40,2017,,detatched_multiFamily
부산광역시 수영구 광안동,3**,월세,79.5,500,45,2017,수영로521번가길,detatched_multiFamily
부산광역시 수영구 광안동,3**,월세,79.5,1000,39,2017,수영로521번가길,detatched_multiFamily
부산광역시 수영구 광안동,1**,전세,79.56,10500,0,1987,무학로34번길,detatched_multiFamily
부산광역시 수영구 광안동,1**,월세,79.65,3000,60,2004,무학로52번길,detatched_multiFamily
부산광역시 수영구 광안동,1**,월세,79.78,2000,38,2017,수영로646번길,detatched_multiFamily
부산광역시 수영구 광안동,7*,전세,80.01,6000,0,,무학로49번길,detatched_multiFamily
부산광역시 수영구 광안동,9*,월세,80.29,500,35,2008,수영로666번길,detatched_multiFamily
부산광역시 수영구 광안동,9*,전세,80.29,4000,0,2008,수영로666번길,detatched_multiFamily
부산광역시 수영구 광안동,9*,전세,80.29,4000,0,2008,수영로666번길,detatched_multiFamily
부산광역시 수영구 광안동,9*,월세,81.7,1000,35,2017,수영로666번길,detatched_multiFamily
부산광역시 수영구 광안동,9*,월세,81.7,1000,40,2017,수영로666번길,detatched_multiFamily
부산광역시 수영구 광안동,5**,월세,81.94,2000,75,2021,장대골로67번길,detatched_multiFamily
부산광역시 수영구 광안동,1**,월세,82.24,3000,20,2012,수영로610번길,detatched_multiFamily
부산광역시 수영구 광안동,1**,전세,82.24,5000,0,2012,수영로610번길,detatched_multiFamily
부산광역시 수영구 광안동,9**,월세,82.44,6000,50,,,detatched_multiFamily
부산광역시 수영구 광안동,1**,월세,82.47,500,30,1988,수영로588번길,detatched_multiFamily
부산광역시 수영구 광안동,1**,월세,83.18,1000,40,2017,무학로,detatched_multiFamily
부산광역시 수영구 광안동,1**,월세,83.18,500,45,2017,무학로,detatched_multiFamily
부산광역시 수영구 광안동,1***,월세,83.32,500,50,2017,연수로404번길,detatched_multiFamily
부산광역시 수영구 광안동,6**,월세,84.73,2000,40,2017,광서로11번길,detatched_multiFamily
부산광역시 수영구 광안동,6**,월세,84.73,3000,20,2017,광서로11번길,detatched_multiFamily
부산광역시 수영구 광안동,1***,월세,84.85,10000,50,1976,망미번영로16번길,detatched_multiFamily
부산광역시 수영구 광안동,1**,전세,86,20000,0,1983,,detatched_multiFamily
부산광역시 수영구 광안동,1***,전세,87.22,3000,0,2002,연수로382번길,detatched_multiFamily
부산광역시 수영구 광안동,1***,월세,87.36,500,43,2002,연수로382번길,detatched_multiFamily
부산광역시 수영구 광안동,1**,전세,87.64,7500,0,2012,광남로83번길,detatched_multiFamily
부산광역시 수영구 광안동,1***,월세,88.36,500,25,2011,연수로404번길,detatched_multiFamily
부산광역시 수영구 광안동,9**,전세,88.58,4000,0,1988,연수로324번길,detatched_multiFamily
부산광역시 수영구 광안동,1***,월세,89.15,2000,105,1993,광서로10번길,detatched_multiFamily
부산광역시 수영구 광안동,1**,전세,89.25,5000,0,1991,광안로7번길,detatched_multiFamily
부산광역시 수영구 광안동,5**,월세,89.59,1000,50,1977,,detatched_multiFamily
부산광역시 수영구 광안동,5**,월세,90,3000,50,1994,광서로,detatched_multiFamily
부산광역시 수영구 광안동,9*,월세,90.01,3000,30,1987,수영로652번길,detatched_multiFamily
부산광역시 수영구 광안동,1**,전세,90.68,14000,0,1975,수영로600번길,detatched_multiFamily
부산광역시 수영구 광안동,6**,월세,91.72,10000,45,1983,광서로9번길,detatched_multiFamily
부산광역시 수영구 광안동,6**,월세,91.72,10000,45,1983,광서로9번길,detatched_multiFamily
부산광역시 수영구 광안동,1***,월세,91.93,500,44,2011,망미번영로24번길,detatched_multiFamily
부산광역시 수영구 광안동,1***,월세,92.9,100,30,2010,연수로404번길,detatched_multiFamily
부산광역시 수영구 광안동,1***,월세,92.9,200,31,2010,연수로404번길,detatched_multiFamily
부산광역시 수영구 광안동,1***,월세,92.9,100,35,2010,연수로404번길,detatched_multiFamily
부산광역시 수영구 광안동,1***,월세,92.9,300,30,2010,연수로404번길,detatched_multiFamily
부산광역시 수영구 광안동,5**,월세,93,3000,40,,수영로595번길,detatched_multiFamily
부산광역시 수영구 광안동,5**,월세,93.55,200,40,2017,광일로29번가길,detatched_multiFamily
부산광역시 수영구 광안동,1***,월세,94.84,2000,20,1996,광서로42번길,detatched_multiFamily
부산광역시 수영구 광안동,1**,월세,95.7,500,37,1994,광안로35번길,detatched_multiFamily
부산광역시 수영구 광안동,1**,전세,95.87,8000,0,1973,광안로41번길,detatched_multiFamily
부산광역시 수영구 광안동,1**,월세,95.97,6000,40,1988,광안로21번길,detatched_multiFamily
부산광역시 수영구 광안동,1**,전세,97.93,11000,0,2021,,detatched_multiFamily
부산광역시 수영구 광안동,1**,전세,97.93,11000,0,2021,,detatched_multiFamily
부산광역시 수영구 광안동,4**,월세,98.38,3000,50,1990,광일로14번길,detatched_multiFamily
부산광역시 수영구 광안동,9*,월세,98.53,200,33,2010,수영로666번길,detatched_multiFamily
부산광역시 수영구 광안동,6**,월세,99.12,7000,50,1984,광서로,detatched_multiFamily
부산광역시 수영구 광안동,6**,월세,99.12,8000,50,1984,광서로,detatched_multiFamily
부산광역시 수영구 광안동,7**,월세,101.54,5000,60,1984,광일로14번길,detatched_multiFamily
부산광역시 수영구 광안동,1**,월세,101.59,15000,40,1988,남천바다로15번길,detatched_multiFamily
부산광역시 수영구 광안동,1**,월세,102.22,6000,10,2017,수영로642번길,detatched_multiFamily
부산광역시 수영구 광안동,1**,전세,102.22,10000,0,2017,수영로642번길,detatched_multiFamily
부산광역시 수영구 광안동,1***,월세,102.47,2000,65,1989,수영로679번길,detatched_multiFamily
부산광역시 수영구 광안동,5**,월세,103.67,5000,50,1991,광일로29번가길,detatched_multiFamily
부산광역시 수영구 광안동,7**,월세,104.06,1000,37,2008,장대골로7번길,detatched_multiFamily
부산광역시 수영구 광안동,7**,월세,104.06,1000,42,2008,장대골로7번길,detatched_multiFamily
부산광역시 수영구 광안동,1**,월세,104.13,4000,45,1957,수영로510번길,detatched_multiFamily
부산광역시 수영구 광안동,5**,월세,104.83,500,30,2008,장대골로45번길,detatched_multiFamily
부산광역시 수영구 광안동,7**,월세,105.34,1000,37,2008,수영로587번길,detatched_multiFamily
부산광역시 수영구 광안동,1***,월세,105.66,300,40,2018,망미번영로16번길,detatched_multiFamily
부산광역시 수영구 광안동,1***,월세,105.66,100,50,2018,망미번영로16번길,detatched_multiFamily
부산광역시 수영구 광안동,7**,월세,106.36,300,40,2008,수영로587번길,detatched_multiFamily
부산광역시 수영구 광안동,7**,월세,106.36,500,40,2008,수영로587번길,detatched_multiFamily
부산광역시 수영구 광안동,1***,월세,106.62,3000,42,2011,망미번영로24번길,detatched_multiFamily
부산광역시 수영구 광안동,1**,월세,107.39,300,35,2009,수영로554번길,detatched_multiFamily
부산광역시 수영구 광안동,1***,월세,108.61,500,48,2018,망미번영로16번길,detatched_multiFamily
부산광역시 수영구 광안동,1***,월세,108.61,500,39,2018,망미번영로16번길,detatched_multiFamily
부산광역시 수영구 광안동,1**,전세,108.89,7000,0,2017,무학로,detatched_multiFamily
부산광역시 수영구 광안동,1**,전세,108.89,9500,0,2017,무학로,detatched_multiFamily
부산광역시 수영구 광안동,1***,월세,109.85,2000,65,1993,광서로10번길,detatched_multiFamily
부산광역시 수영구 광안동,1**,월세,110.3,5000,50,1996,광안로22번길,detatched_multiFamily
부산광역시 수영구 광안동,1**,월세,110.32,200,40,2008,수영로624번길,detatched_multiFamily
부산광역시 수영구 광안동,9*,월세,114.37,1000,40,2015,수영로666번길,detatched_multiFamily
부산광역시 수영구 광안동,9*,월세,114.37,1000,29,2015,수영로666번길,detatched_multiFamily
부산광역시 수영구 광안동,1**,월세,114.45,2000,28,2017,,detatched_multiFamily
부산광역시 수영구 광안동,1**,전세,114.45,13500,0,2017,수영로536번길,detatched_multiFamily
부산광역시 수영구 광안동,1**,전세,117.08,4500,0,2018,,detatched_multiFamily
부산광역시 수영구 광안동,1**,월세,117.54,1000,26,2010,수영로624번길,detatched_multiFamily
부산광역시 수영구 광안동,1***,월세,118.16,500,29,2010,광서로10번길,detatched_multiFamily
부산광역시 수영구 광안동,1**,전세,119.16,4000,0,2010,수영로606번길,detatched_multiFamily
부산광역시 수영구 광안동,7**,월세,121.71,1000,20,2010,장대골로31번길,detatched_multiFamily
부산광역시 수영구 광안동,1***,월세,122,500,40,1996,수영로665번길,detatched_multiFamily
부산광역시 수영구 광안동,1**,월세,123,100,25,2010,수영로624번길,detatched_multiFamily
부산광역시 수영구 광안동,1**,월세,126.5,2000,30,2018,무학로49번길,detatched_multiFamily
부산광역시 수영구 광안동,7**,월세,126.88,500,42,2010,광서로9번길,detatched_multiFamily
부산광역시 수영구 광안동,7**,월세,126.88,500,35,2010,광서로9번길,detatched_multiFamily
부산광역시 수영구 광안동,1***,월세,129.35,1500,15,1994,광서로16번길,detatched_multiFamily
부산광역시 수영구 광안동,1***,전세,129.35,3000,0,1994,광서로16번길,detatched_multiFamily
부산광역시 수영구 광안동,1***,월세,130.41,20000,60,1983,수영로521번길,detatched_multiFamily
부산광역시 수영구 광안동,1***,월세,130.41,20000,60,1983,수영로521번길,detatched_multiFamily
부산광역시 수영구 광안동,5**,전세,130.62,30000,0,,호암로,detatched_multiFamily
부산광역시 수영구 광안동,1**,월세,136.11,300,34,2009,수영로642번길,detatched_multiFamily
부산광역시 수영구 광안동,1**,월세,147.42,500,45,1990,수영로588번길,detatched_multiFamily
부산광역시 수영구 광안동,1**,월세,160.7,1000,35,2018,수영로642번길,detatched_multiFamily
부산광역시 수영구 광안동,1**,월세,165.12,1500,30,2021,수영로652번길,detatched_multiFamily
부산광역시 수영구 광안동,1**,월세,166,2000,20,1974,무학로34번길,detatched_multiFamily
부산광역시 수영구 광안동,6**,월세,198,1000,35,1990,광서로16번길,detatched_multiFamily
부산광역시 수영구 광안동,1***,월세,198.93,2000,20,1996,연수로342번길,detatched_multiFamily
부산광역시 수영구 광안동,5**,전세,234.65,30000,0,,광일로,detatched_multiFamily
부산광역시 수영구 남천동,5*,전세,16.21,4500,0,2008,황령산로7번길,detatched_multiFamily
부산광역시 수영구 남천동,2**,월세,19.8,500,25,1974,황령대로489번길,detatched_multiFamily
부산광역시 수영구 남천동,5*,전세,20.8,4500,0,1978,,detatched_multiFamily
부산광역시 수영구 남천동,2*,월세,23.14,500,25,2010,수영로488번길,detatched_multiFamily
부산광역시 수영구 남천동,2*,월세,23.67,1000,80,1974,남천바다로10번길,detatched_multiFamily
부산광역시 수영구 남천동,3*,월세,24.51,1000,35,,남천바다로10번길,detatched_multiFamily
부산광역시 수영구 남천동,2*,월세,25,500,22,2010,수영로488번길,detatched_multiFamily
부산광역시 수영구 남천동,6*,월세,25.86,6000,10,1975,수영로,detatched_multiFamily
부산광역시 수영구 남천동,3*,월세,26.45,200,25,1978,남천바다로22번길,detatched_multiFamily
부산광역시 수영구 남천동,6*,전세,28.76,6000,0,1984,남천서로20번길,detatched_multiFamily
부산광역시 수영구 남천동,1*,월세,30,5000,20,1990,남천동로16번길,detatched_multiFamily
부산광역시 수영구 남천동,4*,월세,35,5000,25,2014,수영로481번길,detatched_multiFamily
부산광역시 수영구 남천동,4*,월세,35,1000,55,2014,수영로481번길,detatched_multiFamily
부산광역시 수영구 남천동,7*,월세,35.41,2000,40,2011,남천서로25번길,detatched_multiFamily
부산광역시 수영구 남천동,6*,월세,36,9000,12,1984,남천서로20번길,detatched_multiFamily
부산광역시 수영구 남천동,3*,월세,38.5,1000,50,,남천바다로10번길,detatched_multiFamily
부산광역시 수영구 남천동,6*,월세,40,1000,25,1988,수영로427번길,detatched_multiFamily
부산광역시 수영구 남천동,7*,월세,43.37,2500,30,1978,남천서로19번길,detatched_multiFamily
부산광역시 수영구 남천동,*,월세,43.74,500,15,1978,남천동로104번길,detatched_multiFamily
부산광역시 수영구 남천동,2**,전세,44.53,8500,0,,수영로384번길,detatched_multiFamily
부산광역시 수영구 남천동,6*,월세,44.85,3000,15,1988,남천서로20번길,detatched_multiFamily
부산광역시 수영구 남천동,7*,월세,45,500,30,1989,남천서로13번길,detatched_multiFamily
부산광역시 수영구 남천동,1*,월세,58.7,4000,50,1990,남천동로9번길,detatched_multiFamily
부산광역시 수영구 남천동,3*,월세,59,2000,50,1991,남천바다로22번길,detatched_multiFamily
부산광역시 수영구 남천동,4*,월세,59,2000,20,1986,수영로487번길,detatched_multiFamily
부산광역시 수영구 남천동,1*,전세,59.35,11000,0,1974,남천동로22번길,detatched_multiFamily
부산광역시 수영구 남천동,2*,월세,61.47,2000,45,1973,수영로402번길,detatched_multiFamily
부산광역시 수영구 남천동,1*,전세,62.8,20000,0,2014,남천동로9번길,detatched_multiFamily
부산광역시 수영구 남천동,2*,월세,69.55,1000,80,1984,수영로408번길,detatched_multiFamily
부산광역시 수영구 남천동,7*,전세,71.3,9300,0,1987,남천서로25번길,detatched_multiFamily
부산광역시 수영구 남천동,4*,월세,73.5,1000,50,1996,황령산로8번길,detatched_multiFamily
부산광역시 수영구 남천동,2*,월세,76.98,2000,35,1994,수영로402번길,detatched_multiFamily
부산광역시 수영구 남천동,5*,전세,81.07,4500,0,2008,,detatched_multiFamily
부산광역시 수영구 남천동,4*,전세,83.91,16000,0,1987,,detatched_multiFamily
부산광역시 수영구 남천동,4**,월세,84.23,300,10,1979,수영로383번길,detatched_multiFamily
부산광역시 수영구 남천동,6*,월세,86.28,9000,12,1984,남천서로20번길,detatched_multiFamily
부산광역시 수영구 남천동,4*,월세,87.06,100,20,1988,황령산로22번길,detatched_multiFamily
부산광역시 수영구 남천동,4**,월세,90.85,3000,80,2021,황령대로481번길,detatched_multiFamily
부산광역시 수영구 남천동,4*,월세,93.18,100,23,2011,수영로475번길,detatched_multiFamily
부산광역시 수영구 남천동,4*,월세,93.18,100,30,2011,수영로475번길,detatched_multiFamily
부산광역시 수영구 남천동,6*,월세,95.17,2000,40,1988,수영로427번길,detatched_multiFamily
부산광역시 수영구 남천동,3*,월세,99.87,3000,100,1984,수영로475번길,detatched_multiFamily
부산광역시 수영구 남천동,3*,월세,127.46,2000,51,1988,남천바다로,detatched_multiFamily
부산광역시 수영구 남천동,7*,월세,141.62,4000,30,2011,남천서로25번길,detatched_multiFamily
부산광역시 수영구 남천동,5*,전세,168.5,4500,0,2008,황령산로7번길,detatched_multiFamily
부산광역시 수영구 망미동,8**,월세,11,2000,20,1987,망미로22번길,detatched_multiFamily
부산광역시 수영구 망미동,8**,월세,15,100,33,2011,망미배산로,detatched_multiFamily
부산광역시 수영구 망미동,4**,월세,15,500,23,2015,망미번영로85번길,detatched_multiFamily
부산광역시 수영구 망미동,8**,월세,16.6,100,26,2009,연수로275번길,detatched_multiFamily
부산광역시 수영구 망미동,8**,월세,19.71,413,25,2010,연수로249번길,detatched_multiFamily
부산광역시 수영구 망미동,4**,월세,20.79,300,28,1993,과정로73번길,detatched_multiFamily
부산광역시 수영구 망미동,8**,월세,21,300,25,2009,연수로296번길,detatched_multiFamily
부산광역시 수영구 망미동,4**,월세,25,8000,7,2012,연수로335번길,detatched_multiFamily
부산광역시 수영구 망미동,4**,월세,26,2000,11,1994,,detatched_multiFamily
부산광역시 수영구 망미동,2**,월세,27.1,3000,40,2020,망미번영로,detatched_multiFamily
부산광역시 수영구 망미동,4**,전세,27.3,6000,0,2017,망미번영로55번길,detatched_multiFamily
부산광역시 수영구 망미동,1**,월세,28.3,500,20,1941,구락로101번길,detatched_multiFamily
부산광역시 수영구 망미동,4**,전세,28.43,10000,0,2017,망미번영로55번길,detatched_multiFamily
부산광역시 수영구 망미동,8**,월세,28.73,200,25,2011,망미배산로,detatched_multiFamily
부산광역시 수영구 망미동,4**,월세,29.72,500,30,1981,과정로15번길,detatched_multiFamily
부산광역시 수영구 망미동,2**,월세,29.75,500,30,1993,구락로105번길,detatched_multiFamily
부산광역시 수영구 망미동,4**,전세,30,5000,0,1989,과정로41번길,detatched_multiFamily
부산광역시 수영구 망미동,7**,전세,33.9,3500,0,1993,연수로,detatched_multiFamily
부산광역시 수영구 망미동,4**,월세,34.25,2000,15,1995,과정로73번길,detatched_multiFamily
부산광역시 수영구 망미동,8**,월세,34.6,3500,10,1992,연수로235번길,detatched_multiFamily
부산광역시 수영구 망미동,2**,전세,34.65,9000,0,2018,,detatched_multiFamily
부산광역시 수영구 망미동,2**,전세,34.65,9000,0,2018,망미번영로104번길,detatched_multiFamily
부산광역시 수영구 망미동,4**,월세,35,7000,22,2012,연수로335번길,detatched_multiFamily
부산광역시 수영구 망미동,7**,전세,35.24,4100,0,,연수로240번길,detatched_multiFamily
부산광역시 수영구 망미동,2**,월세,35.55,1500,15,1991,좌수영로101번길,detatched_multiFamily
부산광역시 수영구 망미동,8**,월세,36,200,25,2009,연수로275번길,detatched_multiFamily
부산광역시 수영구 망미동,8**,월세,36,100,24,2009,연수로275번길,detatched_multiFamily
부산광역시 수영구 망미동,9**,전세,37.35,7000,0,1978,금련로31번가길,detatched_multiFamily
부산광역시 수영구 망미동,3**,월세,37.6,300,25,1995,수미로,detatched_multiFamily
부산광역시 수영구 망미동,4**,월세,38.61,500,25,1975,망미번영로55번길,detatched_multiFamily
부산광역시 수영구 망미동,8**,전세,38.79,3000,0,1988,연수로312번길,detatched_multiFamily
부산광역시 수영구 망미동,8**,전세,38.88,4000,0,1989,망미로,detatched_multiFamily
부산광역시 수영구 망미동,산8*,전세,39,2600,0,1975,연수로235번길,detatched_multiFamily
부산광역시 수영구 망미동,2**,월세,39.67,1000,30,1991,망미번영로98번길,detatched_multiFamily
부산광역시 수영구 망미동,7**,전세,39.95,6500,0,1994,금련로21번길,detatched_multiFamily
부산광역시 수영구 망미동,9**,월세,40,100,15,1990,톳고개로,detatched_multiFamily
부산광역시 수영구 망미동,9**,월세,40,2000,10,1990,톳고개로,detatched_multiFamily
부산광역시 수영구 망미동,9**,월세,40,2000,10,1990,,detatched_multiFamily
부산광역시 수영구 망미동,3**,월세,40,500,20,1993,망미번영로88번길,detatched_multiFamily
부산광역시 수영구 망미동,4**,월세,40,300,35,1991,망미번영로63번길,detatched_multiFamily
부산광역시 수영구 망미동,7**,전세,40.73,2500,0,1974,망미로27번길,detatched_multiFamily
부산광역시 수영구 망미동,7**,월세,40.92,2000,10,1992,금련로21번길,detatched_multiFamily
부산광역시 수영구 망미동,7**,전세,40.92,2500,0,1992,,detatched_multiFamily
부산광역시 수영구 망미동,3**,월세,41.82,1000,40,1978,수미로,detatched_multiFamily
부산광역시 수영구 망미동,4**,월세,41.94,2000,25,1977,과정로61번길,detatched_multiFamily
부산광역시 수영구 망미동,1**,전세,42,3000,0,1981,좌수영로167번길,detatched_multiFamily
부산광역시 수영구 망미동,4**,월세,42.58,1000,30,1978,망미배산로36번길,detatched_multiFamily
부산광역시 수영구 망미동,4**,월세,42.71,2500,30,1980,과정로85번길,detatched_multiFamily
부산광역시 수영구 망미동,4**,월세,42.73,8000,10,1993,망미배산로24번길,detatched_multiFamily
부산광역시 수영구 망미동,4**,월세,42.77,500,30,1987,망미배산로48번길,detatched_multiFamily
부산광역시 수영구 망미동,4**,월세,42.77,1000,20,1987,망미배산로48번길,detatched_multiFamily
부산광역시 수영구 망미동,4**,전세,42.9,2500,0,1991,과정로91번길,detatched_multiFamily
부산광역시 수영구 망미동,4**,월세,42.98,1000,25,1995,망미배산로18번길,detatched_multiFamily
부산광역시 수영구 망미동,4**,월세,42.98,1000,20,1987,망미배산로48번길,detatched_multiFamily
부산광역시 수영구 망미동,3**,월세,43,1000,20,1991,수미로13번길,detatched_multiFamily
부산광역시 수영구 망미동,4**,전세,43,5000,0,1991,망미배산로10번길,detatched_multiFamily
부산광역시 수영구 망미동,4**,전세,43,3500,0,1991,과정로91번길,detatched_multiFamily
부산광역시 수영구 망미동,4**,월세,43.17,1000,30,1976,망미배산로30번길,detatched_multiFamily
부산광역시 수영구 망미동,5**,월세,43.97,1500,25,1993,과정로41번길,detatched_multiFamily
부산광역시 수영구 망미동,2**,월세,44.3,2500,20,1996,망미번영로98번길,detatched_multiFamily
부산광역시 수영구 망미동,8**,전세,45.07,10000,0,2017,망미로30번길,detatched_multiFamily
부산광역시 수영구 망미동,8**,전세,45.13,10000,0,1976,연수로302번길,detatched_multiFamily
부산광역시 수영구 망미동,4**,월세,45.27,500,30,1975,과정로55번길,detatched_multiFamily
부산광역시 수영구 망미동,3**,월세,45.32,100,20,1982,망미번영로98번길,detatched_multiFamily
부산광역시 수영구 망미동,7**,월세,46.12,500,25,1993,금련로25번길,detatched_multiFamily
부산광역시 수영구 망미동,7**,월세,46.4,1000,20,1978,연수로240번길,detatched_multiFamily
부산광역시 수영구 망미동,7**,전세,46.5,4500,0,,연수로240번길,detatched_multiFamily
부산광역시 수영구 망미동,4**,월세,46.8,5000,20,2012,망미번영로55번길,detatched_multiFamily
부산광역시 수영구 망미동,2**,전세,47.27,9000,0,1979,구락로,detatched_multiFamily
부산광역시 수영구 망미동,8**,월세,48.69,100,34,,연수로296번길,detatched_multiFamily
부산광역시 수영구 망미동,2**,월세,48.8,2500,26,1976,수미로13번길,detatched_multiFamily
부산광역시 수영구 망미동,7**,월세,49.37,3500,15,1994,망미로21번길,detatched_multiFamily
부산광역시 수영구 망미동,7**,월세,49.5,500,20,1993,망미로21번길,detatched_multiFamily
부산광역시 수영구 망미동,4**,월세,49.59,500,70,1996,망미번영로110번길,detatched_multiFamily
부산광역시 수영구 망미동,4**,월세,49.78,2000,25,1976,망미번영로85번길,detatched_multiFamily
부산광역시 수영구 망미동,5**,월세,50,1000,28,1991,망미번영로110번길,detatched_multiFamily
부산광역시 수영구 망미동,4**,월세,50.01,2000,30,1992,망미배산로10번길,detatched_multiFamily
부산광역시 수영구 망미동,4**,월세,50.25,3000,30,1978,과정로79번길,detatched_multiFamily
부산광역시 수영구 망미동,7**,월세,50.41,200,20,1971,연수로330번길,detatched_multiFamily
부산광역시 수영구 망미동,8**,월세,51.9,6000,10,1976,연수로275번길,detatched_multiFamily
부산광역시 수영구 망미동,3**,월세,52.3,500,25,1975,망미번영로92번길,detatched_multiFamily
부산광역시 수영구 망미동,9**,월세,52.89,1500,24,1995,과정로91번가길,detatched_multiFamily
부산광역시 수영구 망미동,4**,월세,53.16,1000,42,1979,망미번영로55번길,detatched_multiFamily
부산광역시 수영구 망미동,9**,월세,53.39,2000,20,1983,망미배산로48번길,detatched_multiFamily
부산광역시 수영구 망미동,7**,월세,53.74,500,25,1983,금련로7번길,detatched_multiFamily
부산광역시 수영구 망미동,4**,월세,53.8,1500,25,1982,망미번영로85번가길,detatched_multiFamily
부산광역시 수영구 망미동,8**,월세,54,2000,30,1988,연수로276번길,detatched_multiFamily
부산광역시 수영구 망미동,4**,월세,54,500,30,1988,과정로55번길,detatched_multiFamily
부산광역시 수영구 망미동,7**,전세,54.25,5000,0,1971,연수로,detatched_multiFamily
부산광역시 수영구 망미동,8**,월세,54.93,4000,35,,연수로282번길,detatched_multiFamily
부산광역시 수영구 망미동,4**,월세,55.65,2496,18,,과정로61번길,detatched_multiFamily
부산광역시 수영구 망미동,4**,전세,56.2,10000,0,1973,망미배산로10번길,detatched_multiFamily
부산광역시 수영구 망미동,2**,전세,56.25,11000,0,2022,,detatched_multiFamily
부산광역시 수영구 망미동,2**,전세,56.25,11000,0,2022,망미번영로88번길,detatched_multiFamily
부산광역시 수영구 망미동,4**,월세,56.53,2000,40,1979,과정로91번길,detatched_multiFamily
부산광역시 수영구 망미동,8**,전세,56.53,12000,0,1977,연수로269번길,detatched_multiFamily
부산광역시 수영구 망미동,8**,전세,56.53,12000,0,,연수로269번길,detatched_multiFamily
부산광역시 수영구 망미동,1**,월세,57,3000,15,1987,구락로105번길,detatched_multiFamily
부산광역시 수영구 망미동,1**,월세,58.23,1000,27,1981,좌수영로173번길,detatched_multiFamily
부산광역시 수영구 망미동,2**,월세,58.5,5900,29,1979,,detatched_multiFamily
부산광역시 수영구 망미동,9**,전세,58.53,6000,0,1983,망미배산로48번길,detatched_multiFamily
부산광역시 수영구 망미동,3**,월세,58.95,1000,25,1991,수미로13번길,detatched_multiFamily
부산광역시 수영구 망미동,4**,전세,59.48,16000,0,2015,망미번영로85번길,detatched_multiFamily
부산광역시 수영구 망미동,2**,전세,59.5,7000,0,1974,망미번영로88번길,detatched_multiFamily
부산광역시 수영구 망미동,9**,월세,59.53,8000,15,1978,금련로31번가길,detatched_multiFamily
부산광역시 수영구 망미동,8**,월세,59.91,5000,10,2020,연수로302번길,detatched_multiFamily
부산광역시 수영구 망미동,4**,월세,60,3000,29,1977,망미번영로63번길,detatched_multiFamily
부산광역시 수영구 망미동,4**,전세,60,7000,0,1977,과정로79번길,detatched_multiFamily
부산광역시 수영구 망미동,8**,월세,60.1,3000,20,1994,금련로43번길,detatched_multiFamily
부산광역시 수영구 망미동,4**,월세,60.33,1500,25,1977,망미번영로55번길,detatched_multiFamily
부산광역시 수영구 망미동,2**,월세,60.5,300,21,1991,망미번영로98번길,detatched_multiFamily
부산광역시 수영구 망미동,4**,월세,60.91,5000,35,1984,망미배산로10번길,detatched_multiFamily
부산광역시 수영구 망미동,4**,월세,60.91,5000,35,1984,망미배산로10번길,detatched_multiFamily
부산광역시 수영구 망미동,4**,월세,61.11,10000,23,1984,망미번영로55번길,detatched_multiFamily
부산광역시 수영구 망미동,4**,월세,61.22,2000,30,1975,망미번영로85번나길,detatched_multiFamily
부산광역시 수영구 망미동,4**,월세,61.22,2000,30,1975,망미번영로85번나길,detatched_multiFamily
부산광역시 수영구 망미동,4**,월세,61.47,3000,20,1988,과정로42번길,detatched_multiFamily
부산광역시 수영구 망미동,8**,전세,62.08,6500,0,2019,망미로28번길,detatched_multiFamily
부산광역시 수영구 망미동,4**,월세,62.15,1000,47,1978,망미번영로85번길,detatched_multiFamily
부산광역시 수영구 망미동,4**,월세,62.64,2000,25,1983,과정로85번길,detatched_multiFamily
부산광역시 수영구 망미동,4**,월세,62.89,3000,25,1978,과정로61번길,detatched_multiFamily
부산광역시 수영구 망미동,7**,전세,63.3,8500,0,1999,망미로7번길,detatched_multiFamily
부산광역시 수영구 망미동,7**,전세,63.72,8000,0,1990,,detatched_multiFamily
부산광역시 수영구 망미동,2**,월세,65,500,20,1991,망미번영로88번길,detatched_multiFamily
부산광역시 수영구 망미동,2**,월세,65,2000,10,1991,망미번영로88번길,detatched_multiFamily
부산광역시 수영구 망미동,4**,월세,65,3000,40,1991,과정로61번길,detatched_multiFamily
부산광역시 수영구 망미동,3**,전세,65.19,11000,0,1976,망미번영로92번길,detatched_multiFamily
부산광역시 수영구 망미동,2**,월세,65.48,6000,20,1975,수미로63번길,detatched_multiFamily
부산광역시 수영구 망미동,8**,전세,65.79,14000,0,1977,연수로269번길,detatched_multiFamily
부산광역시 수영구 망미동,3**,전세,65.92,10000,0,1976,망미번영로92번길,detatched_multiFamily
부산광역시 수영구 망미동,8**,월세,65.98,4000,29,1990,망미로7번길,detatched_multiFamily
부산광역시 수영구 망미동,3**,월세,66,0,20,1978,수미로25번길,detatched_multiFamily
부산광역시 수영구 망미동,8**,월세,66.12,2000,50,1974,연수로263번길,detatched_multiFamily
부산광역시 수영구 망미동,8**,월세,66.12,6000,20,1973,연수로270번길,detatched_multiFamily
부산광역시 수영구 망미동,8**,월세,66.12,6000,20,1973,연수로270번길,detatched_multiFamily
부산광역시 수영구 망미동,8**,월세,66.12,6000,20,1973,연수로270번길,detatched_multiFamily
부산광역시 수영구 망미동,2**,월세,66.12,1000,55,1974,수미로41번길,detatched_multiFamily
부산광역시 수영구 망미동,4**,전세,66.12,10000,0,1978,망미배산로24번길,detatched_multiFamily
부산광역시 수영구 망미동,8**,월세,66.43,1000,30,1990,연수로,detatched_multiFamily
부산광역시 수영구 망미동,4**,월세,66.61,3000,30,1976,망미번영로85번나길,detatched_multiFamily
부산광역시 수영구 망미동,4**,월세,66.61,500,30,1976,망미번영로85번나길,detatched_multiFamily
부산광역시 수영구 망미동,2**,월세,66.63,13000,15,1991,망미번영로88번길,detatched_multiFamily
부산광역시 수영구 망미동,8**,월세,66.69,3500,30,1994,연수로296번길,detatched_multiFamily
부산광역시 수영구 망미동,8**,월세,66.73,1000,50,1975,연수로264번길,detatched_multiFamily
부산광역시 수영구 망미동,2**,전세,66.78,8500,0,1983,수미로,detatched_multiFamily
부산광역시 수영구 망미동,1**,월세,67.14,2500,30,1986,구락로101번길,detatched_multiFamily
부산광역시 수영구 망미동,8**,전세,67.24,7500,0,1975,망미배산로76번가길,detatched_multiFamily
부산광역시 수영구 망미동,4**,월세,67.56,2000,40,1991,과정로61번길,detatched_multiFamily
부산광역시 수영구 망미동,3**,월세,67.68,2000,30,1990,수미로25번길,detatched_multiFamily
부산광역시 수영구 망미동,7**,월세,68.06,2000,30,1995,망미로7번길,detatched_multiFamily
부산광역시 수영구 망미동,8**,월세,68.43,4000,50,1971,연수로269번길,detatched_multiFamily
부산광역시 수영구 망미동,9**,월세,68.62,1000,30,2000,토곡남로29번길,detatched_multiFamily
부산광역시 수영구 망미동,2**,전세,68.63,6000,0,1977,수미로35번길,detatched_multiFamily
부산광역시 수영구 망미동,4**,전세,68.67,10000,0,1983,과정로79번길,detatched_multiFamily
부산광역시 수영구 망미동,3**,전세,68.93,4000,0,1977,망미번영로92번길,detatched_multiFamily
부산광역시 수영구 망미동,4**,월세,69.3,5000,40,1996,망미번영로110번길,detatched_multiFamily
부산광역시 수영구 망미동,9**,월세,69.54,1000,25,1990,톳고개로,detatched_multiFamily
부산광역시 수영구 망미동,4**,전세,69.6,5250,0,2012,망미번영로63번길,detatched_multiFamily
부산광역시 수영구 망미동,2**,월세,70.02,1000,30,1990,수미로,detatched_multiFamily
부산광역시 수영구 망미동,4**,월세,70.08,8000,20,1979,과정로85번길,detatched_multiFamily
부산광역시 수영구 망미동,9**,전세,71.05,8000,0,1992,망미배산로24번길,detatched_multiFamily
부산광역시 수영구 망미동,3**,전세,71.82,2500,0,1991,망미번영로92번길,detatched_multiFamily
부산광역시 수영구 망미동,8**,전세,72.12,10000,0,1974,연수로241번길,detatched_multiFamily
부산광역시 수영구 망미동,4**,월세,72.45,2000,35,1992,과정로79번길,detatched_multiFamily
부산광역시 수영구 망미동,2**,월세,72.56,4000,30,1980,수미로,detatched_multiFamily
부산광역시 수영구 망미동,4**,월세,72.64,6000,25,1991,망미번영로55번길,detatched_multiFamily
부산광역시 수영구 망미동,3**,월세,72.73,3000,30,1976,망미번영로92번길,detatched_multiFamily
부산광역시 수영구 망미동,1**,전세,73.18,8500,0,1986,구락로101번길,detatched_multiFamily
부산광역시 수영구 망미동,8**,월세,73.36,500,20,1990,망미로22번길,detatched_multiFamily
부산광역시 수영구 망미동,8**,전세,73.6,7000,0,2002,망미로,detatched_multiFamily
부산광역시 수영구 망미동,2**,월세,73.72,500,30,1975,수미로71번길,detatched_multiFamily
부산광역시 수영구 망미동,4**,월세,74.05,6000,35,1978,과정로67번길,detatched_multiFamily
부산광역시 수영구 망미동,3**,월세,74.38,0,35,1977,망미번영로98번길,detatched_multiFamily
부산광역시 수영구 망미동,4**,전세,75.04,15000,0,1976,망미번영로85번나길,detatched_multiFamily
부산광역시 수영구 망미동,3**,전세,75.37,6000,0,1976,망미번영로88번길,detatched_multiFamily
부산광역시 수영구 망미동,4**,월세,75.6,5000,25,1992,망미번영로85번가길,detatched_multiFamily
부산광역시 수영구 망미동,5**,월세,76.32,2000,29,1991,망미번영로110번길,detatched_multiFamily
부산광역시 수영구 망미동,4**,전세,76.68,9000,0,1976,망미번영로63번길,detatched_multiFamily
부산광역시 수영구 망미동,4**,전세,76.68,9000,0,1976,망미번영로63번길,detatched_multiFamily
부산광역시 수영구 망미동,8**,전세,76.69,15000,0,1974,연수로275번길,detatched_multiFamily
부산광역시 수영구 망미동,2**,월세,77.34,2000,40,1991,좌수영로101번길,detatched_multiFamily
부산광역시 수영구 망미동,4**,전세,77.73,12000,0,1995,망미번영로85번나길,detatched_multiFamily
부산광역시 수영구 망미동,4**,전세,77.73,12000,0,1995,망미번영로85번나길,detatched_multiFamily
부산광역시 수영구 망미동,4**,월세,77.75,2500,56,1979,망미배산로48번길,detatched_multiFamily
부산광역시 수영구 망미동,3**,월세,78.85,1500,35,1992,망미번영로92번길,detatched_multiFamily
부산광역시 수영구 망미동,3**,전세,78.85,8000,0,1992,망미번영로92번길,detatched_multiFamily
부산광역시 수영구 망미동,9**,전세,78.92,6000,0,1983,토곡남로,detatched_multiFamily
부산광역시 수영구 망미동,4**,월세,79.08,2000,50,1983,과정로55번길,detatched_multiFamily
부산광역시 수영구 망미동,9**,월세,79.17,1000,20,1984,토곡남로34번길,detatched_multiFamily
부산광역시 수영구 망미동,8**,전세,79.34,10000,0,1976,망미로8번길,detatched_multiFamily
부산광역시 수영구 망미동,7**,월세,79.67,1500,22,1978,망미로22번길,detatched_multiFamily
부산광역시 수영구 망미동,2**,월세,79.78,1000,26,1989,구락로81번길,detatched_multiFamily
부산광역시 수영구 망미동,4**,월세,80.28,5500,10,1977,과정로15번길,detatched_multiFamily
부산광역시 수영구 망미동,4**,월세,80.28,7000,20,1977,과정로15번길,detatched_multiFamily
부산광역시 수영구 망미동,2**,전세,81.08,12000,0,1996,수미로,detatched_multiFamily
부산광역시 수영구 망미동,9**,전세,81.77,12000,0,1983,망미배산로48번길,detatched_multiFamily
부산광역시 수영구 망미동,4**,월세,81.85,1000,50,1977,과정로79번길,detatched_multiFamily
부산광역시 수영구 망미동,4**,전세,81.92,8000,0,2017,망미번영로55번길,detatched_multiFamily
부산광역시 수영구 망미동,4**,전세,81.92,9000,0,2017,망미번영로55번길,detatched_multiFamily
부산광역시 수영구 망미동,4**,전세,81.92,6000,0,2017,망미번영로55번길,detatched_multiFamily
부산광역시 수영구 망미동,4**,월세,81.98,3000,30,1978,망미배산로10번길,detatched_multiFamily
부산광역시 수영구 망미동,3**,월세,82.41,500,20,1990,수미로13번길,detatched_multiFamily
부산광역시 수영구 망미동,2**,월세,82.78,5900,29,1979,,detatched_multiFamily
부산광역시 수영구 망미동,2**,전세,84.29,12000,0,1984,구락로81번길,detatched_multiFamily
부산광역시 수영구 망미동,8**,월세,85,1000,50,1991,연수로275번길,detatched_multiFamily
부산광역시 수영구 망미동,8**,월세,85.42,3000,40,1990,망미배산로70번다길,detatched_multiFamily
부산광역시 수영구 망미동,4**,전세,85.87,7000,0,1994,과정로73번길,detatched_multiFamily
부산광역시 수영구 망미동,9**,월세,88.99,1500,30,1990,톳고개로,detatched_multiFamily
부산광역시 수영구 망미동,2**,월세,90.25,8000,30,2000,수미로,detatched_multiFamily
부산광역시 수영구 망미동,2**,월세,90.6,6000,20,1990,좌수영로101번길,detatched_multiFamily
부산광역시 수영구 망미동,8**,월세,91.14,3000,50,1978,연수로,detatched_multiFamily
부산광역시 수영구 망미동,1**,월세,91.25,3000,20,,구락로105번길,detatched_multiFamily
부산광역시 수영구 망미동,4***,월세,95.11,14000,30,,,detatched_multiFamily
부산광역시 수영구 망미동,4**,전세,95.11,21000,0,2016,과정로5번길,detatched_multiFamily
부산광역시 수영구 망미동,4**,전세,96.3,8000,0,1991,과정로91번길,detatched_multiFamily
부산광역시 수영구 망미동,9**,전세,96.92,5000,0,1993,과정로85번길,detatched_multiFamily
부산광역시 수영구 망미동,9**,월세,98.12,7000,20,1983,과정로91번가길,detatched_multiFamily
부산광역시 수영구 망미동,8**,월세,98.57,7000,11,1984,연수로,detatched_multiFamily
부산광역시 수영구 망미동,2**,월세,99.06,500,28,1987,좌수영로,detatched_multiFamily
부산광역시 수영구 망미동,2**,월세,99.17,3000,30,1975,망미번영로92번길,detatched_multiFamily
부산광역시 수영구 망미동,8**,월세,100.16,1000,30,1975,연수로,detatched_multiFamily
부산광역시 수영구 망미동,5**,전세,101.43,15000,0,1992,망미배산로48번길,detatched_multiFamily
부산광역시 수영구 망미동,4**,전세,102.33,11500,0,1988,과정로30번길,detatched_multiFamily
부산광역시 수영구 망미동,8**,전세,118.08,16000,0,1977,연수로270번길,detatched_multiFamily
부산광역시 수영구 망미동,1**,월세,118.28,1000,20,1988,좌수영로173번길,detatched_multiFamily
부산광역시 수영구 망미동,9**,월세,123.13,6000,30,1993,과정로85번길,detatched_multiFamily
부산광역시 수영구 망미동,9**,전세,127.9,10000,0,1990,토곡남로34번길,detatched_multiFamily
부산광역시 수영구 망미동,4**,월세,129.07,2000,20,1982,망미번영로85번가길,detatched_multiFamily
부산광역시 수영구 망미동,8**,월세,129.75,2000,65,1981,망미로8번길,detatched_multiFamily
부산광역시 수영구 망미동,3**,월세,131.57,2000,60,1979,수미로,detatched_multiFamily
부산광역시 수영구 망미동,4**,월세,135.26,500,29,2014,과정로,detatched_multiFamily
부산광역시 수영구 망미동,4**,월세,135.62,3000,30,1996,망미번영로110번길,detatched_multiFamily
부산광역시 수영구 망미동,2**,월세,141.19,500,30,1979,구락로,detatched_multiFamily
부산광역시 수영구 망미동,8**,월세,144,2500,40,1988,망미배산로70번길,detatched_multiFamily
부산광역시 수영구 망미동,4**,월세,145.75,5000,15,1983,과정로56번길,detatched_multiFamily
부산광역시 수영구 망미동,4**,월세,163,7000,5,1979,망미배산로10번길,detatched_multiFamily
부산광역시 수영구 망미동,4**,월세,168.81,2500,30,1995,망미번영로85번나길,detatched_multiFamily
부산광역시 수영구 망미동,4**,월세,168.81,3000,15,1995,망미번영로85번나길,detatched_multiFamily
부산광역시 수영구 망미동,8**,월세,212,500,38,1973,망미배산로76번가길,detatched_multiFamily
부산광역시 수영구 민락동,2**,월세,12.22,100,20,,광안해변로277번길,detatched_multiFamily
부산광역시 수영구 민락동,2**,월세,13,100,15,,광안해변로277번길,detatched_multiFamily
부산광역시 수영구 민락동,2**,월세,13.22,1800,13,,민락로34번길,detatched_multiFamily
부산광역시 수영구 민락동,2**,월세,13.22,100,20,,광안해변로277번길,detatched_multiFamily
부산광역시 수영구 민락동,2**,월세,13.22,500,25,,광안해변로277번길,detatched_multiFamily
부산광역시 수영구 민락동,2**,월세,13.22,200,25,,광안해변로277번길,detatched_multiFamily
부산광역시 수영구 민락동,2**,월세,13.22,3000,5,,민락로34번길,detatched_multiFamily
부산광역시 수영구 민락동,2*,월세,15,300,25,2010,민락본동로19번길,detatched_multiFamily
부산광역시 수영구 민락동,3*,월세,15,100,33,2011,민락본동로27번길,detatched_multiFamily
부산광역시 수영구 민락동,3*,월세,16.5,30,30,1988,민락본동로11번길,detatched_multiFamily
부산광역시 수영구 민락동,7**,월세,16.5,1000,10,1990,광안로61번길,detatched_multiFamily
부산광역시 수영구 민락동,7**,월세,19.08,1000,35,2001,광안로61번길,detatched_multiFamily
부산광역시 수영구 민락동,4*,전세,19.23,5000,0,2012,,detatched_multiFamily
부산광역시 수영구 민락동,1**,월세,19.8,200,20,,광안해변로277번길,detatched_multiFamily
부산광역시 수영구 민락동,1**,월세,19.83,1000,40,2017,감포로72번길,detatched_multiFamily
부산광역시 수영구 민락동,3*,월세,20,1000,35,1971,민락로34번길,detatched_multiFamily
부산광역시 수영구 민락동,7**,월세,20,1000,45,2001,광안로61번길,detatched_multiFamily
부산광역시 수영구 민락동,1**,전세,20,8000,0,2018,무학로64번길,detatched_multiFamily
부산광역시 수영구 민락동,1**,전세,20,4000,0,2017,감포로72번길,detatched_multiFamily
부산광역시 수영구 민락동,1**,월세,20.97,5000,10,2018,무학로64번길,detatched_multiFamily
부산광역시 수영구 민락동,1**,월세,20.97,1000,35,2018,무학로64번길,detatched_multiFamily
부산광역시 수영구 민락동,7**,월세,20.99,1000,45,2001,광안로61번길,detatched_multiFamily
부산광역시 수영구 민락동,7**,월세,20.99,2000,39,2001,광안로61번길,detatched_multiFamily
부산광역시 수영구 민락동,1**,전세,21.01,9000,0,2018,무학로63번길,detatched_multiFamily
부산광역시 수영구 민락동,2**,월세,22.54,500,25,1977,민락로14번길,detatched_multiFamily
부산광역시 수영구 민락동,1**,전세,22.63,5000,0,2018,무학로64번길,detatched_multiFamily
부산광역시 수영구 민락동,1*,전세,23,4700,0,2012,민락본동로27번길,detatched_multiFamily
부산광역시 수영구 민락동,2*,월세,23.1,400,42,2018,민락본동로31번길,detatched_multiFamily
부산광역시 수영구 민락동,7**,월세,23.14,500,60,2001,광안로61번길,detatched_multiFamily
부산광역시 수영구 민락동,2**,월세,24,3000,20,1998,광안해변로277번길,detatched_multiFamily
부산광역시 수영구 민락동,2*,월세,24.57,100,30,1978,광안해변로307번길,detatched_multiFamily
부산광역시 수영구 민락동,5*,월세,26.4,1500,25,,민락본동로,detatched_multiFamily
부산광역시 수영구 민락동,1**,전세,26.4,3000,0,1993,무학로64번길,detatched_multiFamily
부산광역시 수영구 민락동,1**,전세,28,9000,0,2018,무학로63번길,detatched_multiFamily
부산광역시 수영구 민락동,1**,전세,28,6000,0,,광안해변로277번길,detatched_multiFamily
부산광역시 수영구 민락동,4*,전세,29.46,5000,0,2012,광남로223번길,detatched_multiFamily
부산광역시 수영구 민락동,1**,월세,29.7,1000,45,1978,광안해변로255번길,detatched_multiFamily
부산광역시 수영구 민락동,1**,전세,29.7,5000,0,2018,무학로64번길,detatched_multiFamily
부산광역시 수영구 민락동,1**,전세,30,4000,0,1974,감포로48번길,detatched_multiFamily
부산광역시 수영구 민락동,3*,월세,30.71,1000,30,1974,광안해변로307번길,detatched_multiFamily
부산광역시 수영구 민락동,2*,월세,31.77,1000,48,2018,민락본동로31번길,detatched_multiFamily
부산광역시 수영구 민락동,2*,월세,31.77,1000,45,2018,민락본동로31번길,detatched_multiFamily
부산광역시 수영구 민락동,4*,월세,33,3000,40,1975,민락본동로,detatched_multiFamily
부산광역시 수영구 민락동,1**,월세,33,500,30,1992,민락로28번길,detatched_multiFamily
부산광역시 수영구 민락동,3*,월세,33,1200,23,1978,광안해변로295번길,detatched_multiFamily
부산광역시 수영구 민락동,2**,월세,33,200,15,,민락로12번길,detatched_multiFamily
부산광역시 수영구 민락동,4*,월세,33,300,25,1974,민락본동로,detatched_multiFamily
부산광역시 수영구 민락동,3*,월세,33.82,30,30,1988,민락본동로11번길,detatched_multiFamily
부산광역시 수영구 민락동,2**,월세,34.96,300,30,,광안해변로277번길,detatched_multiFamily
부산광역시 수영구 민락동,2**,월세,35.89,1000,20,2005,민락로34번길,detatched_multiFamily
부산광역시 수영구 민락동,2**,월세,36.3,300,15,,민락로34번길,detatched_multiFamily
부산광역시 수영구 민락동,1**,월세,36.79,2000,20,1976,민락로28번길,detatched_multiFamily
부산광역시 수영구 민락동,3*,월세,38,4000,30,1992,민락본동로27번길,detatched_multiFamily
부산광역시 수영구 민락동,1**,전세,39.34,6000,0,2016,,detatched_multiFamily
부산광역시 수영구 민락동,1**,전세,39.5,10000,0,1972,무학로63번길,detatched_multiFamily
부산광역시 수영구 민락동,2**,월세,39.6,100,13,,민락로12번길,detatched_multiFamily
부산광역시 수영구 민락동,2**,월세,39.6,100,20,,민락로34번길,detatched_multiFamily
부산광역시 수영구 민락동,1**,월세,40,400,25,1991,민락로19번길,detatched_multiFamily
부산광역시 수영구 민락동,7**,월세,40,2000,20,,광안로61번가길,detatched_multiFamily
부산광역시 수영구 민락동,1**,월세,40,1000,20,1989,감포로38번길,detatched_multiFamily
부산광역시 수영구 민락동,1*,월세,40,500,20,1978,민락본동로27번길,detatched_multiFamily
부산광역시 수영구 민락동,1**,전세,40.38,35000,0,,민락수변로,detatched_multiFamily
부산광역시 수영구 민락동,2**,전세,41.61,7500,0,1997,민락로12번길,detatched_multiFamily
부산광역시 수영구 민락동,2**,전세,41.61,6500,0,1997,민락로12번길,detatched_multiFamily
부산광역시 수영구 민락동,1**,월세,42.75,600,25,1991,무학로64번길,detatched_multiFamily
부산광역시 수영구 민락동,2*,월세,42.9,4000,20,1977,민락본동로19번길,detatched_multiFamily
부산광역시 수영구 민락동,3*,월세,42.98,1000,30,1988,민락본동로11번길,detatched_multiFamily
부산광역시 수영구 민락동,3*,월세,43.76,1000,40,1979,광안해변로295번길,detatched_multiFamily
부산광역시 수영구 민락동,1**,월세,45,2500,10,1991,무학로64번길,detatched_multiFamily
부산광역시 수영구 민락동,3*,월세,46.2,100,20,1983,민락본동로11번길,detatched_multiFamily
부산광역시 수영구 민락동,7**,월세,46.28,300,20,1998,광안로61번나길,detatched_multiFamily
부산광역시 수영구 민락동,1**,전세,47,1000,0,,광안해변로277번길,detatched_multiFamily
부산광역시 수영구 민락동,5*,월세,47.11,3000,30,,민락본동로,detatched_multiFamily
부산광역시 수영구 민락동,2*,월세,48.1,200,40,1970,민락본동로11번길,detatched_multiFamily
부산광역시 수영구 민락동,1**,월세,48.11,500,35,1973,감포로,detatched_multiFamily
부산광역시 수영구 민락동,1**,월세,49.5,200,25,,광안해변로277번길,detatched_multiFamily
부산광역시 수영구 민락동,1**,전세,49.54,7000,0,1984,민락본동로11번길,detatched_multiFamily
부산광역시 수영구 민락동,7**,월세,49.59,500,28,,광안로61번나길,detatched_multiFamily
부산광역시 수영구 민락동,2**,월세,49.59,500,25,1998,광안해변로277번길,detatched_multiFamily
부산광역시 수영구 민락동,2**,월세,50.92,500,30,1997,광안해변로277번길,detatched_multiFamily
부산광역시 수영구 민락동,1**,월세,52.8,100,22,,광안해변로277번길,detatched_multiFamily
부산광역시 수영구 민락동,5*,전세,52.88,6000,0,1990,민락본동로,detatched_multiFamily
부산광역시 수영구 민락동,2**,전세,53.1,11000,0,1997,광안해변로277번길,detatched_multiFamily
부산광역시 수영구 민락동,2**,전세,53.1,11000,0,1997,광안해변로277번길,detatched_multiFamily
부산광역시 수영구 민락동,2**,전세,53.1,8000,0,1997,광안해변로277번길,detatched_multiFamily
부산광역시 수영구 민락동,2**,전세,53.1,10500,0,1997,광안해변로277번길,detatched_multiFamily
부산광역시 수영구 민락동,2**,전세,53.1,11000,0,1997,광안해변로277번길,detatched_multiFamily
부산광역시 수영구 민락동,2**,전세,53.1,8000,0,1997,광안해변로277번길,detatched_multiFamily
부산광역시 수영구 민락동,2**,전세,53.24,4000,0,1997,민락로12번길,detatched_multiFamily
부산광역시 수영구 민락동,2**,전세,53.24,5000,0,1997,민락로12번길,detatched_multiFamily
부산광역시 수영구 민락동,1**,월세,53.95,6000,65,1978,감포로88번길,detatched_multiFamily
부산광역시 수영구 민락동,1**,월세,57.36,2000,30,1976,감포로38번길,detatched_multiFamily
부산광역시 수영구 민락동,1**,전세,58.09,9500,0,1993,무학로64번길,detatched_multiFamily
부산광역시 수영구 민락동,1**,전세,58.98,2000,0,1997,광안해변로277번길,detatched_multiFamily
부산광역시 수영구 민락동,2**,전세,59,7000,0,,광안해변로277번길,detatched_multiFamily
부산광역시 수영구 민락동,1**,월세,59.4,500,25,1992,민락로28번길,detatched_multiFamily
부산광역시 수영구 민락동,1**,월세,59.4,3000,35,1977,민락로14번길,detatched_multiFamily
부산광역시 수영구 민락동,1**,월세,59.4,1500,35,1980,광남로,detatched_multiFamily
부산광역시 수영구 민락동,5*,월세,59.4,1000,50,1990,민락본동로,detatched_multiFamily
부산광역시 수영구 민락동,2*,월세,59.4,500,32,1992,민락본동로19번길,detatched_multiFamily
부산광역시 수영구 민락동,5*,전세,59.4,6000,0,1990,민락본동로,detatched_multiFamily
부산광역시 수영구 민락동,5*,전세,59.4,7500,0,1990,민락본동로,detatched_multiFamily
부산광역시 수영구 민락동,1**,월세,59.5,2500,25,1969,무학로63번길,detatched_multiFamily
부산광역시 수영구 민락동,1**,월세,59.64,2000,30,1980,광남로,detatched_multiFamily
부산광역시 수영구 민락동,7**,월세,59.9,9500,13,,,detatched_multiFamily
부산광역시 수영구 민락동,7**,월세,60,500,75,,광안로61번가길,detatched_multiFamily
부산광역시 수영구 민락동,2*,월세,60,8000,13,1991,광남로258번길,detatched_multiFamily
부산광역시 수영구 민락동,1**,월세,60.99,2000,70,1977,민락로33번길,detatched_multiFamily
부산광역시 수영구 민락동,4*,전세,64.1,10000,0,1975,민락본동로,detatched_multiFamily
부산광역시 수영구 민락동,3*,월세,64.58,5000,30,1984,감포로8번길,detatched_multiFamily
부산광역시 수영구 민락동,1**,월세,66,0,100,,광안해변로294번길,detatched_multiFamily
부산광역시 수영구 민락동,2*,전세,66,6000,0,2001,광안해변로307번길,detatched_multiFamily
부산광역시 수영구 민락동,1**,전세,67.89,7000,0,1992,무학로63번길,detatched_multiFamily
부산광역시 수영구 민락동,1*,전세,69.33,10000,0,1984,민락본동로31번길,detatched_multiFamily
부산광역시 수영구 민락동,1**,전세,70.59,10000,0,1992,무학로63번길,detatched_multiFamily
부산광역시 수영구 민락동,7**,월세,73.12,500,70,1998,광안로61번나길,detatched_multiFamily
부산광역시 수영구 민락동,7**,월세,73.12,1000,60,1998,,detatched_multiFamily
부산광역시 수영구 민락동,1**,월세,73.99,10000,20,2021,무학로69번길,detatched_multiFamily
부산광역시 수영구 민락동,1**,전세,74.12,13000,0,,무학로63번길,detatched_multiFamily
부산광역시 수영구 민락동,1**,월세,74.43,5000,25,1985,감포로48번길,detatched_multiFamily
부산광역시 수영구 민락동,1**,전세,74.43,12000,0,1985,감포로48번길,detatched_multiFamily
부산광역시 수영구 민락동,1**,월세,79.35,500,43,2017,감포로72번길,detatched_multiFamily
부산광역시 수영구 민락동,1**,전세,79.35,5000,0,2017,감포로72번길,detatched_multiFamily
부산광역시 수영구 민락동,1**,월세,79.55,10000,40,2021,무학로69번길,detatched_multiFamily
부산광역시 수영구 민락동,3*,월세,80.08,300,35,2011,민락본동로27번길,detatched_multiFamily
부산광역시 수영구 민락동,1**,월세,81.1,2000,20,1991,감포로,detatched_multiFamily
부산광역시 수영구 민락동,1**,월세,84.02,2000,30,2018,무학로63번길,detatched_multiFamily
부산광역시 수영구 민락동,1**,월세,92.17,1000,60,1986,광안해변로277번길,detatched_multiFamily
부산광역시 수영구 민락동,1*,전세,92.94,5000,0,2012,민락본동로27번길,detatched_multiFamily
부산광역시 수영구 민락동,1*,전세,96.62,5500,0,,,detatched_multiFamily
부산광역시 수영구 민락동,1**,전세,98.08,30000,0,1977,민락로14번길,detatched_multiFamily
부산광역시 수영구 민락동,1**,전세,98.18,20000,0,2015,민락로27번길,detatched_multiFamily
부산광역시 수영구 민락동,3*,전세,107.79,13500,0,1996,광안해변로295번길,detatched_multiFamily
부산광역시 수영구 민락동,3*,월세,115.18,500,45,2010,민락본동로31번길,detatched_multiFamily
부산광역시 수영구 민락동,3*,월세,125,100,20,1978,민락본동로19번길,detatched_multiFamily
부산광역시 수영구 민락동,1**,월세,125.26,300,30,1993,무학로64번길,detatched_multiFamily
부산광역시 수영구 민락동,1**,월세,132,2000,50,1980,광남로,detatched_multiFamily
부산광역시 수영구 민락동,1**,월세,141.9,1500,60,1988,광남로,detatched_multiFamily
부산광역시 수영구 민락동,1**,월세,141.94,1000,40,1974,감포로,detatched_multiFamily
부산광역시 수영구 민락동,1**,월세,141.94,1000,40,1974,감포로,detatched_multiFamily
부산광역시 수영구 수영동,1**,월세,10,0,10,1978,수영성로8번길,detatched_multiFamily
부산광역시 수영구 수영동,4**,월세,12,200,25,1989,수미로50번길,detatched_multiFamily
부산광역시 수영구 수영동,4**,월세,15,50,20,1977,연수로415번길,detatched_multiFamily
부산광역시 수영구 수영동,4**,월세,15,1000,40,1978,수미로26번길,detatched_multiFamily
부산광역시 수영구 수영동,*,월세,16,100,13,1978,수영성로13번길,detatched_multiFamily
부산광역시 수영구 수영동,4**,월세,16.3,100,12,1977,연수로415번길,detatched_multiFamily
부산광역시 수영구 수영동,4**,월세,16.42,500,30,1979,구락로,detatched_multiFamily
부산광역시 수영구 수영동,5**,월세,17.2,200,18,1978,구락로5번길,detatched_multiFamily
부산광역시 수영구 수영동,4**,월세,18,1000,40,1988,구락로43번길,detatched_multiFamily
부산광역시 수영구 수영동,4**,월세,18.55,200,13,2019,망미번영로74번길,detatched_multiFamily
부산광역시 수영구 수영동,4**,월세,19,500,28,1973,수미로50번길,detatched_multiFamily
부산광역시 수영구 수영동,1*,월세,19,1500,50,1993,수영성로,detatched_multiFamily
부산광역시 수영구 수영동,4**,월세,20,100,33,2002,망미번영로52번길,detatched_multiFamily
부산광역시 수영구 수영동,1**,전세,20,4000,0,2017,수영성로,detatched_multiFamily
부산광역시 수영구 수영동,1**,월세,22.5,2200,10,,수영성로,detatched_multiFamily
부산광역시 수영구 수영동,4**,월세,22.52,1000,20,1996,망미번영로,detatched_multiFamily
부산광역시 수영구 수영동,4**,월세,23,0,18,1975,구락로25번가길,detatched_multiFamily
부산광역시 수영구 수영동,1**,월세,23,500,40,1972,구락로43번길,detatched_multiFamily
부산광역시 수영구 수영동,5*,월세,23,2000,18,1983,수영성로27번길,detatched_multiFamily
부산광역시 수영구 수영동,4**,월세,23,500,30,2010,망미번영로70번길,detatched_multiFamily
부산광역시 수영구 수영동,4*,전세,23,4000,0,2010,수영로705번길,detatched_multiFamily
부산광역시 수영구 수영동,4**,전세,23,6000,0,2017,수미로50번가길,detatched_multiFamily
부산광역시 수영구 수영동,8*,월세,23.8,500,20,1977,수영성로,detatched_multiFamily
부산광역시 수영구 수영동,4**,월세,23.9,1000,23,2017,수미로50번가길,detatched_multiFamily
부산광역시 수영구 수영동,4**,전세,25,7000,0,1983,수미로42번길,detatched_multiFamily
부산광역시 수영구 수영동,4**,월세,26,200,30,1994,구락로43번가길,detatched_multiFamily
부산광역시 수영구 수영동,1**,월세,26.4,300,25,1973,수영성로26번길,detatched_multiFamily
부산광역시 수영구 수영동,3**,월세,26.44,300,20,1994,수미로26번길,detatched_multiFamily
부산광역시 수영구 수영동,1**,월세,26.45,1000,20,,수영성로26번길,detatched_multiFamily
부산광역시 수영구 수영동,5*,월세,27,2000,10,1983,망미번영로70번길,detatched_multiFamily
부산광역시 수영구 수영동,4**,월세,27,300,30,2012,연수로401번길,detatched_multiFamily
부산광역시 수영구 수영동,4**,전세,27,5000,0,1978,구락로,detatched_multiFamily
부산광역시 수영구 수영동,1**,월세,27.54,2500,3,1976,수영성로,detatched_multiFamily
부산광역시 수영구 수영동,4**,월세,27.83,200,34,2010,망미번영로52번길,detatched_multiFamily
부산광역시 수영구 수영동,8*,월세,28,3000,25,1977,수영성로,detatched_multiFamily
부산광역시 수영구 수영동,1**,월세,28.57,200,20,1985,수영성로8번길,detatched_multiFamily
부산광역시 수영구 수영동,1**,월세,28.8,500,30,1994,수영성로,detatched_multiFamily
부산광역시 수영구 수영동,4**,월세,29,500,23,1987,구락로25번길,detatched_multiFamily
부산광역시 수영구 수영동,1**,전세,29.75,10000,0,2020,수영성로8번길,detatched_multiFamily
부산광역시 수영구 수영동,4**,월세,31,40,18,1976,구락로43번가길,detatched_multiFamily
부산광역시 수영구 수영동,4**,월세,31.2,5000,10,1992,구락로43번가길,detatched_multiFamily
부산광역시 수영구 수영동,4**,월세,32.47,5500,35,2018,망미번영로52번길,detatched_multiFamily
부산광역시 수영구 수영동,4**,월세,32.6,3000,20,1991,수미로50번길,detatched_multiFamily
부산광역시 수영구 수영동,3**,월세,33.06,100,11,,망미번영로70번길,detatched_multiFamily
부산광역시 수영구 수영동,4**,월세,33.44,1000,60,1990,망미번영로60번길,detatched_multiFamily
부산광역시 수영구 수영동,4**,월세,34,3000,20,1991,연수로369번길,detatched_multiFamily
부산광역시 수영구 수영동,4**,월세,35.08,300,37,,망미번영로52번길,detatched_multiFamily
부산광역시 수영구 수영동,3*,전세,35.32,9000,0,2018,수영성로27번길,detatched_multiFamily
부산광역시 수영구 수영동,1**,월세,35.75,500,25,1991,수영성로26번길,detatched_multiFamily
부산광역시 수영구 수영동,4**,월세,36,500,20,1989,수미로,detatched_multiFamily
부산광역시 수영구 수영동,1**,월세,36,300,25,1986,수영성로32번길,detatched_multiFamily
부산광역시 수영구 수영동,4**,전세,36,4000,0,1971,연수로385번길,detatched_multiFamily
부산광역시 수영구 수영동,1**,월세,36.6,3000,20,1982,구락로43번길,detatched_multiFamily
부산광역시 수영구 수영동,5**,전세,36.88,5000,0,1995,구락로10번길,detatched_multiFamily
부산광역시 수영구 수영동,5**,월세,38,1000,25,1987,수영성로3번길,detatched_multiFamily
부산광역시 수영구 수영동,4**,월세,38.3,100,20,1977,구락로25번가길,detatched_multiFamily
부산광역시 수영구 수영동,4**,월세,38.36,12000,20,2018,,detatched_multiFamily
부산광역시 수영구 수영동,1*,월세,38.75,300,30,1993,수영성로,detatched_multiFamily
부산광역시 수영구 수영동,4**,월세,39,500,20,1992,구락로25번길,detatched_multiFamily
부산광역시 수영구 수영동,1**,월세,39.19,500,30,1989,수영성로8번길,detatched_multiFamily
부산광역시 수영구 수영동,4**,전세,41,10000,0,1979,,detatched_multiFamily
부산광역시 수영구 수영동,4**,월세,41.42,1000,40,1978,연수로415번길,detatched_multiFamily
부산광역시 수영구 수영동,4**,월세,42,1000,25,1992,구락로43번가길,detatched_multiFamily
부산광역시 수영구 수영동,4**,월세,42.4,500,30,1996,수미로36번길,detatched_multiFamily
부산광역시 수영구 수영동,3**,월세,43,500,30,1994,망미번영로70번길,detatched_multiFamily
부산광역시 수영구 수영동,4**,월세,43.27,4000,5,1976,망미번영로70번길,detatched_multiFamily
부산광역시 수영구 수영동,4**,월세,43.38,1500,30,1996,망미번영로74번길,detatched_multiFamily
부산광역시 수영구 수영동,4**,월세,43.84,3000,7,1986,구락로43번가길,detatched_multiFamily
부산광역시 수영구 수영동,4**,월세,44,200,20,1981,수미로50번길,detatched_multiFamily
부산광역시 수영구 수영동,4**,월세,44.07,2000,20,1994,구락로25번길,detatched_multiFamily
부산광역시 수영구 수영동,4**,월세,44.46,300,28,1994,망미번영로52번길,detatched_multiFamily
부산광역시 수영구 수영동,4**,월세,45,2000,77,1974,수영로705번길,detatched_multiFamily
부산광역시 수영구 수영동,1**,전세,46.94,2000,0,1971,수영성로26번길,detatched_multiFamily
부산광역시 수영구 수영동,1**,월세,48,200,30,1991,수영성로26번길,detatched_multiFamily
부산광역시 수영구 수영동,4**,월세,48,1000,23,1988,구락로,detatched_multiFamily
부산광역시 수영구 수영동,4**,월세,48.6,3000,30,1983,수미로50번가길,detatched_multiFamily
부산광역시 수영구 수영동,4**,월세,48.86,1000,25,1988,연수로369번길,detatched_multiFamily
부산광역시 수영구 수영동,4**,월세,48.9,1500,23,1995,구락로57번길,detatched_multiFamily
부산광역시 수영구 수영동,4**,전세,48.96,13000,0,1976,수미로36번길,detatched_multiFamily
부산광역시 수영구 수영동,4**,월세,49,500,28,1992,구락로25번길,detatched_multiFamily
부산광역시 수영구 수영동,1*,월세,49,2000,25,1989,수영성로13번길,detatched_multiFamily
부산광역시 수영구 수영동,4**,월세,49.51,6000,15,1972,망미번영로52번길,detatched_multiFamily
부산광역시 수영구 수영동,4**,월세,50,50,20,1985,수미로14번길,detatched_multiFamily
부산광역시 수영구 수영동,4**,월세,51,3500,40,1979,구락로25번길,detatched_multiFamily
부산광역시 수영구 수영동,4**,월세,51.2,1000,65,1990,망미번영로60번길,detatched_multiFamily
부산광역시 수영구 수영동,4**,월세,51.65,500,25,1996,구락로,detatched_multiFamily
부산광역시 수영구 수영동,4**,월세,51.68,2000,15,,연수로379번길,detatched_multiFamily
부산광역시 수영구 수영동,4**,월세,52.85,2000,40,1979,수미로,detatched_multiFamily
부산광역시 수영구 수영동,4**,월세,52.89,5000,13,1983,구락로43번가길,detatched_multiFamily
부산광역시 수영구 수영동,4**,전세,53.55,10300,0,1983,망미번영로70번길,detatched_multiFamily
부산광역시 수영구 수영동,4**,월세,54,4000,20,1988,수미로,detatched_multiFamily
부산광역시 수영구 수영동,9*,월세,55.3,2000,30,1984,수영성로,detatched_multiFamily
부산광역시 수영구 수영동,4**,월세,55.56,500,42,1988,수미로,detatched_multiFamily
부산광역시 수영구 수영동,1**,월세,56.63,4000,30,,수영성로,detatched_multiFamily
부산광역시 수영구 수영동,5**,전세,57,6000,0,1978,,detatched_multiFamily
부산광역시 수영구 수영동,4**,월세,58.5,6000,20,1995,망미번영로70번길,detatched_multiFamily
부산광역시 수영구 수영동,4**,월세,59,7000,20,1993,수미로58번길,detatched_multiFamily
부산광역시 수영구 수영동,4**,월세,59.04,2000,40,1984,수미로36번길,detatched_multiFamily
부산광역시 수영구 수영동,4**,전세,59.21,12000,0,1978,구락로,detatched_multiFamily
부산광역시 수영구 수영동,4**,전세,59.21,12000,0,1978,구락로,detatched_multiFamily
부산광역시 수영구 수영동,4**,전세,60,9000,0,2010,망미번영로52번길,detatched_multiFamily
부산광역시 수영구 수영동,3**,월세,61.1,200,30,1992,수미로26번길,detatched_multiFamily
부산광역시 수영구 수영동,4**,전세,61.38,14000,0,1984,구락로,detatched_multiFamily
부산광역시 수영구 수영동,3*,월세,61.98,10000,20,2018,수영성로27번길,detatched_multiFamily
부산광역시 수영구 수영동,4**,전세,62.6,10000,0,1983,수미로42번길,detatched_multiFamily
부산광역시 수영구 수영동,4**,월세,62.81,5000,50,1974,수미로,detatched_multiFamily
부산광역시 수영구 수영동,4**,월세,63.14,6000,20,1976,수미로14번길,detatched_multiFamily
부산광역시 수영구 수영동,4**,월세,63.27,6000,20,1976,수미로14번길,detatched_multiFamily
부산광역시 수영구 수영동,4**,전세,63.8,13000,0,1973,연수로357번길,detatched_multiFamily
부산광역시 수영구 수영동,4**,전세,64.48,10000,0,2014,연수로357번길,detatched_multiFamily
부산광역시 수영구 수영동,8*,월세,65,2000,28,,수영성로,detatched_multiFamily
부산광역시 수영구 수영동,4**,전세,66,12600,0,1988,수미로,detatched_multiFamily
부산광역시 수영구 수영동,1**,월세,66.64,100,20,1988,수영성로,detatched_multiFamily
부산광역시 수영구 수영동,1**,월세,66.7,9000,6,1981,구락로43번길,detatched_multiFamily
부산광역시 수영구 수영동,4**,월세,67.5,7000,40,1989,망미번영로52번길,detatched_multiFamily
부산광역시 수영구 수영동,4**,월세,67.5,7000,40,1989,망미번영로52번길,detatched_multiFamily
부산광역시 수영구 수영동,1**,월세,67.66,9000,10,1996,수미로50번길,detatched_multiFamily
부산광역시 수영구 수영동,3**,전세,70,15000,0,1986,망미번영로74번길,detatched_multiFamily
부산광역시 수영구 수영동,4**,월세,71.5,2800,28,1977,망미번영로74번길,detatched_multiFamily
부산광역시 수영구 수영동,5**,월세,75.5,2000,70,1979,수영로725번길,detatched_multiFamily
부산광역시 수영구 수영동,3**,월세,75.86,5800,28,1993,수미로26번길,detatched_multiFamily
부산광역시 수영구 수영동,1**,월세,75.89,5000,35,1990,수영성로26번길,detatched_multiFamily
부산광역시 수영구 수영동,4**,전세,77.88,10000,0,1983,연수로,detatched_multiFamily
부산광역시 수영구 수영동,4**,월세,78.06,1000,35,,구락로25번길,detatched_multiFamily
부산광역시 수영구 수영동,4**,월세,81.16,2300,40,1977,망미번영로74번길,detatched_multiFamily
부산광역시 수영구 수영동,4**,월세,81.48,300,30,2012,연수로401번길,detatched_multiFamily
부산광역시 수영구 수영동,4**,월세,82,1000,20,1986,구락로,detatched_multiFamily
부산광역시 수영구 수영동,4**,월세,82.7,10000,25,1990,구락로57번길,detatched_multiFamily
부산광역시 수영구 수영동,4**,월세,83.19,500,10,1985,구락로,detatched_multiFamily
부산광역시 수영구 수영동,4**,전세,83.65,10000,0,1990,구락로57번길,detatched_multiFamily
부산광역시 수영구 수영동,4**,월세,85.44,1000,20,2009,망미번영로52번길,detatched_multiFamily
부산광역시 수영구 수영동,4**,월세,85.44,50,30,2009,망미번영로52번길,detatched_multiFamily
부산광역시 수영구 수영동,4**,월세,85.44,100,30,2009,망미번영로52번길,detatched_multiFamily
부산광역시 수영구 수영동,4**,월세,86.57,300,33,2010,망미번영로70번길,detatched_multiFamily
부산광역시 수영구 수영동,4**,월세,87.06,500,23,1987,구락로25번길,detatched_multiFamily
부산광역시 수영구 수영동,9*,월세,88.04,1000,25,1992,수영성로13번길,detatched_multiFamily
부산광역시 수영구 수영동,4**,월세,88.24,500,29,2010,망미번영로52번길,detatched_multiFamily
부산광역시 수영구 수영동,4**,월세,88.24,300,30,2010,망미번영로52번길,detatched_multiFamily
부산광역시 수영구 수영동,9*,월세,92.86,300,15,1976,수영성로13번길,detatched_multiFamily
부산광역시 수영구 수영동,4**,월세,95.34,6000,10,1990,수미로14번길,detatched_multiFamily
부산광역시 수영구 수영동,1**,월세,99.21,4000,55,1993,구락로25번가길,detatched_multiFamily
부산광역시 수영구 수영동,1**,월세,99.21,4000,55,1993,구락로25번가길,detatched_multiFamily
부산광역시 수영구 수영동,1**,월세,99.21,4000,55,1993,구락로25번가길,detatched_multiFamily
부산광역시 수영구 수영동,4**,월세,122.47,3000,70,1995,수미로,detatched_multiFamily
부산광역시 수영구 수영동,1**,월세,134.31,50,25,1988,수영성로,detatched_multiFamily
부산광역시 수영구 수영동,1**,월세,138.64,300,20,1978,수영성로32번길,detatched_multiFamily
부산광역시 수영구 수영동,4**,월세,145.4,500,30,1987,구락로25번길,detatched_multiFamily
부산광역시 수영구 수영동,4**,전세,146.45,12000,0,1979,망미번영로74번길,detatched_multiFamily
부산광역시 수영구 수영동,5**,전세,162.15,15000,0,1992,구락로,detatched_multiFamily
부산광역시 수영구 수영동,4*,월세,197.71,500,29,2010,수영로705번길,detatched_multiFamily
부산광역시 연제구 거제동,6**,월세,12,100,5,1971,화지로76번가길,detatched_multiFamily
부산광역시 연제구 거제동,4**,전세,13.22,5500,0,,거제시장로11번길,detatched_multiFamily
부산광역시 연제구 거제동,4**,월세,14.5,1000,35,1972,거제대로74번길,detatched_multiFamily
부산광역시 연제구 거제동,8**,월세,15,2000,20,1991,해맞이로113번길,detatched_multiFamily
부산광역시 연제구 거제동,8**,전세,16.52,1000,0,1981,종합운동장로28번길,detatched_multiFamily
부산광역시 연제구 거제동,4*,월세,16.53,300,15,1981,거제천로117번길,detatched_multiFamily
부산광역시 연제구 거제동,1***,전세,19.8,3000,0,1985,월드컵대로235번길,detatched_multiFamily
부산광역시 연제구 거제동,1*,월세,19.83,300,25,1988,월드컵대로188번길,detatched_multiFamily
부산광역시 연제구 거제동,7*,월세,20,500,37,2010,중앙대로1219번길,detatched_multiFamily
부산광역시 연제구 거제동,7*,월세,20,500,35,2010,중앙대로1219번길,detatched_multiFamily
부산광역시 연제구 거제동,7*,월세,20,500,38,2010,중앙대로1219번길,detatched_multiFamily
부산광역시 연제구 거제동,7**,전세,21.76,7000,0,,거제천로9번길,detatched_multiFamily
부산광역시 연제구 거제동,3*,전세,21.96,3000,0,1974,월드컵대로187번길,detatched_multiFamily
부산광역시 연제구 거제동,3**,월세,22.28,200,35,1978,교대로54번길,detatched_multiFamily
부산광역시 연제구 거제동,*,월세,23.14,100,25,,거제대로286번길,detatched_multiFamily
부산광역시 연제구 거제동,3*,월세,23.68,2000,20,1977,월드컵대로187번길,detatched_multiFamily
부산광역시 연제구 거제동,7*,월세,24,1000,32,2010,중앙대로1219번길,detatched_multiFamily
부산광역시 연제구 거제동,7*,월세,24.24,500,40,2010,중앙대로1219번길,detatched_multiFamily
부산광역시 연제구 거제동,7*,월세,25,500,37,2010,중앙대로1219번길,detatched_multiFamily
부산광역시 연제구 거제동,7*,월세,25,500,35,2010,중앙대로1219번길,detatched_multiFamily
부산광역시 연제구 거제동,3**,월세,25.5,500,40,2012,황새알로,detatched_multiFamily
부산광역시 연제구 거제동,3**,전세,28.28,12000,0,,법원북로65번길,detatched_multiFamily
부산광역시 연제구 거제동,8*,월세,29,1000,60,2021,교대로22번길,detatched_multiFamily
부산광역시 연제구 거제동,9**,전세,29.56,13000,0,,,detatched_multiFamily
부산광역시 연제구 거제동,4**,월세,29.75,700,25,1971,거제시장로11번길,detatched_multiFamily
부산광역시 연제구 거제동,9**,전세,29.83,12000,0,,,detatched_multiFamily
부산광역시 연제구 거제동,9**,전세,29.83,12000,0,,여고로14번길,detatched_multiFamily
부산광역시 연제구 거제동,7**,월세,29.85,500,52,2018,거제대로96번길,detatched_multiFamily
부산광역시 연제구 거제동,6**,월세,30,1000,15,1991,화지로76번길,detatched_multiFamily
부산광역시 연제구 거제동,3**,월세,30,500,35,2019,,detatched_multiFamily
부산광역시 연제구 거제동,5**,월세,30.08,3500,5,1973,거제대로118번길,detatched_multiFamily
부산광역시 연제구 거제동,4*,월세,33,1000,20,1976,월드컵대로187번길,detatched_multiFamily
부산광역시 연제구 거제동,4*,월세,33.06,7000,20,1976,월드컵대로187번길,detatched_multiFamily
부산광역시 연제구 거제동,4*,월세,33.06,1000,15,1976,거제천로,detatched_multiFamily
부산광역시 연제구 거제동,6**,월세,34,1000,40,2017,거제시장로,detatched_multiFamily
부산광역시 연제구 거제동,7**,전세,34.38,11000,0,2018,거제대로96번길,detatched_multiFamily
부산광역시 연제구 거제동,6**,월세,36.36,2000,25,1975,거제대로,detatched_multiFamily
부산광역시 연제구 거제동,8**,월세,36.36,1000,60,1983,여고로14번길,detatched_multiFamily
부산광역시 연제구 거제동,4*,전세,38,8000,0,1978,신촌로,detatched_multiFamily
부산광역시 연제구 거제동,4*,월세,38.19,3500,30,1974,거제천로,detatched_multiFamily
부산광역시 연제구 거제동,3**,월세,38.49,1000,20,1989,,detatched_multiFamily
부산광역시 연제구 거제동,3*,월세,38.68,2000,20,1975,월드컵대로187번길,detatched_multiFamily
부산광역시 연제구 거제동,4*,월세,38.94,6500,7,1978,신촌로,detatched_multiFamily
부산광역시 연제구 거제동,7*,월세,39.6,1000,50,1987,교대로,detatched_multiFamily
부산광역시 연제구 거제동,2**,월세,39.67,3000,30,1973,교대로16번길,detatched_multiFamily
부산광역시 연제구 거제동,7**,월세,40,500,55,1975,거제대로108번길,detatched_multiFamily
부산광역시 연제구 거제동,8**,월세,42.98,500,30,1989,해맞이로109번길,detatched_multiFamily
부산광역시 연제구 거제동,4**,월세,42.98,4000,29,1971,거제시장로11번길,detatched_multiFamily
부산광역시 연제구 거제동,2**,전세,43.83,5000,0,1979,미남로18번길,detatched_multiFamily
부산광역시 연제구 거제동,1*,전세,45,8000,0,1988,,detatched_multiFamily
부산광역시 연제구 거제동,*,월세,45.59,2000,40,1978,거제대로286번길,detatched_multiFamily
부산광역시 연제구 거제동,1*,전세,46.28,10000,0,1976,거제대로252번길,detatched_multiFamily
부산광역시 연제구 거제동,1***,월세,46.6,1000,25,1991,월드컵대로215번길,detatched_multiFamily
부산광역시 연제구 거제동,1***,월세,47.93,3000,30,1978,거제천로,detatched_multiFamily
부산광역시 연제구 거제동,8**,월세,49.5,1000,20,1985,아시아드대로19번길,detatched_multiFamily
부산광역시 연제구 거제동,8*,월세,49.58,1000,40,1987,교대로22번길,detatched_multiFamily
부산광역시 연제구 거제동,7**,월세,49.59,1000,50,1975,거제대로74번길,detatched_multiFamily
부산광역시 연제구 거제동,7**,월세,49.6,1000,20,1974,거제대로118번길,detatched_multiFamily
부산광역시 연제구 거제동,8**,월세,50,3000,40,1995,해맞이로109번길,detatched_multiFamily
부산광역시 연제구 거제동,*,전세,50,8400,0,1975,,detatched_multiFamily
부산광역시 연제구 거제동,1***,전세,51.43,9000,0,1978,거제천로,detatched_multiFamily
부산광역시 연제구 거제동,*,전세,52,5000,0,1976,거제대로286번길,detatched_multiFamily
부산광역시 연제구 거제동,7**,월세,53.7,2000,5,1959,화지로52번길,detatched_multiFamily
부산광역시 연제구 거제동,7**,월세,53.7,2500,15,1959,화지로52번길,detatched_multiFamily
부산광역시 연제구 거제동,4*,전세,53.88,8000,0,1976,신촌로,detatched_multiFamily
부산광역시 연제구 거제동,8**,월세,54.21,1000,35,1978,여고로14번길,detatched_multiFamily
부산광역시 연제구 거제동,4*,전세,54.54,8000,0,1976,거제천로,detatched_multiFamily
부산광역시 연제구 거제동,4*,월세,55.01,3000,40,1976,월드컵대로187번길,detatched_multiFamily
부산광역시 연제구 거제동,4*,월세,55.01,3000,40,1976,월드컵대로187번길,detatched_multiFamily
부산광역시 연제구 거제동,1***,전세,55.21,11000,0,1978,거제천로,detatched_multiFamily
부산광역시 연제구 거제동,1***,전세,57.33,10000,0,1983,온천천공원길,detatched_multiFamily
부산광역시 연제구 거제동,3*,월세,57.42,4000,30,1972,거제천로,detatched_multiFamily
부산광역시 연제구 거제동,2**,월세,58.81,1000,30,2012,미남로18번길,detatched_multiFamily
부산광역시 연제구 거제동,*,전세,59.58,5000,0,1975,거제대로286번길,detatched_multiFamily
부산광역시 연제구 거제동,7**,월세,61.98,4500,20,1994,거제천로9번길,detatched_multiFamily
부산광역시 연제구 거제동,6**,월세,62.81,8000,10,1975,거제대로138번길,detatched_multiFamily
부산광역시 연제구 거제동,7**,전세,65.4,12000,0,1973,거제대로96번길,detatched_multiFamily
부산광역시 연제구 거제동,8**,월세,66,2500,35,1994,해맞이로117번길,detatched_multiFamily
부산광역시 연제구 거제동,1***,월세,66.12,7000,10,1980,거제천로255번가길,detatched_multiFamily
부산광역시 연제구 거제동,3*,월세,66.44,5000,25,1976,월드컵대로187번길,detatched_multiFamily
부산광역시 연제구 거제동,6**,월세,66.96,1000,50,,,detatched_multiFamily
부산광역시 연제구 거제동,7**,월세,68,1000,25,,거제대로74번길,detatched_multiFamily
부산광역시 연제구 거제동,9**,월세,69.21,500,15,1988,아시아드대로46번길,detatched_multiFamily
부산광역시 연제구 거제동,1**,월세,70.89,6500,20,,중앙대로1235번길,detatched_multiFamily
부산광역시 연제구 거제동,4**,월세,72,2000,60,1982,거제대로178번길,detatched_multiFamily
부산광역시 연제구 거제동,1***,월세,72.13,3000,60,1985,아시아드대로22번길,detatched_multiFamily
부산광역시 연제구 거제동,4*,월세,72.73,2000,25,1976,거제대로178번길,detatched_multiFamily
부산광역시 연제구 거제동,6**,월세,74.34,5900,25,1984,거제시장로,detatched_multiFamily
부산광역시 연제구 거제동,1*,월세,76.03,1000,45,1975,거제대로252번길,detatched_multiFamily
부산광역시 연제구 거제동,1**,월세,76.92,3000,38,1991,중앙대로1249번길,detatched_multiFamily
부산광역시 연제구 거제동,1***,월세,78.3,7000,40,1984,아시아드대로22번길,detatched_multiFamily
부산광역시 연제구 거제동,6**,전세,79,17000,0,2008,해맞이로77번길,detatched_multiFamily
부산광역시 연제구 거제동,8**,월세,79.17,1000,20,1986,아시아드대로19번길,detatched_multiFamily
부산광역시 연제구 거제동,6**,월세,80.77,1000,40,1968,해맞이로,detatched_multiFamily
부산광역시 연제구 거제동,1***,월세,81.69,3000,40,1984,거제천로287번길,detatched_multiFamily
부산광역시 연제구 거제동,6**,전세,82.34,9000,0,2005,해맞이로,detatched_multiFamily
부산광역시 연제구 거제동,3*,전세,84.7,15000,0,1985,거제대로230번길,detatched_multiFamily
부산광역시 연제구 거제동,3*,월세,85.16,500,25,1974,거제대로214번길,detatched_multiFamily
부산광역시 연제구 거제동,1***,전세,89.82,12000,0,1983,거제천로287번길,detatched_multiFamily
부산광역시 연제구 거제동,5**,전세,90.42,12000,0,2015,,detatched_multiFamily
부산광역시 연제구 거제동,6**,월세,91.15,300,40,1986,화지로52번길,detatched_multiFamily
부산광역시 연제구 거제동,6**,월세,91.15,500,40,1986,화지로52번길,detatched_multiFamily
부산광역시 연제구 거제동,2**,월세,93.36,400,33,2012,미남로18번길,detatched_multiFamily
부산광역시 연제구 거제동,8**,전세,95.07,18000,0,1978,여고로14번길,detatched_multiFamily
부산광역시 연제구 거제동,1*,전세,97.13,8000,0,1988,월드컵대로188번길,detatched_multiFamily
부산광역시 연제구 거제동,3**,월세,97.37,8000,25,2002,법원북로,detatched_multiFamily
부산광역시 연제구 거제동,*,월세,97.85,1700,29,1977,거제대로286번길,detatched_multiFamily
부산광역시 연제구 거제동,3*,월세,98.8,2000,10,1986,거제대로230번길,detatched_multiFamily
부산광역시 연제구 거제동,3*,월세,98.8,1800,22,1986,거제대로230번길,detatched_multiFamily
부산광역시 연제구 거제동,6**,전세,99.99,11000,0,1993,해맞이로61번길,detatched_multiFamily
부산광역시 연제구 거제동,3**,월세,103.08,1000,40,2019,법원북로83번길,detatched_multiFamily
부산광역시 연제구 거제동,7**,월세,108,500,19,2001,화지로52번가길,detatched_multiFamily
부산광역시 연제구 거제동,7**,월세,110.17,500,49,2018,거제대로96번길,detatched_multiFamily
부산광역시 연제구 거제동,8**,전세,111.33,13000,0,1985,해맞이로127번길,detatched_multiFamily
부산광역시 연제구 거제동,2**,전세,115.11,14000,0,1974,교대로16번길,detatched_multiFamily
부산광역시 연제구 거제동,7**,월세,119.38,3000,47,2018,거제대로96번길,detatched_multiFamily
부산광역시 연제구 거제동,6**,월세,127.75,2000,29,1985,해맞이로81번길,detatched_multiFamily
부산광역시 연제구 거제동,*,월세,127.79,1000,25,1978,거제대로286번길,detatched_multiFamily
부산광역시 연제구 거제동,7*,월세,145.41,300,35,2010,중앙대로1219번길,detatched_multiFamily
부산광역시 연제구 거제동,1***,월세,179.2,500,30,1993,월드컵대로235번길,detatched_multiFamily
부산광역시 연제구 연산동,7**,월세,11.38,100,29,2010,월드컵대로91번가길,detatched_multiFamily
부산광역시 연제구 연산동,7**,월세,11.86,200,32,,중앙대로1076번길,detatched_multiFamily
부산광역시 연제구 연산동,7**,월세,13.1,4000,10,2017,월드컵대로91번길,detatched_multiFamily
부산광역시 연제구 연산동,6**,전세,14,5000,0,2018,월드컵대로92번길,detatched_multiFamily
부산광역시 연제구 연산동,4**,월세,14.85,200,25,1983,좌수영로,detatched_multiFamily
부산광역시 연제구 연산동,8**,월세,15,2000,10,2010,연제로27번길,detatched_multiFamily
부산광역시 연제구 연산동,1***,월세,15,200,37,2010,중앙천로,detatched_multiFamily
부산광역시 연제구 연산동,2***,전세,15,5000,0,2010,,detatched_multiFamily
부산광역시 연제구 연산동,2***,월세,16,500,20,1995,마곡천로,detatched_multiFamily
부산광역시 연제구 연산동,8**,월세,16.1,1790,5,2019,중앙천로,detatched_multiFamily
부산광역시 연제구 연산동,4**,월세,16.28,2000,30,,과정로191번다길,detatched_multiFamily
부산광역시 연제구 연산동,6**,월세,16.5,100,45,,월드컵대로92번길,detatched_multiFamily
부산광역시 연제구 연산동,6**,월세,16.5,400,43,2018,월드컵대로92번길,detatched_multiFamily
부산광역시 연제구 연산동,4**,월세,16.53,500,28,2010,과정로191번나길,detatched_multiFamily
부산광역시 연제구 연산동,2***,월세,16.53,0,20,,과정로56번길,detatched_multiFamily
부산광역시 연제구 연산동,2***,월세,17.06,1000,10,1986,배산북로23번길,detatched_multiFamily
부산광역시 연제구 연산동,3**,전세,17.06,7000,0,2021,과정로276번가길,detatched_multiFamily
부산광역시 연제구 연산동,3**,전세,17.07,7000,0,2021,,detatched_multiFamily
부산광역시 연제구 연산동,2***,월세,17.1,500,26,,,detatched_multiFamily
부산광역시 연제구 연산동,4**,월세,17.28,200,23,1987,고분로248번길,detatched_multiFamily
부산광역시 연제구 연산동,8**,월세,17.48,300,35,,연제로9번길,detatched_multiFamily
부산광역시 연제구 연산동,7**,월세,17.56,300,25,2010,중앙천로20번길,detatched_multiFamily
부산광역시 연제구 연산동,1***,월세,17.63,1000,38,2010,중앙대로1054번길,detatched_multiFamily
부산광역시 연제구 연산동,7**,전세,17.76,5000,0,2010,월드컵대로79번길,detatched_multiFamily
부산광역시 연제구 연산동,1***,월세,17.85,200,30,2010,중앙대로1056번길,detatched_multiFamily
부산광역시 연제구 연산동,4**,월세,18.21,5000,20,,과정로191번다길,detatched_multiFamily
부산광역시 연제구 연산동,4**,월세,18.21,5000,20,,과정로191번다길,detatched_multiFamily
부산광역시 연제구 연산동,4**,전세,18.21,7000,0,,과정로191번다길,detatched_multiFamily
부산광역시 연제구 연산동,4**,전세,18.21,7000,0,,과정로191번다길,detatched_multiFamily
부산광역시 연제구 연산동,7**,전세,18.56,4000,0,2010,월드컵대로73번길,detatched_multiFamily
부산광역시 연제구 연산동,1***,월세,19.36,200,30,2010,중앙대로1056번길,detatched_multiFamily
부산광역시 연제구 연산동,2***,전세,19.63,13000,0,,연수로225번길,detatched_multiFamily
부산광역시 연제구 연산동,3**,월세,19.7,500,35,2010,연동로7번길,detatched_multiFamily
부산광역시 연제구 연산동,1***,월세,19.81,300,30,,,detatched_multiFamily
부산광역시 연제구 연산동,6**,월세,19.83,200,26,2002,고분로13번길,detatched_multiFamily
부산광역시 연제구 연산동,1***,월세,19.83,2000,20,1964,연수로171번길,detatched_multiFamily
부산광역시 연제구 연산동,3**,월세,19.83,1000,13,1979,과정로348번길,detatched_multiFamily
부산광역시 연제구 연산동,1***,월세,19.83,500,20,1964,연수로171번길,detatched_multiFamily
부산광역시 연제구 연산동,3**,월세,19.83,800,48,1983,연안로13번길,detatched_multiFamily
부산광역시 연제구 연산동,6**,월세,19.85,300,34,2016,대리로6번길,detatched_multiFamily
부산광역시 연제구 연산동,3**,월세,20,200,15,1987,고분로143번길,detatched_multiFamily
부산광역시 연제구 연산동,1***,월세,20,500,37,2001,월드컵대로165번길,detatched_multiFamily
부산광역시 연제구 연산동,1***,전세,20.18,5000,0,2011,쌍미천로45번길,detatched_multiFamily
부산광역시 연제구 연산동,3**,월세,20.96,300,33,2010,고분로143번길,detatched_multiFamily
부산광역시 연제구 연산동,2***,월세,21,100,10,1973,배산로11번길,detatched_multiFamily
부산광역시 연제구 연산동,1***,전세,21.43,6000,0,,월드컵대로79번길,detatched_multiFamily
부산광역시 연제구 연산동,1***,월세,21.65,200,37,,중앙대로1056번길,detatched_multiFamily
부산광역시 연제구 연산동,7**,월세,21.83,11000,10,,월드컵대로119번길,detatched_multiFamily
부산광역시 연제구 연산동,1***,월세,21.94,300,35,2011,중앙대로1054번길,detatched_multiFamily
부산광역시 연제구 연산동,2***,월세,23,300,14,1995,마곡천로,detatched_multiFamily
부산광역시 연제구 연산동,6**,월세,23,1000,20,1991,쌍미천로119번길,detatched_multiFamily
부산광역시 연제구 연산동,7**,월세,23,500,45,1980,고분로,detatched_multiFamily
부산광역시 연제구 연산동,2***,월세,23,3000,10,1995,마곡천로,detatched_multiFamily
부산광역시 연제구 연산동,7**,월세,23,200,28,2010,중앙천로20번길,detatched_multiFamily
부산광역시 연제구 연산동,1***,전세,23,4500,0,2002,중앙대로1054번길,detatched_multiFamily
부산광역시 연제구 연산동,1***,월세,23.14,200,15,1965,금련로38번길,detatched_multiFamily
부산광역시 연제구 연산동,3**,월세,23.14,1000,45,1983,과정로,detatched_multiFamily
부산광역시 연제구 연산동,1**,월세,24.75,500,32,2012,과정로132번길,detatched_multiFamily
부산광역시 연제구 연산동,1***,월세,24.79,3000,30,1959,연수로117번길,detatched_multiFamily
부산광역시 연제구 연산동,1***,월세,24.79,3000,30,1959,연수로117번길,detatched_multiFamily
부산광역시 연제구 연산동,1***,월세,24.79,2000,30,1959,연수로117번길,detatched_multiFamily
부산광역시 연제구 연산동,1***,월세,24.79,2000,30,1959,연수로117번길,detatched_multiFamily
부산광역시 연제구 연산동,6**,월세,25,1000,48,2018,월드컵대로92번길,detatched_multiFamily
부산광역시 연제구 연산동,6**,월세,25,300,50,2018,월드컵대로10번길,detatched_multiFamily
부산광역시 연제구 연산동,6**,월세,25,500,54,2018,월드컵대로10번길,detatched_multiFamily
부산광역시 연제구 연산동,6**,월세,25,5500,5,2012,,detatched_multiFamily
부산광역시 연제구 연산동,6**,월세,25,500,48,2018,월드컵대로10번길,detatched_multiFamily
부산광역시 연제구 연산동,6**,월세,25,500,48,2018,월드컵대로10번길,detatched_multiFamily
부산광역시 연제구 연산동,2***,전세,25,8000,0,2017,배산로33번길,detatched_multiFamily
부산광역시 연제구 연산동,7**,전세,25.15,8000,0,1973,중앙천로37번가길,detatched_multiFamily
부산광역시 연제구 연산동,1***,월세,25.23,1000,39,,,detatched_multiFamily
부산광역시 연제구 연산동,1***,월세,25.52,500,15,1977,금련로17번길,detatched_multiFamily
부산광역시 연제구 연산동,4**,월세,25.65,200,24,2020,고분로235번길,detatched_multiFamily
부산광역시 연제구 연산동,3**,월세,26,1000,34,2017,쌍미천로152번길,detatched_multiFamily
부산광역시 연제구 연산동,1***,월세,26.4,100,30,2011,쌍미천로45번길,detatched_multiFamily
부산광역시 연제구 연산동,1***,월세,26.4,1000,20,1990,과정로265번다길,detatched_multiFamily
부산광역시 연제구 연산동,1***,월세,26.4,500,25,2011,쌍미천로45번길,detatched_multiFamily
부산광역시 연제구 연산동,7**,월세,26.44,1500,5,1971,월드컵대로73번길,detatched_multiFamily
부산광역시 연제구 연산동,1***,월세,26.45,300,10,1964,금련로12번길,detatched_multiFamily
부산광역시 연제구 연산동,3**,월세,26.52,100,19,2021,과정로260번길,detatched_multiFamily
부산광역시 연제구 연산동,7**,월세,27,500,48,2016,중앙대로1066번길,detatched_multiFamily
부산광역시 연제구 연산동,1**,월세,27,300,28,2014,고분로248번길,detatched_multiFamily
부산광역시 연제구 연산동,8**,월세,27,1000,25,1971,중앙천로25번길,detatched_multiFamily
부산광역시 연제구 연산동,3**,월세,27.15,1000,25,1983,연동로13번길,detatched_multiFamily
부산광역시 연제구 연산동,3**,월세,27.39,0,40,2012,고분로,detatched_multiFamily
부산광역시 연제구 연산동,2***,월세,27.77,10000,11,1973,배산북로12번길,detatched_multiFamily
부산광역시 연제구 연산동,2***,월세,27.77,10000,5,1973,배산북로12번길,detatched_multiFamily
부산광역시 연제구 연산동,1***,월세,28.34,1000,50,2001,월드컵대로165번길,detatched_multiFamily
부산광역시 연제구 연산동,1*,월세,28.38,500,43,2020,토곡로,detatched_multiFamily
부산광역시 연제구 연산동,1***,월세,28.7,2000,30,2010,월드컵대로73번길,detatched_multiFamily
부산광역시 연제구 연산동,4**,월세,29.16,2000,15,1979,과정로291번길,detatched_multiFamily
부산광역시 연제구 연산동,6**,월세,29.59,500,45,,쌍미천로59번길,detatched_multiFamily
부산광역시 연제구 연산동,4**,월세,29.7,500,29,1987,고분로253번길,detatched_multiFamily
부산광역시 연제구 연산동,5**,월세,29.75,200,35,1972,중앙대로1134번길,detatched_multiFamily
부산광역시 연제구 연산동,1***,월세,29.75,4000,10,1980,대리로5번길,detatched_multiFamily
부산광역시 연제구 연산동,7**,월세,29.75,500,30,1970,중앙천로37번가길,detatched_multiFamily
부산광역시 연제구 연산동,1***,월세,29.75,1000,10,1976,묘봉산로,detatched_multiFamily
부산광역시 연제구 연산동,6**,전세,29.75,6000,0,2011,쌍미천로73번길,detatched_multiFamily
부산광역시 연제구 연산동,7**,전세,30,9000,0,2010,월드컵대로91번가길,detatched_multiFamily
부산광역시 연제구 연산동,1***,전세,30,5000,0,1978,중앙대로1133번길,detatched_multiFamily
부산광역시 연제구 연산동,1***,전세,30,8000,0,2014,중앙대로1050번길,detatched_multiFamily
부산광역시 연제구 연산동,1***,월세,30.25,300,37,2010,거제천로118번길,detatched_multiFamily
부산광역시 연제구 연산동,1***,월세,30.25,300,36,2010,거제천로118번길,detatched_multiFamily
부산광역시 연제구 연산동,1***,월세,30.3,2000,15,1990,고분로20번길,detatched_multiFamily
부산광역시 연제구 연산동,2***,월세,30.5,1000,23,1995,쌍미천로7번길,detatched_multiFamily
부산광역시 연제구 연산동,1***,전세,30.5,11500,0,2012,중앙천로,detatched_multiFamily
부산광역시 연제구 연산동,4**,월세,30.53,200,37,2020,,detatched_multiFamily
부산광역시 연제구 연산동,1***,전세,30.59,6000,0,1991,,detatched_multiFamily
부산광역시 연제구 연산동,3**,월세,30.62,3000,15,1978,연동로,detatched_multiFamily
부산광역시 연제구 연산동,6**,월세,30.66,500,30,1979,쌍미천로,detatched_multiFamily
부산광역시 연제구 연산동,1***,월세,30.97,4000,12,1987,쌍미천로,detatched_multiFamily
부산광역시 연제구 연산동,1***,월세,31.37,300,25,1996,연수로171번길,detatched_multiFamily
부산광역시 연제구 연산동,6**,월세,31.68,300,20,2001,쌍미천로135번길,detatched_multiFamily
부산광역시 연제구 연산동,6**,전세,31.81,8000,0,2017,,detatched_multiFamily
부산광역시 연제구 연산동,3**,월세,32,2000,23,1995,고분로105번길,detatched_multiFamily
부산광역시 연제구 연산동,3**,월세,32,2000,23,1995,고분로105번길,detatched_multiFamily
부산광역시 연제구 연산동,6**,월세,32.23,2000,25,1987,월드컵대로32번길,detatched_multiFamily
부산광역시 연제구 연산동,1***,월세,32.57,300,15,1993,금련로38번길,detatched_multiFamily
부산광역시 연제구 연산동,1***,월세,32.64,200,15,,고분로20번길,detatched_multiFamily
부산광역시 연제구 연산동,1***,월세,33,1300,14,1985,금련로38번가길,detatched_multiFamily
부산광역시 연제구 연산동,6**,월세,33,1000,30,1971,쌍미천로155번길,detatched_multiFamily
부산광역시 연제구 연산동,2***,월세,33,4000,5,1990,배산북로,detatched_multiFamily
부산광역시 연제구 연산동,1***,전세,33,3000,0,2015,쌍미천로7번길,detatched_multiFamily
부산광역시 연제구 연산동,8**,전세,33,8500,0,1971,중앙천로25번길,detatched_multiFamily
부산광역시 연제구 연산동,1***,월세,33.05,200,20,1981,연수로226번길,detatched_multiFamily
부산광역시 연제구 연산동,1***,월세,33.06,10000,20,1975,중앙천로,detatched_multiFamily
부산광역시 연제구 연산동,1***,월세,33.06,200,15,1965,금련로38번길,detatched_multiFamily
부산광역시 연제구 연산동,6**,월세,33.26,1000,25,1992,쌍미천로87번길,detatched_multiFamily
부산광역시 연제구 연산동,2***,월세,33.57,500,29,2014,배산로,detatched_multiFamily
부산광역시 연제구 연산동,2***,월세,33.7,2000,20,1991,배산북로12번길,detatched_multiFamily
부산광역시 연제구 연산동,2***,전세,33.7,7000,0,1973,배산북로,detatched_multiFamily
부산광역시 연제구 연산동,5**,월세,33.77,3000,20,1978,반송로,detatched_multiFamily
부산광역시 연제구 연산동,4**,월세,34,1000,30,1983,과정로191번다길,detatched_multiFamily
부산광역시 연제구 연산동,1***,전세,34.1,5000,0,2012,월드컵대로79번길,detatched_multiFamily
부산광역시 연제구 연산동,2***,월세,34.4,500,25,1986,배산로23번길,detatched_multiFamily
부산광역시 연제구 연산동,2***,전세,34.55,8000,0,2018,배산북로12번길,detatched_multiFamily
부산광역시 연제구 연산동,1***,월세,34.65,300,15,1992,금련로38번길,detatched_multiFamily
부산광역시 연제구 연산동,1***,월세,34.77,500,25,1989,중앙천로73번길,detatched_multiFamily
부산광역시 연제구 연산동,1***,월세,35,500,20,1977,,detatched_multiFamily
부산광역시 연제구 연산동,1***,전세,35,3000,0,1980,연수로148번길,detatched_multiFamily
부산광역시 연제구 연산동,1*,월세,35.3,2400,65,2007,토곡로,detatched_multiFamily
부산광역시 연제구 연산동,6**,월세,35.34,3000,20,1985,쌍미천로125번길,detatched_multiFamily
부산광역시 연제구 연산동,6**,월세,35.42,500,35,1994,쌍미천로135번길,detatched_multiFamily
부산광역시 연제구 연산동,1***,월세,35.5,8000,15,2016,대리로19번길,detatched_multiFamily
부산광역시 연제구 연산동,6**,월세,35.53,1500,30,1974,고분로32번길,detatched_multiFamily
부산광역시 연제구 연산동,6**,전세,35.63,4500,0,1973,쌍미천로73번길,detatched_multiFamily
부산광역시 연제구 연산동,4**,전세,35.91,5000,0,1982,과정로,detatched_multiFamily
부산광역시 연제구 연산동,4**,월세,36,1000,23,1990,과정로191번다길,detatched_multiFamily
부산광역시 연제구 연산동,7**,월세,36,300,28,1990,월드컵대로35번길,detatched_multiFamily
부산광역시 연제구 연산동,1***,월세,36.08,1000,25,1985,쌍미천로7번길,detatched_multiFamily
부산광역시 연제구 연산동,1***,월세,36.22,2000,40,1977,금련로16번길,detatched_multiFamily
부산광역시 연제구 연산동,1**,월세,36.3,2000,19,,고분로242번길,detatched_multiFamily
부산광역시 연제구 연산동,1***,전세,36.37,5000,0,1977,대리로6번길,detatched_multiFamily
부산광역시 연제구 연산동,3**,월세,36.58,3500,25,1978,연동로14번길,detatched_multiFamily
부산광역시 연제구 연산동,1*,월세,36.82,500,42,2020,토곡로,detatched_multiFamily
부산광역시 연제구 연산동,5*,월세,37,1000,35,1979,토곡남로,detatched_multiFamily
부산광역시 연제구 연산동,2***,월세,37.02,1000,30,1991,배산북로11번길,detatched_multiFamily
부산광역시 연제구 연산동,2***,월세,37.02,1000,30,1991,배산북로11번길,detatched_multiFamily
부산광역시 연제구 연산동,6**,월세,37.04,1500,25,2005,월드컵대로92번길,detatched_multiFamily
부산광역시 연제구 연산동,6**,월세,37.27,500,40,1971,대리로,detatched_multiFamily
부산광역시 연제구 연산동,1*,월세,37.28,300,18,,,detatched_multiFamily
부산광역시 연제구 연산동,1***,월세,37.42,500,20,1985,연수로148번길,detatched_multiFamily
부산광역시 연제구 연산동,7**,전세,37.68,8000,0,,중앙천로37번가길,detatched_multiFamily
부산광역시 연제구 연산동,7**,전세,37.68,8000,0,1970,,detatched_multiFamily
부산광역시 연제구 연산동,7**,전세,37.68,8000,0,1970,,detatched_multiFamily
부산광역시 연제구 연산동,1*,월세,37.74,500,40,2020,,detatched_multiFamily
부산광역시 연제구 연산동,1***,월세,37.85,2000,20,1989,거제천로118번길,detatched_multiFamily
부산광역시 연제구 연산동,8**,전세,37.99,7000,0,1970,중앙천로19번길,detatched_multiFamily
부산광역시 연제구 연산동,2***,월세,38,1000,25,1977,쌍미천로7번길,detatched_multiFamily
부산광역시 연제구 연산동,4**,월세,38,2500,5,1992,과정로283번길,detatched_multiFamily
부산광역시 연제구 연산동,6**,월세,38.01,2000,30,1972,쌍미천로87번길,detatched_multiFamily
부산광역시 연제구 연산동,6**,전세,38.02,6000,0,1971,,detatched_multiFamily
부산광역시 연제구 연산동,2***,전세,38.02,8000,0,1973,배산북로,detatched_multiFamily
부산광역시 연제구 연산동,1***,월세,38.2,500,40,1993,금련로23번길,detatched_multiFamily
부산광역시 연제구 연산동,1***,전세,38.4,4000,0,1977,금련로26번가길,detatched_multiFamily
부산광역시 연제구 연산동,9**,전세,38.45,10000,0,1985,고분로104번길,detatched_multiFamily
부산광역시 연제구 연산동,1***,월세,38.71,2000,23,1978,연수로218번길,detatched_multiFamily
부산광역시 연제구 연산동,5**,월세,38.92,500,15,1989,세병로,detatched_multiFamily
부산광역시 연제구 연산동,1***,전세,39,7500,0,,연수로149번길,detatched_multiFamily
부산광역시 연제구 연산동,7**,전세,39.01,8000,0,1976,중앙대로1066번길,detatched_multiFamily
부산광역시 연제구 연산동,7**,전세,39.01,8000,0,,중앙대로1066번길,detatched_multiFamily
부산광역시 연제구 연산동,1**,전세,39.29,7000,0,1984,과정로114번길,detatched_multiFamily
부산광역시 연제구 연산동,1***,전세,39.35,8000,0,1991,쌍미천로,detatched_multiFamily
부산광역시 연제구 연산동,1***,전세,39.35,8000,0,,쌍미천로,detatched_multiFamily
부산광역시 연제구 연산동,1***,월세,39.36,500,15,1995,금련로24번길,detatched_multiFamily
부산광역시 연제구 연산동,2***,월세,39.39,2000,50,,,detatched_multiFamily
부산광역시 연제구 연산동,6**,월세,39.43,500,40,1993,쌍미천로119번길,detatched_multiFamily
부산광역시 연제구 연산동,1***,전세,39.51,3000,0,,금련로38번길,detatched_multiFamily
부산광역시 연제구 연산동,5**,월세,39.66,300,40,1972,중앙대로1134번길,detatched_multiFamily
부산광역시 연제구 연산동,1***,월세,39.66,500,30,1993,거제천로146번길,detatched_multiFamily
부산광역시 연제구 연산동,1***,월세,39.67,5000,30,1972,연수로,detatched_multiFamily
부산광역시 연제구 연산동,3**,월세,39.67,1000,20,,연동로,detatched_multiFamily
부산광역시 연제구 연산동,1***,월세,39.67,1000,30,1973,고분로20번길,detatched_multiFamily
부산광역시 연제구 연산동,2***,전세,39.67,8000,0,1972,연수로235번길,detatched_multiFamily
부산광역시 연제구 연산동,3**,월세,39.72,1000,20,1992,안연로7번나길,detatched_multiFamily
부산광역시 연제구 연산동,3**,월세,39.74,2000,30,1979,쌍미천로142번길,detatched_multiFamily
부산광역시 연제구 연산동,8**,월세,39.78,2000,15,1992,중앙천로19번길,detatched_multiFamily
부산광역시 연제구 연산동,8**,월세,39.78,2000,15,1992,중앙천로19번길,detatched_multiFamily
부산광역시 연제구 연산동,6**,월세,40,200,20,1990,쌍미천로155번길,detatched_multiFamily
부산광역시 연제구 연산동,1***,월세,40,2500,10,1985,중앙대로1048번길,detatched_multiFamily
부산광역시 연제구 연산동,3**,월세,40,1000,30,1988,과정로344번길,detatched_multiFamily
부산광역시 연제구 연산동,1**,월세,40,1000,25,1988,고분로247번길,detatched_multiFamily
부산광역시 연제구 연산동,3**,전세,40,6500,0,1985,쌍미천로156번길,detatched_multiFamily
부산광역시 연제구 연산동,4**,전세,40,12000,0,1983,고분로235번길,detatched_multiFamily
부산광역시 연제구 연산동,2***,전세,40,4500,0,1977,연수로213번길,detatched_multiFamily
부산광역시 연제구 연산동,4**,월세,40.03,1300,18,1980,고분로254번길,detatched_multiFamily
부산광역시 연제구 연산동,7**,월세,40.2,1000,50,1977,중앙천로14번길,detatched_multiFamily
부산광역시 연제구 연산동,1***,전세,40.22,4000,0,,금련로30번길,detatched_multiFamily
부산광역시 연제구 연산동,3**,전세,40.3,8000,0,,쌍미천로142번길,detatched_multiFamily
부산광역시 연제구 연산동,3**,전세,40.3,8000,0,1980,쌍미천로142번길,detatched_multiFamily
부산광역시 연제구 연산동,8**,월세,40.32,500,45,2013,중앙천로,detatched_multiFamily
부산광역시 연제구 연산동,4**,월세,40.46,2000,25,1990,고분로254번길,detatched_multiFamily
부산광역시 연제구 연산동,2***,월세,40.66,300,20,1975,쌍미천로16번길,detatched_multiFamily
부산광역시 연제구 연산동,6**,월세,40.81,1000,35,1995,월드컵대로92번길,detatched_multiFamily
부산광역시 연제구 연산동,1***,월세,40.95,500,23,1992,금련로21번길,detatched_multiFamily
부산광역시 연제구 연산동,2***,월세,40.95,3000,35,1973,,detatched_multiFamily
부산광역시 연제구 연산동,2***,월세,40.95,3000,35,1973,,detatched_multiFamily
부산광역시 연제구 연산동,7**,월세,40.99,500,33,1991,대리로5번길,detatched_multiFamily
부산광역시 연제구 연산동,6**,전세,41,4000,0,1991,월드컵대로46번길,detatched_multiFamily
부산광역시 연제구 연산동,6**,월세,41.18,500,29,1991,월드컵대로58번길,detatched_multiFamily
부산광역시 연제구 연산동,1***,월세,41.19,1000,25,1985,연수로149번길,detatched_multiFamily
부산광역시 연제구 연산동,3**,전세,41.46,15000,0,2021,과정로276번가길,detatched_multiFamily
부산광역시 연제구 연산동,3**,전세,41.46,15000,0,2021,과정로276번가길,detatched_multiFamily
부산광역시 연제구 연산동,7**,월세,41.58,5000,10,1975,고분로20번길,detatched_multiFamily
부산광역시 연제구 연산동,1***,월세,41.76,2500,25,1990,고분로20번길,detatched_multiFamily
부산광역시 연제구 연산동,7**,전세,41.76,8000,0,1992,대리로5번길,detatched_multiFamily
부산광역시 연제구 연산동,7**,월세,42,300,35,1991,대리로5번길,detatched_multiFamily
부산광역시 연제구 연산동,7**,월세,42,1500,20,1992,중앙천로,detatched_multiFamily
부산광역시 연제구 연산동,1***,월세,42,500,20,1992,금련로6번길,detatched_multiFamily
부산광역시 연제구 연산동,1***,전세,42,8000,0,,연수로149번길,detatched_multiFamily
부산광역시 연제구 연산동,1***,월세,42.1,1500,20,1997,과정로287번길,detatched_multiFamily
부산광역시 연제구 연산동,2***,월세,42.13,3000,20,1990,쌍미천로8번길,detatched_multiFamily
부산광역시 연제구 연산동,6**,전세,42.23,3800,0,2015,월드컵대로10번길,detatched_multiFamily
부산광역시 연제구 연산동,1***,전세,42.25,7000,0,1992,,detatched_multiFamily
부산광역시 연제구 연산동,1***,전세,42.3,8000,0,,연수로149번길,detatched_multiFamily
부산광역시 연제구 연산동,6**,월세,42.46,1000,30,1976,쌍미천로,detatched_multiFamily
부산광역시 연제구 연산동,1**,전세,42.68,6000,0,1980,과정로132번길,detatched_multiFamily
부산광역시 연제구 연산동,1***,월세,42.9,2000,20,,,detatched_multiFamily
부산광역시 연제구 연산동,2***,월세,42.98,1000,40,1972,배산로,detatched_multiFamily
부산광역시 연제구 연산동,6**,월세,42.98,2000,40,1972,월드컵대로46번길,detatched_multiFamily
부산광역시 연제구 연산동,7**,전세,42.98,10000,0,1971,월드컵대로19번길,detatched_multiFamily
부산광역시 연제구 연산동,3**,전세,43,4500,0,1978,과정로322번길,detatched_multiFamily
부산광역시 연제구 연산동,6**,월세,43.03,2000,40,2013,고분로13번길,detatched_multiFamily
부산광역시 연제구 연산동,1***,월세,43.09,2000,40,,연수로218번길,detatched_multiFamily
부산광역시 연제구 연산동,9**,월세,43.27,1000,50,1979,고분로72번길,detatched_multiFamily
부산광역시 연제구 연산동,1***,월세,43.35,1000,23,1994,금련로11번길,detatched_multiFamily
부산광역시 연제구 연산동,1***,월세,43.4,3000,25,2010,연수로212번길,detatched_multiFamily
부산광역시 연제구 연산동,1***,월세,43.4,500,35,1990,대리로19번길,detatched_multiFamily
부산광역시 연제구 연산동,4**,월세,43.45,2000,29,1986,온천천남로186번길,detatched_multiFamily
부산광역시 연제구 연산동,1***,월세,43.5,500,20,1991,금련로25번길,detatched_multiFamily
부산광역시 연제구 연산동,4**,월세,43.62,3000,30,1983,고분로235번길,detatched_multiFamily
부산광역시 연제구 연산동,2***,월세,43.79,3000,25,1973,연수로213번길,detatched_multiFamily
부산광역시 연제구 연산동,1***,전세,43.83,7500,0,1979,연수로208번길,detatched_multiFamily
부산광역시 연제구 연산동,4**,월세,43.98,1000,40,1995,고분로247번길,detatched_multiFamily
부산광역시 연제구 연산동,1**,월세,44,2000,22,1991,고분로253번길,detatched_multiFamily
부산광역시 연제구 연산동,1***,전세,44.12,5000,0,1995,쌍미천로7번길,detatched_multiFamily
부산광역시 연제구 연산동,1***,전세,44.16,5000,0,1987,금련로18번가길,detatched_multiFamily
부산광역시 연제구 연산동,1***,월세,44.5,1000,15,1991,금련로25번길,detatched_multiFamily
부산광역시 연제구 연산동,1***,전세,44.52,1500,0,1992,금련로26번나길,detatched_multiFamily
부산광역시 연제구 연산동,1***,전세,44.52,2500,0,1992,금련로26번나길,detatched_multiFamily
부산광역시 연제구 연산동,3**,월세,44.67,1000,22,1984,과정로,detatched_multiFamily
부산광역시 연제구 연산동,6**,월세,44.88,1000,43,1997,쌍미천로125번길,detatched_multiFamily
부산광역시 연제구 연산동,1***,월세,44.89,7000,20,1975,대리로12번가길,detatched_multiFamily
부산광역시 연제구 연산동,6**,월세,44.94,3000,10,1972,월드컵대로46번길,detatched_multiFamily
부산광역시 연제구 연산동,1**,월세,45,500,30,,고분로247번길,detatched_multiFamily
부산광역시 연제구 연산동,2***,월세,45,500,35,1993,배산로11번길,detatched_multiFamily
부산광역시 연제구 연산동,3**,월세,45,3000,15,1993,고분로123번길,detatched_multiFamily
부산광역시 연제구 연산동,6**,전세,45,5000,0,1973,월드컵대로10번길,detatched_multiFamily
부산광역시 연제구 연산동,1***,전세,45,3000,0,1990,과정로283번길,detatched_multiFamily
부산광역시 연제구 연산동,1**,월세,45.09,2000,10,1983,고분로242번길,detatched_multiFamily
부산광역시 연제구 연산동,3**,전세,45.12,11000,0,1978,연동로8번길,detatched_multiFamily
부산광역시 연제구 연산동,1***,전세,45.29,5000,0,,금련로30번길,detatched_multiFamily
부산광역시 연제구 연산동,1***,전세,45.29,5000,0,1977,금련로30번길,detatched_multiFamily
부산광역시 연제구 연산동,1***,월세,45.39,1000,30,1980,연수로171번길,detatched_multiFamily
부산광역시 연제구 연산동,6**,월세,45.44,500,30,1994,월드컵대로92번길,detatched_multiFamily
부산광역시 연제구 연산동,6**,월세,45.44,500,30,1994,월드컵대로92번길,detatched_multiFamily
부산광역시 연제구 연산동,1***,월세,45.45,500,30,1995,연수로171번길,detatched_multiFamily
부산광역시 연제구 연산동,4**,월세,45.63,1500,30,1983,과정로225번길,detatched_multiFamily
부산광역시 연제구 연산동,1***,전세,45.76,3000,0,1997,연수로148번길,detatched_multiFamily
부산광역시 연제구 연산동,1***,전세,45.76,3000,0,1997,연수로148번길,detatched_multiFamily
부산광역시 연제구 연산동,4**,전세,45.81,5000,0,1983,고분로248번길,detatched_multiFamily
부산광역시 연제구 연산동,1***,월세,45.82,3000,20,1977,연수로171번길,detatched_multiFamily
부산광역시 연제구 연산동,6**,월세,46,2000,20,1994,쌍미천로119번길,detatched_multiFamily
부산광역시 연제구 연산동,1***,전세,46,4000,0,,금련로26번가길,detatched_multiFamily
부산광역시 연제구 연산동,1***,월세,46.04,1000,27,2014,금련로12번길,detatched_multiFamily
부산광역시 연제구 연산동,1***,월세,46.31,1000,30,1995,연수로171번길,detatched_multiFamily
부산광역시 연제구 연산동,5**,월세,46.31,5900,30,1992,거제천로258번길,detatched_multiFamily
부산광역시 연제구 연산동,1***,월세,46.31,5000,10,1995,연수로171번길,detatched_multiFamily
부산광역시 연제구 연산동,7**,월세,46.41,3300,10,1978,월드컵대로91번길,detatched_multiFamily
부산광역시 연제구 연산동,7**,월세,46.5,500,40,1994,중앙대로1066번길,detatched_multiFamily
부산광역시 연제구 연산동,1***,월세,46.68,2000,30,1983,묘봉산로9번길,detatched_multiFamily
부산광역시 연제구 연산동,3**,월세,46.71,2000,40,1978,신금로17번길,detatched_multiFamily
부산광역시 연제구 연산동,1***,월세,46.8,2000,10,1993,금련로16번길,detatched_multiFamily
부산광역시 연제구 연산동,1***,전세,47.25,8000,0,1992,쌍미천로7번길,detatched_multiFamily
부산광역시 연제구 연산동,4**,월세,47.26,1000,30,1984,고분로236번길,detatched_multiFamily
부산광역시 연제구 연산동,4**,월세,47.39,4000,25,1982,안연로8번길,detatched_multiFamily
부산광역시 연제구 연산동,1***,전세,47.62,2500,0,1992,금련로22번길,detatched_multiFamily
부산광역시 연제구 연산동,6**,전세,47.7,4000,0,,대리로,detatched_multiFamily
부산광역시 연제구 연산동,1***,월세,47.88,500,45,1982,금련로7번길,detatched_multiFamily
부산광역시 연제구 연산동,6**,월세,48,1000,25,1972,월드컵대로46번길,detatched_multiFamily
부산광역시 연제구 연산동,6**,월세,48,6000,10,1991,쌍미천로135번길,detatched_multiFamily
부산광역시 연제구 연산동,2***,월세,48.2,1000,30,1974,배산북로12번길,detatched_multiFamily
부산광역시 연제구 연산동,1***,월세,48.28,500,20,1970,연수로240번길,detatched_multiFamily
부산광역시 연제구 연산동,5**,월세,48.54,200,14,1989,거제천로,detatched_multiFamily
부산광역시 연제구 연산동,6**,전세,48.66,5000,0,1993,월드컵대로20번길,detatched_multiFamily
부산광역시 연제구 연산동,2***,전세,48.76,9000,0,1977,쌍미천로7번길,detatched_multiFamily
부산광역시 연제구 연산동,6**,월세,48.94,3000,30,1990,월드컵대로46번길,detatched_multiFamily
부산광역시 연제구 연산동,6**,월세,48.94,300,30,1990,월드컵대로46번길,detatched_multiFamily
부산광역시 연제구 연산동,6**,월세,48.94,300,30,1990,월드컵대로46번길,detatched_multiFamily
부산광역시 연제구 연산동,2***,월세,48.96,1000,25,1993,연수로213번길,detatched_multiFamily
부산광역시 연제구 연산동,9**,월세,49,2000,20,1987,고분로100번길,detatched_multiFamily
부산광역시 연제구 연산동,1***,월세,49,4000,25,1993,연수로159번길,detatched_multiFamily
부산광역시 연제구 연산동,1***,월세,49.06,500,40,1996,금련로,detatched_multiFamily
부산광역시 연제구 연산동,6**,월세,49.17,5000,10,1971,대리로6번길,detatched_multiFamily
부산광역시 연제구 연산동,1***,월세,49.28,1000,50,1992,중앙대로1038번길,detatched_multiFamily
부산광역시 연제구 연산동,1***,월세,49.29,300,30,1991,금련로30번길,detatched_multiFamily
부산광역시 연제구 연산동,4**,월세,49.44,1000,50,1981,고분로,detatched_multiFamily
부산광역시 연제구 연산동,2***,월세,49.5,3000,15,1973,연수로,detatched_multiFamily
부산광역시 연제구 연산동,3**,월세,49.5,2000,30,1987,연동로,detatched_multiFamily
부산광역시 연제구 연산동,4**,월세,49.56,1000,45,1982,고분로241번길,detatched_multiFamily
부산광역시 연제구 연산동,1***,월세,49.58,2800,13,1993,고분로20번가길,detatched_multiFamily
부산광역시 연제구 연산동,7**,월세,49.59,8000,25,1973,중앙천로43번길,detatched_multiFamily
부산광역시 연제구 연산동,1***,월세,49.59,500,15,1991,금련로25번길,detatched_multiFamily
부산광역시 연제구 연산동,3**,월세,49.59,5000,20,1979,쌍미천로142번길,detatched_multiFamily
부산광역시 연제구 연산동,1***,월세,49.59,2000,25,1973,거제천로136번길,detatched_multiFamily
부산광역시 연제구 연산동,4**,전세,49.59,6000,0,1978,고분로242번길,detatched_multiFamily
부산광역시 연제구 연산동,3**,월세,49.74,1000,20,1982,온천천남로92번길,detatched_multiFamily
부산광역시 연제구 연산동,3**,월세,49.74,1000,20,1982,온천천남로92번길,detatched_multiFamily
부산광역시 연제구 연산동,6**,전세,49.78,3000,0,,대리로6번길,detatched_multiFamily
부산광역시 연제구 연산동,1***,월세,49.82,2000,25,1992,금련로6번길,detatched_multiFamily
부산광역시 연제구 연산동,9**,월세,49.85,500,45,1984,고분로100번길,detatched_multiFamily
부산광역시 연제구 연산동,6**,월세,49.98,4000,35,1989,쌍미천로129번길,detatched_multiFamily
부산광역시 연제구 연산동,6**,월세,50,5000,10,1992,대리로22번길,detatched_multiFamily
부산광역시 연제구 연산동,6**,월세,50,500,30,1992,쌍미천로125번길,detatched_multiFamily
부산광역시 연제구 연산동,2***,월세,50,2000,20,1977,연수로213번길,detatched_multiFamily
부산광역시 연제구 연산동,2***,월세,50,1000,25,1992,배산로,detatched_multiFamily
부산광역시 연제구 연산동,1***,전세,50,5000,0,1985,연수로159번길,detatched_multiFamily
부산광역시 연제구 연산동,1***,전세,50,3000,0,1988,묘봉산로11번길,detatched_multiFamily
부산광역시 연제구 연산동,1***,전세,50,4000,0,1986,고분로,detatched_multiFamily
부산광역시 연제구 연산동,4**,전세,50,5000,0,1982,고분로254번길,detatched_multiFamily
부산광역시 연제구 연산동,3**,전세,50.01,3800,0,1979,온천천남로92번길,detatched_multiFamily
부산광역시 연제구 연산동,4**,월세,50.05,500,35,1983,고분로242번길,detatched_multiFamily
부산광역시 연제구 연산동,8**,월세,50.68,5000,30,1973,중앙천로25번길,detatched_multiFamily
부산광역시 연제구 연산동,1***,월세,50.72,3000,10,1992,고분로112번가길,detatched_multiFamily
부산광역시 연제구 연산동,1***,월세,50.83,1000,20,1991,연수로226번길,detatched_multiFamily
부산광역시 연제구 연산동,1***,월세,50.83,1000,22,1991,연수로226번길,detatched_multiFamily
부산광역시 연제구 연산동,1***,전세,50.91,8000,0,1973,금련로6번길,detatched_multiFamily
부산광역시 연제구 연산동,1***,월세,51.36,300,35,1994,대리로,detatched_multiFamily
부산광역시 연제구 연산동,6**,전세,51.47,9500,0,1975,대리로19번길,detatched_multiFamily
부산광역시 연제구 연산동,6**,전세,51.47,9500,0,1975,대리로19번길,detatched_multiFamily
부산광역시 연제구 연산동,1*,전세,51.54,10000,0,1989,토곡로53번길,detatched_multiFamily
부산광역시 연제구 연산동,8**,월세,51.62,1500,65,1972,연제로,detatched_multiFamily
부산광역시 연제구 연산동,3**,월세,51.71,5000,20,1989,고분로,detatched_multiFamily
부산광역시 연제구 연산동,7**,월세,51.9,3000,35,1979,중앙천로14번길,detatched_multiFamily
부산광역시 연제구 연산동,3**,전세,52.03,8500,0,1979,쌍미천로156번길,detatched_multiFamily
부산광역시 연제구 연산동,4**,월세,52.07,5000,40,1983,고분로247번길,detatched_multiFamily
부산광역시 연제구 연산동,2**,전세,52.25,10000,0,1988,고분로259번길,detatched_multiFamily
부산광역시 연제구 연산동,1***,전세,52.36,5500,0,1992,,detatched_multiFamily
부산광역시 연제구 연산동,1***,전세,52.36,4000,0,1992,금련로26번가길,detatched_multiFamily
부산광역시 연제구 연산동,1***,전세,52.36,4000,0,1992,금련로26번가길,detatched_multiFamily
부산광역시 연제구 연산동,4**,월세,52.47,2000,30,1984,고분로254번길,detatched_multiFamily
부산광역시 연제구 연산동,1***,전세,52.75,6000,0,1991,금련로26번나길,detatched_multiFamily
부산광역시 연제구 연산동,3**,월세,52.89,500,35,1993,과정로260번길,detatched_multiFamily
부산광역시 연제구 연산동,6**,월세,52.89,1000,50,1971,월드컵대로32번길,detatched_multiFamily
부산광역시 연제구 연산동,1***,전세,52.89,10000,0,1973,대리로22번가길,detatched_multiFamily
부산광역시 연제구 연산동,6**,전세,52.89,6000,0,1992,쌍미천로,detatched_multiFamily
부산광역시 연제구 연산동,7**,월세,53.1,1000,25,,중앙천로,detatched_multiFamily
부산광역시 연제구 연산동,4**,전세,53.42,4000,0,1988,과정로237번길,detatched_multiFamily
부산광역시 연제구 연산동,2***,월세,53.45,2000,30,1980,마곡천로,detatched_multiFamily
부산광역시 연제구 연산동,2***,월세,53.45,2000,30,1980,마곡천로,detatched_multiFamily
부산광역시 연제구 연산동,1*,전세,53.52,10000,0,1989,토곡로53번길,detatched_multiFamily
부산광역시 연제구 연산동,6**,전세,53.53,10000,0,1985,월드컵대로46번길,detatched_multiFamily
부산광역시 연제구 연산동,7**,월세,53.79,5000,35,1972,연제로8번길,detatched_multiFamily
부산광역시 연제구 연산동,6**,월세,53.8,6000,15,1997,,detatched_multiFamily
부산광역시 연제구 연산동,1***,전세,53.94,4000,0,1992,금련로17번길,detatched_multiFamily
부산광역시 연제구 연산동,3**,월세,54,4000,30,1978,연동로,detatched_multiFamily
부산광역시 연제구 연산동,4**,월세,54.03,3500,30,1982,고분로241번길,detatched_multiFamily
부산광역시 연제구 연산동,1***,전세,54.23,8500,0,1996,연수로148번길,detatched_multiFamily
부산광역시 연제구 연산동,4**,월세,54.3,2000,35,1983,온천천남로186번길,detatched_multiFamily
부산광역시 연제구 연산동,4**,월세,54.93,6000,15,1982,연안로14번길,detatched_multiFamily
부산광역시 연제구 연산동,3**,월세,54.95,12000,10,,과정로294번길,detatched_multiFamily
부산광역시 연제구 연산동,3**,월세,55,1500,32,1984,고분로,detatched_multiFamily
부산광역시 연제구 연산동,2***,월세,55,500,30,1995,마곡천로,detatched_multiFamily
부산광역시 연제구 연산동,1***,월세,55.04,2000,10,1992,금련로17번길,detatched_multiFamily
부산광역시 연제구 연산동,4**,월세,55.06,3000,40,1983,온천천남로,detatched_multiFamily
부산광역시 연제구 연산동,1***,월세,55.3,1000,30,1972,거제천로118번길,detatched_multiFamily
부산광역시 연제구 연산동,1***,전세,55.37,4500,0,1992,금련로22번길,detatched_multiFamily
부산광역시 연제구 연산동,1***,전세,55.48,4500,0,1992,금련로26번나길,detatched_multiFamily
부산광역시 연제구 연산동,3**,월세,55.54,5000,10,1977,신금로5번길,detatched_multiFamily
부산광역시 연제구 연산동,6**,월세,55.7,8000,30,1971,쌍미천로73번길,detatched_multiFamily
부산광역시 연제구 연산동,6**,전세,55.7,14000,0,1971,쌍미천로73번길,detatched_multiFamily
부산광역시 연제구 연산동,2***,월세,55.71,4000,20,1994,연수로235번길,detatched_multiFamily
부산광역시 연제구 연산동,1***,전세,55.86,5000,0,1992,금련로38번길,detatched_multiFamily
부산광역시 연제구 연산동,6**,월세,55.9,7500,40,2018,월드컵대로10번길,detatched_multiFamily
부산광역시 연제구 연산동,6**,월세,55.9,2000,50,1973,쌍미천로59번길,detatched_multiFamily
부산광역시 연제구 연산동,3**,전세,55.98,7000,0,1983,,detatched_multiFamily
부산광역시 연제구 연산동,3**,전세,55.98,7000,0,1983,,detatched_multiFamily
부산광역시 연제구 연산동,1***,월세,56,500,29,1992,금련로24번길,detatched_multiFamily
부산광역시 연제구 연산동,1**,월세,56,500,55,1988,고분로247번길,detatched_multiFamily
부산광역시 연제구 연산동,1**,월세,56,2000,37,2014,고분로248번길,detatched_multiFamily
부산광역시 연제구 연산동,1***,전세,56,3700,0,1990,금련로38번나길,detatched_multiFamily
부산광역시 연제구 연산동,8**,월세,56.07,7900,20,1990,중앙천로37번길,detatched_multiFamily
부산광역시 연제구 연산동,8**,월세,56.07,7900,20,1990,중앙천로37번길,detatched_multiFamily
부산광역시 연제구 연산동,8**,월세,56.07,8000,20,1990,중앙천로37번길,detatched_multiFamily
부산광역시 연제구 연산동,2***,월세,56.17,300,30,1984,배산로23번길,detatched_multiFamily
부산광역시 연제구 연산동,3**,월세,56.19,3000,45,1978,연동로,detatched_multiFamily
부산광역시 연제구 연산동,3**,월세,56.19,2000,35,1980,연동로8번길,detatched_multiFamily
부산광역시 연제구 연산동,1***,월세,56.19,2000,30,1966,금련로6번길,detatched_multiFamily
부산광역시 연제구 연산동,2***,월세,56.2,5500,15,1971,연수로,detatched_multiFamily
부산광역시 연제구 연산동,1**,월세,56.25,1000,35,1983,고분로236번길,detatched_multiFamily
부산광역시 연제구 연산동,1**,월세,56.66,1000,35,1978,고분로236번길,detatched_multiFamily
부산광역시 연제구 연산동,5**,월세,56.89,3000,35,1986,중앙대로1150번길,detatched_multiFamily
부산광역시 연제구 연산동,3**,월세,57.2,500,40,1979,과정로283번나길,detatched_multiFamily
부산광역시 연제구 연산동,3**,월세,57.22,100,20,1983,연동로13번길,detatched_multiFamily
부산광역시 연제구 연산동,2***,전세,57.33,2000,0,1973,쌍미천로8번길,detatched_multiFamily
부산광역시 연제구 연산동,1***,월세,57.39,4000,25,1984,묘봉산로5번길,detatched_multiFamily
부산광역시 연제구 연산동,3**,월세,57.44,500,40,2018,고분로143번길,detatched_multiFamily
부산광역시 연제구 연산동,3**,전세,57.44,5000,0,2018,고분로143번길,detatched_multiFamily
부산광역시 연제구 연산동,6**,전세,57.51,10000,0,1981,대리로6번길,detatched_multiFamily
부산광역시 연제구 연산동,6**,월세,57.66,10000,15,1976,쌍미천로119번길,detatched_multiFamily
부산광역시 연제구 연산동,6**,월세,57.85,1000,30,1972,월드컵대로20번길,detatched_multiFamily
부산광역시 연제구 연산동,3**,월세,57.85,5000,30,1979,쌍미천로152번길,detatched_multiFamily
부산광역시 연제구 연산동,6**,전세,57.85,17000,0,1969,쌍미천로87번길,detatched_multiFamily
부산광역시 연제구 연산동,1***,월세,57.9,2000,15,,,detatched_multiFamily
부산광역시 연제구 연산동,3**,전세,57.96,10000,0,1984,안연로8번길,detatched_multiFamily
부산광역시 연제구 연산동,1***,월세,58.12,1500,35,1995,연수로148번길,detatched_multiFamily
부산광역시 연제구 연산동,4**,월세,58.28,5000,10,1983,과정로237번길,detatched_multiFamily
부산광역시 연제구 연산동,7**,월세,58.31,3000,25,1972,연제로8번길,detatched_multiFamily
부산광역시 연제구 연산동,3**,월세,58.47,3000,30,1984,과정로283번나길,detatched_multiFamily
부산광역시 연제구 연산동,1***,전세,58.69,4000,0,1990,고분로20번길,detatched_multiFamily
부산광역시 연제구 연산동,6**,월세,58.74,2000,45,1976,쌍미천로129번길,detatched_multiFamily
부산광역시 연제구 연산동,8**,월세,58.84,500,40,1972,연수로,detatched_multiFamily
부산광역시 연제구 연산동,1**,월세,58.86,1000,25,1983,고분로242번길,detatched_multiFamily
부산광역시 연제구 연산동,7**,월세,58.88,8000,5,1991,중앙천로,detatched_multiFamily
부산광역시 연제구 연산동,1***,전세,59,4500,0,,연수로148번길,detatched_multiFamily
부산광역시 연제구 연산동,1***,전세,59,4500,0,,연수로148번길,detatched_multiFamily
부산광역시 연제구 연산동,1***,전세,59,6800,0,1983,연수로,detatched_multiFamily
부산광역시 연제구 연산동,6**,월세,59.5,1000,50,1971,월드컵대로58번길,detatched_multiFamily
부산광역시 연제구 연산동,1***,월세,59.5,6000,20,1973,대리로22번가길,detatched_multiFamily
부산광역시 연제구 연산동,8**,월세,59.5,10000,20,1971,중앙천로,detatched_multiFamily
부산광역시 연제구 연산동,1***,전세,59.5,13000,0,1974,연수로212번길,detatched_multiFamily
부산광역시 연제구 연산동,6**,전세,59.5,10000,0,1973,쌍미천로73번길,detatched_multiFamily
부산광역시 연제구 연산동,1***,전세,59.5,5000,0,,고분로20번가길,detatched_multiFamily
부산광역시 연제구 연산동,4**,월세,59.76,4000,25,1979,과정로265번길,detatched_multiFamily
부산광역시 연제구 연산동,4**,월세,59.79,5000,23,1982,온천천남로160번길,detatched_multiFamily
부산광역시 연제구 연산동,1***,전세,59.81,14000,0,1983,묘봉산로5번길,detatched_multiFamily
부산광역시 연제구 연산동,3**,월세,60,2000,35,1986,과정로276번가길,detatched_multiFamily
부산광역시 연제구 연산동,6**,월세,60,6000,25,1978,쌍미천로109번길,detatched_multiFamily
부산광역시 연제구 연산동,1***,전세,60,8200,0,1992,금련로38번길,detatched_multiFamily
부산광역시 연제구 연산동,1*,전세,60.09,10000,0,1989,토곡로53번길,detatched_multiFamily
부산광역시 연제구 연산동,1***,월세,60.16,3000,40,1974,대리로19번길,detatched_multiFamily
부산광역시 연제구 연산동,6**,전세,60.21,8000,0,1983,월드컵대로20번길,detatched_multiFamily
부산광역시 연제구 연산동,7**,월세,60.27,1000,20,1970,중앙천로39번길,detatched_multiFamily
부산광역시 연제구 연산동,4**,전세,60.36,3000,0,1986,과정로191번나길,detatched_multiFamily
부산광역시 연제구 연산동,1*,월세,60.62,1000,55,2020,토곡로,detatched_multiFamily
부산광역시 연제구 연산동,1***,월세,60.99,1000,40,2000,대리로5번길,detatched_multiFamily
부산광역시 연제구 연산동,2***,월세,61.16,3000,30,1972,쌍미천로7번길,detatched_multiFamily
부산광역시 연제구 연산동,6**,전세,61.16,10000,0,1973,대리로22번길,detatched_multiFamily
부산광역시 연제구 연산동,2**,월세,61.23,2500,30,1988,고분로259번길,detatched_multiFamily
부산광역시 연제구 연산동,2**,월세,61.23,1500,3,1988,고분로259번길,detatched_multiFamily
부산광역시 연제구 연산동,4**,전세,61.26,11000,0,1982,고분로235번길,detatched_multiFamily
부산광역시 연제구 연산동,8**,월세,61.38,6000,24,1991,연수로82번길,detatched_multiFamily
부산광역시 연제구 연산동,6**,월세,61.44,500,35,1985,월드컵대로46번길,detatched_multiFamily
부산광역시 연제구 연산동,1***,월세,61.66,2000,25,1994,연수로148번길,detatched_multiFamily
부산광역시 연제구 연산동,3**,월세,61.7,2500,25,1978,연동로14번길,detatched_multiFamily
부산광역시 연제구 연산동,3**,월세,61.72,1000,30,1980,쌍미천로142번길,detatched_multiFamily
부산광역시 연제구 연산동,1***,월세,62,2000,35,1988,중앙대로1050번길,detatched_multiFamily
부산광역시 연제구 연산동,1*,전세,62.07,7000,0,1989,토곡로53번길,detatched_multiFamily
부산광역시 연제구 연산동,1*,전세,62.07,10000,0,1989,토곡로53번길,detatched_multiFamily
부산광역시 연제구 연산동,3**,월세,62.08,7000,20,1981,쌍미천로142번길,detatched_multiFamily
부산광역시 연제구 연산동,6**,월세,62.09,2000,30,1972,월드컵대로58번길,detatched_multiFamily
부산광역시 연제구 연산동,5**,전세,62.21,11000,0,1989,거제천로,detatched_multiFamily
부산광역시 연제구 연산동,6**,월세,62.35,1000,35,1994,쌍미천로109번길,detatched_multiFamily
부산광역시 연제구 연산동,9**,월세,62.51,300,20,1984,고분로104번길,detatched_multiFamily
부산광역시 연제구 연산동,6**,월세,62.64,1000,40,1990,쌍미천로135번길,detatched_multiFamily
부산광역시 연제구 연산동,1***,전세,62.71,8000,0,1977,금련로,detatched_multiFamily
부산광역시 연제구 연산동,6**,전세,62.81,4500,0,1973,월드컵대로10번길,detatched_multiFamily
부산광역시 연제구 연산동,6**,월세,63,4000,10,1974,월드컵대로92번길,detatched_multiFamily
부산광역시 연제구 연산동,4**,전세,63.1,9000,0,1982,과정로,detatched_multiFamily
부산광역시 연제구 연산동,6**,전세,63.17,8000,0,1971,월드컵대로20번길,detatched_multiFamily
부산광역시 연제구 연산동,3**,전세,63.36,12000,0,1985,안연로8번길,detatched_multiFamily
부산광역시 연제구 연산동,4**,월세,63.45,2000,20,1984,고분로248번길,detatched_multiFamily
부산광역시 연제구 연산동,3**,월세,63.64,300,40,2018,고분로143번길,detatched_multiFamily
부산광역시 연제구 연산동,1***,월세,63.9,4000,30,1978,신촌로,detatched_multiFamily
부산광역시 연제구 연산동,3**,전세,63.96,11000,0,1983,연동로14번길,detatched_multiFamily
부산광역시 연제구 연산동,4**,전세,64,6000,0,,고분로235번길,detatched_multiFamily
부산광역시 연제구 연산동,1***,전세,64,10500,0,,고분로20번길,detatched_multiFamily
부산광역시 연제구 연산동,3**,월세,64.02,2000,65,1985,과정로276번가길,detatched_multiFamily
부산광역시 연제구 연산동,6**,월세,64.11,1000,55,1975,월드컵대로92번길,detatched_multiFamily
부산광역시 연제구 연산동,6**,월세,64.17,3000,35,2005,월드컵대로92번길,detatched_multiFamily
부산광역시 연제구 연산동,4**,월세,64.26,4500,28,2011,고분로254번길,detatched_multiFamily
부산광역시 연제구 연산동,1***,월세,64.64,1000,20,1992,금련로22번길,detatched_multiFamily
부산광역시 연제구 연산동,1***,전세,64.68,5000,0,1992,연수로218번길,detatched_multiFamily
부산광역시 연제구 연산동,6**,월세,64.7,2000,50,2014,쌍미천로,detatched_multiFamily
부산광역시 연제구 연산동,3**,월세,64.84,2000,50,1983,연동로14번길,detatched_multiFamily
부산광역시 연제구 연산동,3**,월세,64.84,2000,50,1983,연동로14번길,detatched_multiFamily
부산광역시 연제구 연산동,4**,월세,65.07,2000,17,1984,고분로242번길,detatched_multiFamily
부산광역시 연제구 연산동,4**,월세,65.09,2000,25,1983,고분로236번길,detatched_multiFamily
부산광역시 연제구 연산동,3**,전세,65.16,6000,0,1978,연동로7번길,detatched_multiFamily
부산광역시 연제구 연산동,3**,월세,65.21,2000,30,1988,안연로7번나길,detatched_multiFamily
부산광역시 연제구 연산동,1**,월세,65.28,8000,10,1991,고분로253번길,detatched_multiFamily
부산광역시 연제구 연산동,6**,월세,65.35,4000,25,1985,월드컵대로46번길,detatched_multiFamily
부산광역시 연제구 연산동,2***,월세,65.49,5000,35,1981,배산북로,detatched_multiFamily
부산광역시 연제구 연산동,1***,월세,65.52,8000,20,1993,월드컵대로145번길,detatched_multiFamily
부산광역시 연제구 연산동,7**,월세,65.52,7000,25,1993,대리로5번길,detatched_multiFamily
부산광역시 연제구 연산동,3**,월세,65.82,2000,17,1980,고분로123번길,detatched_multiFamily
부산광역시 연제구 연산동,1***,월세,66,2300,55,1995,중앙천로,detatched_multiFamily
부산광역시 연제구 연산동,1***,월세,66,2000,20,1994,연수로148번길,detatched_multiFamily
부산광역시 연제구 연산동,1***,월세,66,500,20,1993,연수로226번길,detatched_multiFamily
부산광역시 연제구 연산동,4**,전세,66,11000,0,1982,연안로,detatched_multiFamily
부산광역시 연제구 연산동,4**,월세,66.11,500,35,1983,고분로242번길,detatched_multiFamily
부산광역시 연제구 연산동,4**,월세,66.11,500,45,1983,고분로242번길,detatched_multiFamily
부산광역시 연제구 연산동,7**,월세,66.12,8000,30,1974,월드컵대로,detatched_multiFamily
부산광역시 연제구 연산동,2***,월세,66.12,5000,40,1975,배산로23번길,detatched_multiFamily
부산광역시 연제구 연산동,3**,월세,66.12,1000,10,,과정로,detatched_multiFamily
부산광역시 연제구 연산동,1***,전세,66.12,20000,0,1974,,detatched_multiFamily
부산광역시 연제구 연산동,1***,전세,66.12,20000,0,1974,월드컵대로165번길,detatched_multiFamily
부산광역시 연제구 연산동,1**,전세,66.12,6000,0,1980,과정로132번길,detatched_multiFamily
부산광역시 연제구 연산동,1***,전세,66.18,12000,0,1977,묘봉산로9번길,detatched_multiFamily
부산광역시 연제구 연산동,6**,전세,66.44,8600,0,1976,월드컵대로92번길,detatched_multiFamily
부산광역시 연제구 연산동,4**,월세,66.57,2000,40,1989,고분로236번길,detatched_multiFamily
부산광역시 연제구 연산동,1***,월세,66.64,6000,20,1973,금련로6번길,detatched_multiFamily
부산광역시 연제구 연산동,9**,월세,66.79,1000,15,1979,고분로113번길,detatched_multiFamily
부산광역시 연제구 연산동,6**,월세,66.81,1000,50,1997,대리로19번길,detatched_multiFamily
부산광역시 연제구 연산동,6**,월세,66.87,2000,45,1977,쌍미천로119번길,detatched_multiFamily
부산광역시 연제구 연산동,1***,월세,67,2000,15,1992,금련로22번길,detatched_multiFamily
부산광역시 연제구 연산동,2***,전세,67.23,5000,0,1992,쌍미천로,detatched_multiFamily
부산광역시 연제구 연산동,1***,월세,67.32,3000,45,1992,연수로218번길,detatched_multiFamily
부산광역시 연제구 연산동,2***,월세,67.37,6000,30,1976,배산북로12번길,detatched_multiFamily
부산광역시 연제구 연산동,3**,월세,67.47,7000,25,1975,고분로105번길,detatched_multiFamily
부산광역시 연제구 연산동,2***,월세,67.48,4500,3,1973,쌍미천로7번가길,detatched_multiFamily
부산광역시 연제구 연산동,2***,전세,67.48,9000,0,1973,쌍미천로7번가길,detatched_multiFamily
부산광역시 연제구 연산동,6**,전세,67.51,15000,0,1980,쌍미천로,detatched_multiFamily
부산광역시 연제구 연산동,6**,전세,67.53,8000,0,2017,쌍미천로73번길,detatched_multiFamily
부산광역시 연제구 연산동,4**,월세,67.68,3000,30,,,detatched_multiFamily
부산광역시 연제구 연산동,4**,월세,67.68,3000,30,1980,과정로291번길,detatched_multiFamily
부산광역시 연제구 연산동,3**,월세,68.13,4000,25,1982,과정로276번가길,detatched_multiFamily
부산광역시 연제구 연산동,5**,전세,68.19,18000,0,1988,거제천로,detatched_multiFamily
부산광역시 연제구 연산동,4**,월세,68.38,2000,45,1979,과정로191번나길,detatched_multiFamily
부산광역시 연제구 연산동,2***,전세,68.43,12000,0,1975,쌍미천로52번길,detatched_multiFamily
부산광역시 연제구 연산동,1***,전세,68.49,8000,0,1984,과정로265번나길,detatched_multiFamily
부산광역시 연제구 연산동,4**,월세,68.69,6000,25,1981,고분로241번길,detatched_multiFamily
부산광역시 연제구 연산동,1***,월세,68.85,4000,25,1992,연수로218번길,detatched_multiFamily
부산광역시 연제구 연산동,1***,월세,69,500,30,1995,연수로148번길,detatched_multiFamily
부산광역시 연제구 연산동,7**,전세,69.09,9000,0,,고분로20번길,detatched_multiFamily
부산광역시 연제구 연산동,7**,전세,69.09,9000,0,1977,고분로20번길,detatched_multiFamily
부산광역시 연제구 연산동,6**,월세,69.3,5000,40,1995,쌍미천로125번길,detatched_multiFamily
부산광역시 연제구 연산동,3**,월세,69.43,3000,37,1986,과정로276번가길,detatched_multiFamily
부산광역시 연제구 연산동,3**,전세,69.57,6000,0,1982,신금로,detatched_multiFamily
부산광역시 연제구 연산동,4**,월세,69.63,6000,20,1983,,detatched_multiFamily
부산광역시 연제구 연산동,6**,월세,69.84,4000,30,1976,월드컵대로46번길,detatched_multiFamily
부산광역시 연제구 연산동,3**,월세,69.86,1000,50,1984,연안로13번길,detatched_multiFamily
부산광역시 연제구 연산동,5*,월세,69.87,4000,50,1983,토곡남로,detatched_multiFamily
부산광역시 연제구 연산동,5*,월세,69.87,4000,50,1983,토곡남로,detatched_multiFamily
부산광역시 연제구 연산동,1***,월세,70,4000,30,1975,고분로113번길,detatched_multiFamily
부산광역시 연제구 연산동,1***,월세,70,2000,27,1983,금련로38번나길,detatched_multiFamily
부산광역시 연제구 연산동,5**,월세,70,2000,60,1972,중앙대로1134번길,detatched_multiFamily
부산광역시 연제구 연산동,8**,월세,70.13,4000,10,1991,중앙천로25번길,detatched_multiFamily
부산광역시 연제구 연산동,6**,월세,70.27,500,25,1972,월드컵대로20번길,detatched_multiFamily
부산광역시 연제구 연산동,6**,월세,70.56,3000,30,1994,쌍미천로161번길,detatched_multiFamily
부산광역시 연제구 연산동,6**,월세,70.56,3000,30,1994,쌍미천로161번길,detatched_multiFamily
부산광역시 연제구 연산동,3**,월세,70.58,4000,20,1984,과정로260번길,detatched_multiFamily
부산광역시 연제구 연산동,3**,월세,70.58,3000,35,1984,과정로260번길,detatched_multiFamily
부산광역시 연제구 연산동,1***,월세,70.79,3500,8,2010,시청로32번길,detatched_multiFamily
부산광역시 연제구 연산동,1***,전세,71.04,4000,0,1992,금련로21번길,detatched_multiFamily
부산광역시 연제구 연산동,1***,월세,71.07,500,25,2010,,detatched_multiFamily
부산광역시 연제구 연산동,7**,전세,71.07,20000,0,1974,중앙대로1076번길,detatched_multiFamily
부산광역시 연제구 연산동,1***,전세,71.25,12000,0,1996,신촌로,detatched_multiFamily
부산광역시 연제구 연산동,4**,월세,71.38,4000,25,1983,과정로265번길,detatched_multiFamily
부산광역시 연제구 연산동,6**,월세,71.5,3500,35,1976,쌍미천로125번길,detatched_multiFamily
부산광역시 연제구 연산동,6**,월세,71.73,4000,7,1977,고분로20번길,detatched_multiFamily
부산광역시 연제구 연산동,4**,월세,71.74,500,10,1978,과정로251번길,detatched_multiFamily
부산광역시 연제구 연산동,7**,월세,71.84,5000,35,1973,중앙천로25번길,detatched_multiFamily
부산광역시 연제구 연산동,1***,월세,71.91,6000,20,1974,신촌로23번길,detatched_multiFamily
부산광역시 연제구 연산동,1***,월세,72,1000,20,1992,금련로26번나길,detatched_multiFamily
부산광역시 연제구 연산동,6**,전세,72.45,15000,0,1988,쌍미천로47번길,detatched_multiFamily
부산광역시 연제구 연산동,6**,전세,72.45,9000,0,1988,쌍미천로47번길,detatched_multiFamily
부산광역시 연제구 연산동,3**,월세,72.5,2000,40,1990,과정로344번길,detatched_multiFamily
부산광역시 연제구 연산동,2***,월세,72.74,3000,45,,배산북로12번길,detatched_multiFamily
부산광역시 연제구 연산동,6**,전세,72.79,6000,0,,쌍미천로119번길,detatched_multiFamily
부산광역시 연제구 연산동,4**,월세,73,2000,40,1982,연안로14번길,detatched_multiFamily
부산광역시 연제구 연산동,2***,월세,73.02,8000,25,1991,배산북로11번길,detatched_multiFamily
부산광역시 연제구 연산동,2***,전세,73.02,13000,0,1991,배산북로11번길,detatched_multiFamily
부산광역시 연제구 연산동,1***,월세,73.07,3000,60,1984,연수로208번길,detatched_multiFamily
부산광역시 연제구 연산동,1***,월세,73.2,1000,20,1990,연수로148번길,detatched_multiFamily
부산광역시 연제구 연산동,6**,월세,73.22,3000,45,1973,월드컵대로58번길,detatched_multiFamily
부산광역시 연제구 연산동,1***,월세,73.26,4000,20,1985,연수로148번길,detatched_multiFamily
부산광역시 연제구 연산동,2***,월세,73.32,3500,50,1974,쌍미천로7번가길,detatched_multiFamily
부산광역시 연제구 연산동,1***,월세,73.58,2000,25,1994,금련로26번길,detatched_multiFamily
부산광역시 연제구 연산동,2***,월세,73.94,1000,38,1977,쌍미천로,detatched_multiFamily
부산광역시 연제구 연산동,6**,월세,74.16,2000,35,1994,쌍미천로109번길,detatched_multiFamily
부산광역시 연제구 연산동,6**,전세,74.16,6000,0,2011,쌍미천로73번길,detatched_multiFamily
부산광역시 연제구 연산동,2*,월세,74.25,500,30,1978,토곡남로20번길,detatched_multiFamily
부산광역시 연제구 연산동,1***,월세,74.52,2000,45,1994,연미로13번길,detatched_multiFamily
부산광역시 연제구 연산동,3**,전세,74.55,13000,0,1988,과정로344번길,detatched_multiFamily
부산광역시 연제구 연산동,4**,월세,74.78,2000,55,1994,과정로191번나길,detatched_multiFamily
부산광역시 연제구 연산동,4**,월세,74.81,4000,30,1978,고분로242번길,detatched_multiFamily
부산광역시 연제구 연산동,4**,월세,74.84,3000,30,1983,과정로191번가길,detatched_multiFamily
부산광역시 연제구 연산동,8**,월세,75.24,7000,15,1990,연수로111번길,detatched_multiFamily
부산광역시 연제구 연산동,8**,월세,75.6,7000,30,1993,중앙천로25번길,detatched_multiFamily
부산광역시 연제구 연산동,1***,월세,75.69,2500,18,1989,거제천로118번길,detatched_multiFamily
부산광역시 연제구 연산동,3**,월세,75.89,1000,50,1986,과정로276번가길,detatched_multiFamily
부산광역시 연제구 연산동,1***,월세,75.9,1000,45,1996,연수로171번길,detatched_multiFamily
부산광역시 연제구 연산동,2***,월세,75.97,800,40,1975,배산북로12번길,detatched_multiFamily
부산광역시 연제구 연산동,1***,월세,76.03,1000,60,1976,거제천로146번길,detatched_multiFamily
부산광역시 연제구 연산동,3**,전세,76.05,16500,0,,,detatched_multiFamily
부산광역시 연제구 연산동,4**,월세,76.67,1000,45,1983,온천천남로,detatched_multiFamily
부산광역시 연제구 연산동,6**,월세,76.86,1000,20,1982,월드컵대로58번길,detatched_multiFamily
부산광역시 연제구 연산동,5**,월세,76.97,500,22,1989,세병로,detatched_multiFamily
부산광역시 연제구 연산동,8**,월세,77.19,5500,48,2020,중앙천로25번길,detatched_multiFamily
부산광역시 연제구 연산동,5**,월세,77.4,1000,50,1989,거제천로230번길,detatched_multiFamily
부산광역시 연제구 연산동,3**,월세,77.64,1000,15,1988,안연로7번나길,detatched_multiFamily
부산광역시 연제구 연산동,6**,월세,78.24,3000,60,1990,고분로31번길,detatched_multiFamily
부산광역시 연제구 연산동,2***,전세,78.36,8000,0,2002,쌍미천로29번길,detatched_multiFamily
부산광역시 연제구 연산동,3**,월세,78.47,3000,20,1992,연동로14번길,detatched_multiFamily
부산광역시 연제구 연산동,6**,월세,78.6,2000,40,1990,쌍미천로125번길,detatched_multiFamily
부산광역시 연제구 연산동,3**,월세,78.68,1000,40,1987,연동로7번길,detatched_multiFamily
부산광역시 연제구 연산동,2***,월세,78.78,2000,50,2018,배산북로12번길,detatched_multiFamily
부산광역시 연제구 연산동,2***,월세,78.89,1000,40,1994,연수로235번길,detatched_multiFamily
부산광역시 연제구 연산동,4**,월세,78.99,6500,30,1980,과정로191번길,detatched_multiFamily
부산광역시 연제구 연산동,6**,월세,79.34,1000,50,1975,쌍미천로135번길,detatched_multiFamily
부산광역시 연제구 연산동,6**,전세,79.34,15000,0,1975,대리로19번길,detatched_multiFamily
부산광역시 연제구 연산동,3**,월세,79.36,4000,43,1984,고분로,detatched_multiFamily
부산광역시 연제구 연산동,3**,전세,79.54,2500,0,1988,안연로7번나길,detatched_multiFamily
부산광역시 연제구 연산동,4**,월세,79.57,2000,50,1984,과정로191번길,detatched_multiFamily
부산광역시 연제구 연산동,3**,월세,79.67,1000,10,1977,고분로105번길,detatched_multiFamily
부산광역시 연제구 연산동,3**,월세,79.89,8000,13,1982,연안로13번길,detatched_multiFamily
부산광역시 연제구 연산동,3**,전세,80,3000,0,1983,과정로265번다길,detatched_multiFamily
부산광역시 연제구 연산동,1***,월세,80.24,2000,50,1988,쌍미천로84번길,detatched_multiFamily
부산광역시 연제구 연산동,6**,월세,80.37,2000,90,1997,대리로,detatched_multiFamily
부산광역시 연제구 연산동,1***,월세,80.4,6000,30,1994,대리로,detatched_multiFamily
부산광역시 연제구 연산동,6**,전세,80.44,13000,0,1973,월드컵대로46번길,detatched_multiFamily
부산광역시 연제구 연산동,1***,월세,80.45,3000,25,2010,중앙천로76번길,detatched_multiFamily
부산광역시 연제구 연산동,3**,월세,80.64,500,50,1984,과정로,detatched_multiFamily
부산광역시 연제구 연산동,4**,전세,80.92,5000,0,1983,과정로191번다길,detatched_multiFamily
부산광역시 연제구 연산동,6**,월세,81,1000,50,1997,쌍미천로,detatched_multiFamily
부산광역시 연제구 연산동,1***,전세,81.08,20000,0,,연수로171번길,detatched_multiFamily
부산광역시 연제구 연산동,1***,전세,81.08,20000,0,,연수로171번길,detatched_multiFamily
부산광역시 연제구 연산동,3**,월세,81.12,1000,20,1997,연동로8번길,detatched_multiFamily
부산광역시 연제구 연산동,6**,월세,81.19,1000,40,1974,쌍미천로87번길,detatched_multiFamily
부산광역시 연제구 연산동,3**,월세,81.85,10000,20,1978,고분로56번길,detatched_multiFamily
부산광역시 연제구 연산동,3**,월세,82.36,1000,90,1992,과정로344번길,detatched_multiFamily
부산광역시 연제구 연산동,6**,월세,82.37,2000,40,1975,쌍미천로135번길,detatched_multiFamily
부산광역시 연제구 연산동,5**,월세,82.38,500,75,2006,중앙대로1134번길,detatched_multiFamily
부산광역시 연제구 연산동,3**,전세,82.58,12000,0,1984,안연로8번길,detatched_multiFamily
부산광역시 연제구 연산동,3**,전세,82.58,15000,0,1984,안연로8번길,detatched_multiFamily
부산광역시 연제구 연산동,6**,월세,82.64,2500,45,1970,월드컵대로46번길,detatched_multiFamily
부산광역시 연제구 연산동,4**,월세,82.65,100,34,2010,과정로191번나길,detatched_multiFamily
부산광역시 연제구 연산동,4**,월세,82.65,500,30,2010,과정로191번나길,detatched_multiFamily
부산광역시 연제구 연산동,6**,월세,82.69,2000,38,1989,쌍미천로47번길,detatched_multiFamily
부산광역시 연제구 연산동,6**,월세,82.97,2000,45,1995,고분로32번길,detatched_multiFamily
부산광역시 연제구 연산동,4**,월세,83.3,2500,50,1991,고분로242번길,detatched_multiFamily
부산광역시 연제구 연산동,2***,전세,84.24,10000,0,1994,배산북로,detatched_multiFamily
부산광역시 연제구 연산동,5**,월세,84.76,5500,10,1989,거제천로230번길,detatched_multiFamily
부산광역시 연제구 연산동,1***,월세,84.99,7000,40,1985,대리로12번길,detatched_multiFamily
부산광역시 연제구 연산동,4**,전세,85.05,8500,0,1991,과정로164번길,detatched_multiFamily
부산광역시 연제구 연산동,4**,월세,85.16,200,29,2012,고분로242번길,detatched_multiFamily
부산광역시 연제구 연산동,4**,월세,86.2,4000,42,1986,과정로132번길,detatched_multiFamily
부산광역시 연제구 연산동,3**,월세,86.87,2000,40,1991,고분로105번길,detatched_multiFamily
부산광역시 연제구 연산동,4**,월세,86.91,2000,57,1993,과정로,detatched_multiFamily
부산광역시 연제구 연산동,1***,전세,87,14000,0,1995,대리로6번길,detatched_multiFamily
부산광역시 연제구 연산동,1***,월세,88,2000,70,2005,신촌로23번길,detatched_multiFamily
부산광역시 연제구 연산동,1***,월세,88.83,1000,80,1984,연수로208번길,detatched_multiFamily
부산광역시 연제구 연산동,1**,전세,89.26,11000,0,1984,과정로114번길,detatched_multiFamily
부산광역시 연제구 연산동,5*,월세,89.55,5000,50,1986,토곡남로,detatched_multiFamily
부산광역시 연제구 연산동,1***,전세,90.32,5000,0,1995,쌍미천로7번길,detatched_multiFamily
부산광역시 연제구 연산동,3**,전세,90.36,13000,0,1982,연안로13번길,detatched_multiFamily
부산광역시 연제구 연산동,3**,전세,90.54,3700,0,1988,안연로7번나길,detatched_multiFamily
부산광역시 연제구 연산동,1***,월세,90.75,2500,8,2010,거제천로118번길,detatched_multiFamily
부산광역시 연제구 연산동,1***,월세,90.75,500,32,2010,거제천로118번길,detatched_multiFamily
부산광역시 연제구 연산동,5**,월세,90.89,2000,29,1989,거제천로230번길,detatched_multiFamily
부산광역시 연제구 연산동,3**,전세,91.13,10000,0,1996,과정로348번길,detatched_multiFamily
부산광역시 연제구 연산동,3**,월세,91.16,1000,45,1995,고분로143번길,detatched_multiFamily
부산광역시 연제구 연산동,3**,월세,91.4,2000,65,1979,쌍미천로162번길,detatched_multiFamily
부산광역시 연제구 연산동,6**,전세,91.47,15000,0,1986,월드컵대로46번길,detatched_multiFamily
부산광역시 연제구 연산동,8**,월세,91.97,3000,6,2010,연제로27번길,detatched_multiFamily
부산광역시 연제구 연산동,4**,전세,92.06,10000,0,2013,과정로265번길,detatched_multiFamily
부산광역시 연제구 연산동,1***,전세,92.25,10000,0,1990,고분로20번길,detatched_multiFamily
부산광역시 연제구 연산동,1***,월세,92.5,500,27,1995,금련로22번길,detatched_multiFamily
부산광역시 연제구 연산동,4**,월세,93,1000,55,1984,좌수영로,detatched_multiFamily
부산광역시 연제구 연산동,3**,월세,94.64,1000,20,1997,연동로8번길,detatched_multiFamily
부산광역시 연제구 연산동,3**,월세,95.43,6000,10,2021,과정로276번가길,detatched_multiFamily
부산광역시 연제구 연산동,2***,월세,97.91,300,34,2012,쌍미천로7번길,detatched_multiFamily
부산광역시 연제구 연산동,2***,월세,97.91,3000,23,2012,쌍미천로7번길,detatched_multiFamily
부산광역시 연제구 연산동,4**,월세,98.76,5000,10,1988,고분로170번길,detatched_multiFamily
부산광역시 연제구 연산동,3**,월세,98.92,2000,15,2010,연동로7번길,detatched_multiFamily
부산광역시 연제구 연산동,3**,월세,99.17,1000,50,1987,과정로,detatched_multiFamily
부산광역시 연제구 연산동,4**,월세,101.39,500,20,1982,과정로191번다길,detatched_multiFamily
부산광역시 연제구 연산동,3**,전세,102.37,15000,0,2003,고분로,detatched_multiFamily
부산광역시 연제구 연산동,6**,월세,102.82,6000,10,1991,월드컵대로58번길,detatched_multiFamily
부산광역시 연제구 연산동,6**,전세,102.82,4500,0,1991,월드컵대로58번길,detatched_multiFamily
부산광역시 연제구 연산동,6**,전세,102.92,14000,0,2011,쌍미천로87번길,detatched_multiFamily
부산광역시 연제구 연산동,1***,월세,103.17,3000,45,1992,금련로38번길,detatched_multiFamily
부산광역시 연제구 연산동,1***,월세,103.17,500,35,1992,금련로38번길,detatched_multiFamily
부산광역시 연제구 연산동,1***,월세,106.09,100,29,2010,대리로5번길,detatched_multiFamily
부산광역시 연제구 연산동,3**,월세,109.78,2000,30,1983,과정로208번길,detatched_multiFamily
부산광역시 연제구 연산동,1***,월세,110.57,400,39,2010,중앙천로,detatched_multiFamily
부산광역시 연제구 연산동,7**,전세,112,9500,0,1978,고분로20번가길,detatched_multiFamily
부산광역시 연제구 연산동,4**,월세,112.68,500,40,1994,과정로191번다길,detatched_multiFamily
부산광역시 연제구 연산동,4**,전세,112.96,12000,0,1983,고분로242번길,detatched_multiFamily
부산광역시 연제구 연산동,6**,월세,113.1,200,29,2010,쌍미천로73번길,detatched_multiFamily
부산광역시 연제구 연산동,2***,전세,113.44,15000,0,1973,배산로,detatched_multiFamily
부산광역시 연제구 연산동,1***,월세,117.19,2500,10,1991,과정로287번길,detatched_multiFamily
부산광역시 연제구 연산동,3**,월세,119.34,500,55,1990,과정로294번길,detatched_multiFamily
부산광역시 연제구 연산동,7**,월세,119.44,1000,50,1990,중앙천로,detatched_multiFamily
부산광역시 연제구 연산동,4**,월세,120,1000,33,1977,고분로248번길,detatched_multiFamily
부산광역시 연제구 연산동,4**,월세,120,1000,35,1977,고분로248번길,detatched_multiFamily
부산광역시 연제구 연산동,9**,월세,121.34,2000,20,1979,고분로93번길,detatched_multiFamily
부산광역시 연제구 연산동,3**,월세,122.14,1000,90,1990,과정로294번길,detatched_multiFamily
부산광역시 연제구 연산동,2***,월세,123.1,3000,50,2011,과정로,detatched_multiFamily
부산광역시 연제구 연산동,5*,전세,130,10000,0,1995,토곡남로,detatched_multiFamily
부산광역시 연제구 연산동,4**,월세,134.9,2000,20,1991,고분로,detatched_multiFamily
부산광역시 연제구 연산동,3**,월세,136.7,500,30,1990,과정로278번길,detatched_multiFamily
부산광역시 연제구 연산동,3**,월세,137.1,2000,55,2014,연동로,detatched_multiFamily
부산광역시 연제구 연산동,6**,전세,140.2,4000,0,1993,대리로,detatched_multiFamily
부산광역시 연제구 연산동,1***,월세,141.99,400,50,2016,대리로19번길,detatched_multiFamily
부산광역시 연제구 연산동,1***,월세,144.19,1500,105,2001,월드컵대로165번길,detatched_multiFamily
부산광역시 연제구 연산동,5**,월세,146.2,2000,35,1989,거제천로230번길,detatched_multiFamily
부산광역시 연제구 연산동,4**,전세,149.91,8000,0,1981,고분로248번길,detatched_multiFamily
부산광역시 연제구 연산동,3**,월세,155.37,4000,15,1978,연동로8번길,detatched_multiFamily
부산광역시 연제구 연산동,1***,월세,169.8,10000,20,2000,중앙대로1038번길,detatched_multiFamily
부산광역시 연제구 연산동,3**,월세,173.08,5000,40,1989,과정로,detatched_multiFamily
부산광역시 연제구 연산동,6**,월세,197.36,2000,40,1977,고분로32번길,detatched_multiFamily
부산광역시 연제구 연산동,4**,월세,197.6,500,40,1994,과정로191번다길,detatched_multiFamily
부산광역시 연제구 연산동,1***,월세,199.36,3000,35,1994,대리로5번길,detatched_multiFamily
부산광역시 영도구 남항동1가,1**,월세,25,300,36,1986,남항로,detatched_multiFamily
부산광역시 영도구 남항동1가,2**,전세,34.71,2500,0,,남항로41번길,detatched_multiFamily
부산광역시 영도구 남항동1가,2**,전세,39.44,8000,0,1973,절영로43번길,detatched_multiFamily
부산광역시 영도구 남항동1가,1**,월세,47.6,500,28,1972,남항로25번길,detatched_multiFamily
부산광역시 영도구 남항동1가,1**,월세,59,3000,35,2000,남항로,detatched_multiFamily
부산광역시 영도구 남항동1가,1**,월세,59.57,3000,12,,남항로25번길,detatched_multiFamily
부산광역시 영도구 남항동1가,2**,전세,72.07,14000,0,1976,남항로37번길,detatched_multiFamily
부산광역시 영도구 남항동1가,1**,월세,74.93,1000,40,1993,절영로43번길,detatched_multiFamily
부산광역시 영도구 남항동1가,9*,월세,78.88,2000,45,1990,남항로9번길,detatched_multiFamily
부산광역시 영도구 남항동1가,1**,월세,84,2000,55,1992,절영로49번길,detatched_multiFamily
부산광역시 영도구 남항동1가,1**,전세,100.84,10000,0,1992,절영로,detatched_multiFamily
부산광역시 영도구 남항동2가,1**,월세,38.38,1200,30,1982,남항서로82번길,detatched_multiFamily
부산광역시 영도구 남항동2가,8*,월세,45,1000,5,,남항로16번길,detatched_multiFamily
부산광역시 영도구 남항동2가,3*,월세,45.27,500,20,1998,남항서로104번길,detatched_multiFamily
부산광역시 영도구 남항동2가,2**,월세,55.67,1000,29,1969,절영로,detatched_multiFamily
부산광역시 영도구 남항동2가,2**,전세,73.52,7000,0,2003,절영로,detatched_multiFamily
부산광역시 영도구 남항동2가,3*,월세,77.94,5000,10,1989,남항로10번길,detatched_multiFamily
부산광역시 영도구 남항동2가,2**,전세,84,7000,0,,절영로93번길,detatched_multiFamily
부산광역시 영도구 남항동2가,3*,월세,114.54,5000,30,,남항서로104번길,detatched_multiFamily
부산광역시 영도구 남항동3가,*,월세,36.36,2500,25,,남항서로,detatched_multiFamily
부산광역시 영도구 남항동3가,*,월세,51.24,1000,30,1977,남항남로9번길,detatched_multiFamily
부산광역시 영도구 남항동3가,5*,전세,52.56,5000,0,1980,남항서로82번길,detatched_multiFamily
부산광역시 영도구 대교동1가,1**,월세,69.76,6000,30,1993,절영로14번길,detatched_multiFamily
부산광역시 영도구 대교동2가,2*,월세,10,1000,20,,절영로13번길,detatched_multiFamily
부산광역시 영도구 대교동2가,1**,월세,16.33,1200,10,,절영로29번길,detatched_multiFamily
부산광역시 영도구 대교동2가,1**,월세,37.02,500,30,1973,남항로25번길,detatched_multiFamily
부산광역시 영도구 대교동2가,1**,월세,49.88,5000,7,1973,절영로35번길,detatched_multiFamily
부산광역시 영도구 대교동2가,9*,월세,56,6000,30,,태종로95번길,detatched_multiFamily
부산광역시 영도구 대교동2가,9*,월세,60,3000,35,,태종로95번길,detatched_multiFamily
부산광역시 영도구 대교동2가,9*,전세,65,11000,0,,절영로19번길,detatched_multiFamily
부산광역시 영도구 대평동2가,3*,월세,40.96,3000,10,1995,대평로37번길,detatched_multiFamily
부산광역시 영도구 대평동2가,3*,월세,48.2,500,25,,대평남로,detatched_multiFamily
부산광역시 영도구 동삼동,7**,월세,10,500,30,1979,본산로16번길,detatched_multiFamily
부산광역시 영도구 동삼동,2**,전세,12.88,4000,0,2010,웃서발로69번길,detatched_multiFamily
부산광역시 영도구 동삼동,2**,월세,13.05,500,29,2010,웃서발로69번길,detatched_multiFamily
부산광역시 영도구 동삼동,7**,월세,15,300,30,2003,태종로750번길,detatched_multiFamily
부산광역시 영도구 동삼동,2**,전세,15.45,4500,0,2017,동삼로93번길,detatched_multiFamily
부산광역시 영도구 동삼동,3**,월세,15.92,100,25,2011,동삼로29번길,detatched_multiFamily
부산광역시 영도구 동삼동,3**,월세,16.45,100,27,2001,근면1길,detatched_multiFamily
부산광역시 영도구 동삼동,3**,월세,16.45,100,25,2001,근면1길,detatched_multiFamily
부산광역시 영도구 동삼동,2**,월세,17.5,1000,25,2011,웃서발로99번길,detatched_multiFamily
부산광역시 영도구 동삼동,2**,월세,18,500,25,1979,웃서발로99번길,detatched_multiFamily
부산광역시 영도구 동삼동,3**,월세,18,500,30,2010,동삼남로,detatched_multiFamily
부산광역시 영도구 동삼동,3**,월세,19.6,500,30,2010,동삼남로,detatched_multiFamily
부산광역시 영도구 동삼동,7**,월세,19.8,500,30,1974,본산로,detatched_multiFamily
부산광역시 영도구 동삼동,3**,월세,20,500,30,2010,동삼남로,detatched_multiFamily
부산광역시 영도구 동삼동,3**,전세,20,2500,0,1996,동삼로,detatched_multiFamily
부산광역시 영도구 동삼동,2**,월세,20.15,500,30,2011,웃서발로99번길,detatched_multiFamily
부산광역시 영도구 동삼동,2**,월세,20.15,2000,30,2011,웃서발로99번길,detatched_multiFamily
부산광역시 영도구 동삼동,3**,월세,20.3,50,10,2011,동삼로29번길,detatched_multiFamily
부산광역시 영도구 동삼동,2**,월세,20.8,1000,30,2012,웃서발로67번길,detatched_multiFamily
부산광역시 영도구 동삼동,2**,전세,21.04,3500,0,,동삼로93번길,detatched_multiFamily
부산광역시 영도구 동삼동,2**,월세,21.5,500,30,2010,웃서발로83번길,detatched_multiFamily
부산광역시 영도구 동삼동,2**,월세,21.5,500,30,2010,웃서발로83번길,detatched_multiFamily
부산광역시 영도구 동삼동,2**,월세,21.5,300,25,2011,동삼동로14번길,detatched_multiFamily
부산광역시 영도구 동삼동,2**,전세,21.5,5000,0,2010,동삼로68번길,detatched_multiFamily
부산광역시 영도구 동삼동,2**,월세,23,2000,20,2017,동삼로93번길,detatched_multiFamily
부산광역시 영도구 동삼동,2**,월세,23,1500,25,2010,웃서발로83번길,detatched_multiFamily
부산광역시 영도구 동삼동,2**,전세,23.16,4500,0,2010,동삼로68번길,detatched_multiFamily
부산광역시 영도구 동삼동,2**,월세,23.57,300,25,2001,동삼동로13번길,detatched_multiFamily
부산광역시 영도구 동삼동,2**,전세,23.57,2000,0,2001,동삼동로13번길,detatched_multiFamily
부산광역시 영도구 동삼동,2**,월세,25.8,200,25,2002,동삼로106번길,detatched_multiFamily
부산광역시 영도구 동삼동,2**,월세,26,2000,24,2009,웃서발로83번길,detatched_multiFamily
부산광역시 영도구 동삼동,2**,월세,26,500,29,2009,웃서발로67번길,detatched_multiFamily
부산광역시 영도구 동삼동,2**,월세,26,500,35,2010,웃서발로69번길,detatched_multiFamily
부산광역시 영도구 동삼동,2**,전세,26,4500,0,2009,웃서발로83번길,detatched_multiFamily
부산광역시 영도구 동삼동,2**,전세,26,4000,0,2009,웃서발로83번길,detatched_multiFamily
부산광역시 영도구 동삼동,2**,월세,26.45,500,29,2009,웃서발로67번길,detatched_multiFamily
부산광역시 영도구 동삼동,2**,월세,26.45,500,29,2009,웃서발로67번길,detatched_multiFamily
부산광역시 영도구 동삼동,2**,월세,29,500,29,2009,웃서발로67번길,detatched_multiFamily
부산광역시 영도구 동삼동,6**,전세,29.12,5000,0,2018,중리남로,detatched_multiFamily
부산광역시 영도구 동삼동,2**,월세,30,500,35,2017,동삼로93번길,detatched_multiFamily
부산광역시 영도구 동삼동,2**,월세,30,300,30,2010,동삼로68번길,detatched_multiFamily
부산광역시 영도구 동삼동,9**,월세,30.5,200,43,1993,하리길,detatched_multiFamily
부산광역시 영도구 동삼동,5**,월세,30.68,500,20,1980,중리북로39번길,detatched_multiFamily
부산광역시 영도구 동삼동,2**,월세,33,500,29,2009,웃서발로67번길,detatched_multiFamily
부산광역시 영도구 동삼동,2**,전세,33,4000,0,2009,웃서발로83번길,detatched_multiFamily
부산광역시 영도구 동삼동,2**,전세,33,4500,0,2011,웃서발로99번길,detatched_multiFamily
부산광역시 영도구 동삼동,2**,전세,36,4500,0,2001,동삼동로13번길,detatched_multiFamily
부산광역시 영도구 동삼동,2**,전세,36,4000,0,2001,동삼동로13번길,detatched_multiFamily
부산광역시 영도구 동삼동,7**,월세,36.96,2000,10,1989,본산로16번길,detatched_multiFamily
부산광역시 영도구 동삼동,2**,월세,37.23,1000,37,1984,동삼로,detatched_multiFamily
부산광역시 영도구 동삼동,9**,월세,39.66,300,30,1990,하리서길,detatched_multiFamily
부산광역시 영도구 동삼동,2**,전세,40.48,5500,0,2009,웃서발로83번길,detatched_multiFamily
부산광역시 영도구 동삼동,2**,전세,41.85,5500,0,1978,웃서발로83번길,detatched_multiFamily
부산광역시 영도구 동삼동,2**,전세,41.85,5500,0,1978,웃서발로83번길,detatched_multiFamily
부산광역시 영도구 동삼동,7**,전세,42.59,3500,0,1992,태종로,detatched_multiFamily
부산광역시 영도구 동삼동,2**,월세,42.9,2000,10,1990,태종로514번길,detatched_multiFamily
부산광역시 영도구 동삼동,2**,월세,42.97,800,20,1990,웃서발로69번길,detatched_multiFamily
부산광역시 영도구 동삼동,3**,전세,43.38,4600,0,1992,동삼로59번길,detatched_multiFamily
부산광역시 영도구 동삼동,2**,전세,43.56,7000,0,,동삼동로,detatched_multiFamily
부산광역시 영도구 동삼동,2**,월세,44,500,30,1990,동삼서로,detatched_multiFamily
부산광역시 영도구 동삼동,2**,월세,45,2000,15,1990,동삼서로,detatched_multiFamily
부산광역시 영도구 동삼동,2**,월세,46,500,25,1995,동삼로81번길,detatched_multiFamily
부산광역시 영도구 동삼동,8**,월세,46,2000,10,1990,본산남길25번길,detatched_multiFamily
부산광역시 영도구 동삼동,2**,월세,46.3,2000,29,2010,동삼로68번길,detatched_multiFamily
부산광역시 영도구 동삼동,2**,전세,46.3,5000,0,2010,동삼로68번길,detatched_multiFamily
부산광역시 영도구 동삼동,2**,전세,48.36,5000,0,1984,태종로,detatched_multiFamily
부산광역시 영도구 동삼동,9**,월세,48.72,500,29,1980,아랫서발길,detatched_multiFamily
부산광역시 영도구 동삼동,3**,월세,49.42,1000,30,1975,동삼로28번길,detatched_multiFamily
부산광역시 영도구 동삼동,3**,전세,49.58,2300,0,1995,동삼남로,detatched_multiFamily
부산광역시 영도구 동삼동,3**,월세,49.59,500,30,1990,근면길,detatched_multiFamily
부산광역시 영도구 동삼동,3**,전세,51.15,7000,0,,장수5길,detatched_multiFamily
부산광역시 영도구 동삼동,5**,월세,53.09,1000,25,1979,중리북로41번길,detatched_multiFamily
부산광역시 영도구 동삼동,2**,전세,54.08,5000,0,1987,웃서발로,detatched_multiFamily
부산광역시 영도구 동삼동,3**,월세,54.99,3500,25,1990,,detatched_multiFamily
부산광역시 영도구 동삼동,2**,월세,56,1000,15,1989,동삼서로,detatched_multiFamily
부산광역시 영도구 동삼동,8**,월세,57.59,500,30,1990,본산남길25번길,detatched_multiFamily
부산광역시 영도구 동삼동,8**,전세,64.26,3500,0,1991,아랫서발길,detatched_multiFamily
부산광역시 영도구 동삼동,2**,월세,65.88,3000,20,1994,,detatched_multiFamily
부산광역시 영도구 동삼동,2**,월세,66.51,1000,35,1990,와치로161번길,detatched_multiFamily
부산광역시 영도구 동삼동,2**,월세,68.4,200,30,2012,와치로167번길,detatched_multiFamily
부산광역시 영도구 동삼동,3**,월세,68.58,1000,35,1985,동삼로,detatched_multiFamily
부산광역시 영도구 동삼동,3**,전세,68.93,5000,0,1978,근면2길,detatched_multiFamily
부산광역시 영도구 동삼동,5**,전세,69.95,10000,0,1979,절영로,detatched_multiFamily
부산광역시 영도구 동삼동,8**,전세,70.31,13000,0,1972,본산로,detatched_multiFamily
부산광역시 영도구 동삼동,3**,전세,74.4,6000,0,,,detatched_multiFamily
부산광역시 영도구 동삼동,7**,전세,76,5000,0,1990,본산로16번길,detatched_multiFamily
부산광역시 영도구 동삼동,8**,월세,79.3,100,25,,하리서길,detatched_multiFamily
부산광역시 영도구 동삼동,9**,월세,82.15,100,15,1990,아랫서발길37번길,detatched_multiFamily
부산광역시 영도구 동삼동,9**,월세,82.3,100,23,1990,태종로793번길,detatched_multiFamily
부산광역시 영도구 동삼동,8**,전세,82.98,2000,0,1994,본산남길,detatched_multiFamily
부산광역시 영도구 동삼동,3**,전세,84.01,12000,0,2019,동삼로29번길,detatched_multiFamily
부산광역시 영도구 동삼동,5**,전세,95.11,5500,0,2010,중리북로,detatched_multiFamily
부산광역시 영도구 동삼동,7**,월세,101.79,2000,40,1989,본산로16번길,detatched_multiFamily
부산광역시 영도구 동삼동,3**,전세,118.32,4500,0,1990,태종로638번길,detatched_multiFamily
부산광역시 영도구 동삼동,3**,월세,120,0,20,1978,근면2길,detatched_multiFamily
부산광역시 영도구 동삼동,2**,월세,132,1000,15,1985,웃서발로99번길,detatched_multiFamily
부산광역시 영도구 동삼동,5**,월세,143.92,7000,30,1997,절영로,detatched_multiFamily
부산광역시 영도구 동삼동,3**,전세,152.48,5000,0,1976,웃서발로,detatched_multiFamily
부산광역시 영도구 동삼동,2**,월세,191,3000,30,,동삼서로,detatched_multiFamily
부산광역시 영도구 봉래동1가,9*,월세,38.06,300,30,1996,절영로,detatched_multiFamily
부산광역시 영도구 봉래동1가,9*,전세,45,4500,0,1993,절영로,detatched_multiFamily
부산광역시 영도구 봉래동2가,*,월세,36,300,35,2014,태종로89번길,detatched_multiFamily
부산광역시 영도구 봉래동2가,6*,월세,49.59,1000,40,2014,태종로95번길,detatched_multiFamily
부산광역시 영도구 봉래동3가,1**,월세,17.85,300,25,,대교로14번길,detatched_multiFamily
부산광역시 영도구 봉래동3가,6*,월세,25,300,20,1983,번영길,detatched_multiFamily
부산광역시 영도구 봉래동3가,1**,월세,29.86,300,35,2003,대교로14번길,detatched_multiFamily
부산광역시 영도구 봉래동3가,1**,전세,53.2,3000,0,,대교로14번길,detatched_multiFamily
부산광역시 영도구 봉래동3가,9*,전세,57.2,4500,0,,대교로2번길,detatched_multiFamily
부산광역시 영도구 봉래동3가,1**,전세,71.76,7000,0,1994,대교로14번길,detatched_multiFamily
부산광역시 영도구 봉래동3가,5*,월세,122.1,2000,40,1990,번영길,detatched_multiFamily
부산광역시 영도구 봉래동4가,2**,전세,23.33,2500,0,1976,개량2길,detatched_multiFamily
부산광역시 영도구 봉래동4가,5*,월세,25.74,1000,20,,봉래언덕길,detatched_multiFamily
부산광역시 영도구 봉래동4가,1**,월세,27.44,500,15,,동백꽃길,detatched_multiFamily
부산광역시 영도구 봉래동4가,1**,월세,33,50,25,,동백꽃길,detatched_multiFamily
부산광역시 영도구 봉래동4가,5*,월세,33,1500,10,,태종로,detatched_multiFamily
부산광역시 영도구 봉래동4가,4*,월세,33.59,4000,20,,태종로165번길,detatched_multiFamily
부산광역시 영도구 봉래동4가,5*,월세,46.28,1000,20,,태종로,detatched_multiFamily
부산광역시 영도구 봉래동4가,5*,월세,46.28,1000,10,,태종로,detatched_multiFamily
부산광역시 영도구 봉래동4가,1**,월세,46.28,1000,20,2000,동백꽃길,detatched_multiFamily
부산광역시 영도구 봉래동4가,2**,월세,50,0,15,,상수도길,detatched_multiFamily
부산광역시 영도구 봉래동4가,4*,월세,50,50,15,,태종로,detatched_multiFamily
부산광역시 영도구 봉래동4가,2**,전세,51.76,6700,0,1978,다복솔길,detatched_multiFamily
부산광역시 영도구 봉래동4가,2**,전세,53,4000,0,1977,개량1길,detatched_multiFamily
부산광역시 영도구 봉래동4가,1**,월세,53.06,300,20,,개량2길,detatched_multiFamily
부산광역시 영도구 봉래동4가,2**,월세,58.13,500,12,1990,봉래길,detatched_multiFamily
부산광역시 영도구 봉래동4가,1**,월세,59,100,20,1985,한결길,detatched_multiFamily
부산광역시 영도구 봉래동4가,1**,월세,64.66,300,15,1976,개량1길,detatched_multiFamily
부산광역시 영도구 봉래동4가,1**,월세,69.03,200,20,,동백꽃길,detatched_multiFamily
부산광역시 영도구 봉래동4가,1**,월세,85.71,3000,5,,개량1길,detatched_multiFamily
부산광역시 영도구 봉래동4가,1**,월세,87.78,500,20,1976,봉래길,detatched_multiFamily
부산광역시 영도구 봉래동4가,2**,전세,88,8000,0,1981,봉래길,detatched_multiFamily
부산광역시 영도구 봉래동4가,1**,월세,89.25,1000,10,1985,동백꽃길,detatched_multiFamily
부산광역시 영도구 봉래동4가,1**,월세,110,300,10,,동백꽃길,detatched_multiFamily
부산광역시 영도구 봉래동4가,1**,월세,110,500,15,,동백꽃길,detatched_multiFamily
부산광역시 영도구 봉래동5가,8*,월세,20,0,10,1975,외나무길,detatched_multiFamily
부산광역시 영도구 봉래동5가,1**,월세,28,1000,20,,하나길,detatched_multiFamily
부산광역시 영도구 봉래동5가,6*,전세,36,1500,0,,사택길,detatched_multiFamily
부산광역시 영도구 봉래동5가,6*,월세,36.81,100,10,,,detatched_multiFamily
부산광역시 영도구 봉래동5가,6*,월세,38.54,500,25,1985,봉래언덕길,detatched_multiFamily
부산광역시 영도구 봉래동5가,7*,월세,39.13,300,15,,무궁화길,detatched_multiFamily
부산광역시 영도구 봉래동5가,1**,월세,39.66,300,10,,장미계단길,detatched_multiFamily
부산광역시 영도구 봉래동5가,1**,월세,41,0,10,,장미계단길,detatched_multiFamily
부산광역시 영도구 봉래동5가,1**,월세,41,0,10,,장미계단길,detatched_multiFamily
부산광역시 영도구 봉래동5가,8*,전세,42.81,2000,0,1976,봉숭아길,detatched_multiFamily
부산광역시 영도구 봉래동5가,1**,월세,50,200,20,1985,사택길,detatched_multiFamily
부산광역시 영도구 봉래동5가,1**,전세,50,1000,0,1993,오동꽃길,detatched_multiFamily
부산광역시 영도구 봉래동5가,3*,전세,51.8,9000,0,,하나길,detatched_multiFamily
부산광역시 영도구 봉래동5가,1**,월세,59,500,15,1992,하나길,detatched_multiFamily
부산광역시 영도구 봉래동5가,1**,월세,59.5,5000,5,1975,,detatched_multiFamily
부산광역시 영도구 봉래동5가,1**,월세,59.5,200,20,1985,나팔꽃길,detatched_multiFamily
부산광역시 영도구 봉래동5가,1**,전세,59.5,3000,0,1975,장미계단길,detatched_multiFamily
부산광역시 영도구 봉래동5가,1**,월세,60,500,20,,,detatched_multiFamily
부산광역시 영도구 봉래동5가,1**,월세,66,100,25,1991,장미계단길,detatched_multiFamily
부산광역시 영도구 봉래동5가,1**,전세,66.16,3500,0,1987,하나길,detatched_multiFamily
부산광역시 영도구 봉래동5가,6*,월세,66.51,2000,30,1979,무궁화길,detatched_multiFamily
부산광역시 영도구 봉래동5가,1**,월세,79.56,100,20,,,detatched_multiFamily
부산광역시 영도구 봉래동5가,1**,전세,81.38,3500,0,1991,방울꽃길,detatched_multiFamily
부산광역시 영도구 봉래동5가,1**,월세,88.06,300,18,1985,해돋이1길,detatched_multiFamily
부산광역시 영도구 봉래동5가,1**,월세,91.09,1000,12,1991,봉래길,detatched_multiFamily
부산광역시 영도구 봉래동5가,1**,전세,103.13,2500,0,1990,장미계단길,detatched_multiFamily
부산광역시 영도구 봉래동5가,6*,월세,159.13,500,20,,봉래언덕길,detatched_multiFamily
부산광역시 영도구 신선동1가,2**,월세,14.62,300,10,1985,참샘길,detatched_multiFamily
부산광역시 영도구 신선동1가,1**,월세,23.43,500,10,1983,한결길,detatched_multiFamily
부산광역시 영도구 신선동1가,2**,월세,36.07,2000,15,1978,다복솔길,detatched_multiFamily
부산광역시 영도구 신선동1가,2**,월세,39.34,3000,15,,다복솔길,detatched_multiFamily
부산광역시 영도구 신선동1가,1**,전세,40,4000,0,,참우물길,detatched_multiFamily
부산광역시 영도구 신선동1가,2**,월세,46.58,200,20,1985,진달래길,detatched_multiFamily
부산광역시 영도구 신선동1가,7*,전세,49.65,8000,0,1977,영도새싹길,detatched_multiFamily
부산광역시 영도구 신선동1가,7*,전세,49.65,8000,0,1977,영도새싹길,detatched_multiFamily
부산광역시 영도구 신선동1가,1**,월세,54.54,1000,10,1999,참우물길,detatched_multiFamily
부산광역시 영도구 신선동1가,2**,월세,58.01,1000,20,1997,중복3길,detatched_multiFamily
부산광역시 영도구 신선동1가,2**,월세,75.7,1000,35,1977,하나길,detatched_multiFamily
부산광역시 영도구 신선동1가,2**,월세,78.31,2000,35,1977,하나길,detatched_multiFamily
부산광역시 영도구 신선동2가,6*,월세,23.03,3000,10,1994,나눔길,detatched_multiFamily
부산광역시 영도구 신선동2가,1**,월세,32.39,2500,5,1994,중복길,detatched_multiFamily
부산광역시 영도구 신선동2가,1**,월세,33,0,10,1985,중복2길,detatched_multiFamily
부산광역시 영도구 신선동2가,1**,전세,33.1,2000,0,,,detatched_multiFamily
부산광역시 영도구 신선동2가,1**,전세,46.08,3500,0,1979,신선초롱길,detatched_multiFamily
부산광역시 영도구 신선동2가,1**,월세,46.71,1000,17,1980,세갈래길,detatched_multiFamily
부산광역시 영도구 신선동2가,3*,전세,47.6,5000,0,2020,남항시장길,detatched_multiFamily
부산광역시 영도구 신선동2가,1**,월세,49.5,100,13,1985,새천년길,detatched_multiFamily
부산광역시 영도구 신선동2가,1**,월세,57.33,2000,20,1985,신선초롱길,detatched_multiFamily
부산광역시 영도구 신선동2가,1**,월세,57.83,3000,30,1999,새천년길,detatched_multiFamily
부산광역시 영도구 신선동2가,1**,월세,63.7,1500,10,1975,신선초롱길,detatched_multiFamily
부산광역시 영도구 신선동2가,3*,월세,63.78,1000,35,1991,남항시장길,detatched_multiFamily
부산광역시 영도구 신선동2가,3*,월세,63.78,1000,35,1991,남항시장길,detatched_multiFamily
부산광역시 영도구 신선동2가,1**,월세,65.77,2000,20,,새천년길,detatched_multiFamily
부산광역시 영도구 신선동2가,1**,전세,66.12,3000,0,1980,하나길,detatched_multiFamily
부산광역시 영도구 신선동2가,3*,전세,66.12,9800,0,,남항시장길,detatched_multiFamily
부산광역시 영도구 신선동2가,1**,전세,99.6,3000,0,2001,중복2길,detatched_multiFamily
부산광역시 영도구 신선동2가,1**,월세,116,300,18,1979,신선초롱길,detatched_multiFamily
부산광역시 영도구 신선동3가,7*,전세,16.53,1000,0,1976,초롱꽃길,detatched_multiFamily
부산광역시 영도구 신선동3가,1**,전세,25.08,5000,0,2005,,detatched_multiFamily
부산광역시 영도구 신선동3가,1**,전세,27,3000,0,,중복길,detatched_multiFamily
부산광역시 영도구 신선동3가,1**,전세,28.4,1000,0,1985,영마루3길,detatched_multiFamily
부산광역시 영도구 신선동3가,1**,전세,29.8,2000,0,,놀이터길,detatched_multiFamily
부산광역시 영도구 신선동3가,1**,월세,29.82,1000,25,,수정길,detatched_multiFamily
부산광역시 영도구 신선동3가,산1*,월세,30.04,0,10,1979,,detatched_multiFamily
부산광역시 영도구 신선동3가,1**,월세,33,500,20,1985,영마루1길,detatched_multiFamily
부산광역시 영도구 신선동3가,1*,월세,34.8,1000,15,1984,개나리길,detatched_multiFamily
부산광역시 영도구 신선동3가,9*,월세,39.33,1000,5,1985,해오름2길,detatched_multiFamily
부산광역시 영도구 신선동3가,9*,전세,41.88,3000,0,1993,해오름2길,detatched_multiFamily
부산광역시 영도구 신선동3가,*,월세,43.74,5000,10,2015,개나리길,detatched_multiFamily
부산광역시 영도구 신선동3가,8*,전세,49,3000,0,1991,에움길,detatched_multiFamily
부산광역시 영도구 신선동3가,3*,월세,52.07,2000,25,,재능길,detatched_multiFamily
부산광역시 영도구 신선동3가,3*,전세,52.07,4000,0,,재능길,detatched_multiFamily
부산광역시 영도구 신선동3가,1**,전세,52.08,3000,0,2002,배꽃길,detatched_multiFamily
부산광역시 영도구 신선동3가,1**,월세,52.56,500,15,1996,놀이터길,detatched_multiFamily
부산광역시 영도구 신선동3가,1**,전세,53.11,2300,0,1992,산정길,detatched_multiFamily
부산광역시 영도구 신선동3가,8*,전세,55.97,3000,0,1974,하나길,detatched_multiFamily
부산광역시 영도구 신선동3가,8*,전세,56.2,3000,0,1974,하나길,detatched_multiFamily
부산광역시 영도구 신선동3가,*,월세,62.59,4000,37,1986,개나리길,detatched_multiFamily
부산광역시 영도구 신선동3가,*,월세,62.59,5000,30,1986,개나리길,detatched_multiFamily
부산광역시 영도구 신선동3가,1**,전세,63,4000,0,,중복길,detatched_multiFamily
부산광역시 영도구 신선동3가,*,월세,66.12,500,20,1971,개나리길,detatched_multiFamily
부산광역시 영도구 신선동3가,2*,월세,93.33,15000,25,2016,,detatched_multiFamily
부산광역시 영도구 신선동3가,1**,전세,106.14,8000,0,1994,영마루2길,detatched_multiFamily
부산광역시 영도구 영선동1가,1*,월세,26.15,500,35,1976,태종로,detatched_multiFamily
부산광역시 영도구 영선동1가,1*,월세,26.15,300,35,1976,태종로,detatched_multiFamily
부산광역시 영도구 영선동1가,9*,월세,41.52,800,25,1974,영봉길,detatched_multiFamily
부산광역시 영도구 영선동1가,1**,월세,45.36,200,30,1986,꿈나무길,detatched_multiFamily
부산광역시 영도구 영선동1가,1**,월세,45.36,500,30,1986,꿈나무길,detatched_multiFamily
부산광역시 영도구 영선동1가,7*,전세,50,3000,0,1991,영봉길,detatched_multiFamily
부산광역시 영도구 영선동1가,8*,월세,51.54,1000,29,1995,영봉길,detatched_multiFamily
부산광역시 영도구 영선동1가,8*,월세,51.54,1000,29,1995,영봉길,detatched_multiFamily
부산광역시 영도구 영선동1가,7*,월세,53,3000,20,1991,영봉길,detatched_multiFamily
부산광역시 영도구 영선동1가,8*,월세,58.12,1000,50,1992,영봉길,detatched_multiFamily
부산광역시 영도구 영선동1가,4*,전세,59.5,7000,0,1992,남항로49번길,detatched_multiFamily
부산광역시 영도구 영선동1가,9*,월세,60.99,800,30,1974,태종로,detatched_multiFamily
부산광역시 영도구 영선동1가,8*,전세,66.12,5500,0,1987,태종로,detatched_multiFamily
부산광역시 영도구 영선동1가,*,월세,70.31,2000,35,1976,태종로113번길,detatched_multiFamily
부산광역시 영도구 영선동1가,1**,전세,73.87,10000,0,2002,한사랑길,detatched_multiFamily
부산광역시 영도구 영선동1가,9*,전세,81.7,2000,0,1982,영봉길,detatched_multiFamily
부산광역시 영도구 영선동1가,1**,월세,95.86,3000,35,,,detatched_multiFamily
부산광역시 영도구 영선동2가,5*,월세,43,2000,10,,절영로101번길,detatched_multiFamily
부산광역시 영도구 영선동2가,1**,월세,47.6,2500,30,1994,영선대로,detatched_multiFamily
부산광역시 영도구 영선동2가,1**,월세,48.96,3000,15,1995,영일길,detatched_multiFamily
부산광역시 영도구 영선동2가,4*,월세,49,3000,36,1988,절영로101번길,detatched_multiFamily
부산광역시 영도구 영선동2가,*,전세,63.34,7000,0,1985,절영로43번길,detatched_multiFamily
부산광역시 영도구 영선동2가,1**,월세,76.89,500,40,1997,영선대로,detatched_multiFamily
부산광역시 영도구 영선동2가,2**,월세,76.91,3500,29,2014,꿈나무길,detatched_multiFamily
부산광역시 영도구 영선동2가,1**,월세,84,300,30,,꿈나무길,detatched_multiFamily
부산광역시 영도구 영선동3가,1**,월세,23,400,25,1970,해님1길,detatched_multiFamily
부산광역시 영도구 영선동3가,3*,월세,31,2000,20,,절영로101번길,detatched_multiFamily
부산광역시 영도구 영선동3가,1**,전세,39.66,7000,0,1970,해님1길,detatched_multiFamily
부산광역시 영도구 영선동3가,1**,월세,59.6,3000,30,,해님1길,detatched_multiFamily
부산광역시 영도구 영선동3가,1**,전세,69.4,8000,0,,영선대로,detatched_multiFamily
부산광역시 영도구 영선동3가,1**,월세,71.46,2500,30,1994,남항새싹1길,detatched_multiFamily
부산광역시 영도구 영선동3가,1**,월세,71.46,2500,25,1994,남항새싹1길,detatched_multiFamily
부산광역시 영도구 영선동3가,1**,월세,71.46,3000,20,1994,남항새싹1길,detatched_multiFamily
부산광역시 영도구 영선동3가,9*,전세,146,7500,0,1992,영선대로,detatched_multiFamily
부산광역시 영도구 영선동3가,4*,전세,176.03,14000,0,2004,절영로,detatched_multiFamily
부산광역시 영도구 영선동4가,2**,전세,25.66,1700,0,1992,남항새싹길,detatched_multiFamily
부산광역시 영도구 영선동4가,1**,월세,26,100,18,,남항새싹2길,detatched_multiFamily
부산광역시 영도구 영선동4가,1**,월세,29.76,2000,20,1985,남항새싹4길,detatched_multiFamily
부산광역시 영도구 영선동4가,9*,월세,32.82,500,15,1984,작은시장2길,detatched_multiFamily
부산광역시 영도구 영선동4가,9*,월세,32.83,500,15,1984,작은시장2길,detatched_multiFamily
부산광역시 영도구 영선동4가,7*,전세,38.94,6000,0,1985,작은시장2길,detatched_multiFamily
부산광역시 영도구 영선동4가,1***,월세,40,500,10,,흰여울길,detatched_multiFamily
부산광역시 영도구 영선동4가,6**,월세,43.21,5500,5,1978,절영로,detatched_multiFamily
부산광역시 영도구 영선동4가,1**,월세,49.5,1000,18,,남항새싹3길,detatched_multiFamily
부산광역시 영도구 영선동4가,8*,전세,50,3500,0,1990,작은시장2길,detatched_multiFamily
부산광역시 영도구 영선동4가,2**,전세,59.4,3000,0,,에움길,detatched_multiFamily
부산광역시 영도구 영선동4가,1**,월세,59.57,1000,20,1974,남항새싹4길,detatched_multiFamily
부산광역시 영도구 영선동4가,1**,전세,59.69,8000,0,,남항새싹2길,detatched_multiFamily
부산광역시 영도구 영선동4가,1**,월세,64.74,4000,20,1994,절영로,detatched_multiFamily
부산광역시 영도구 영선동4가,1***,전세,65.65,5500,0,,향토길,detatched_multiFamily
부산광역시 영도구 영선동4가,6**,월세,66,500,20,,복지관길,detatched_multiFamily
부산광역시 영도구 영선동4가,7*,전세,80.99,4500,0,1973,작은시장1길,detatched_multiFamily
부산광역시 영도구 영선동4가,1***,전세,82.64,3000,0,1986,절영로,detatched_multiFamily
부산광역시 영도구 영선동4가,2**,전세,95.8,5000,0,1982,에움길,detatched_multiFamily
부산광역시 영도구 청학동,2**,월세,16.52,200,10,1991,청학로70번길,detatched_multiFamily
부산광역시 영도구 청학동,5*,월세,20,500,25,,일산봉로,detatched_multiFamily
부산광역시 영도구 청학동,2**,월세,20,500,10,1984,청학북서길23번길,detatched_multiFamily
부산광역시 영도구 청학동,4**,월세,23,500,15,1994,청학남로7번길,detatched_multiFamily
부산광역시 영도구 청학동,1**,전세,23.14,1300,0,,청학동로61번길,detatched_multiFamily
부산광역시 영도구 청학동,2**,월세,28.06,300,20,,청학로,detatched_multiFamily
부산광역시 영도구 청학동,5*,월세,28.9,1500,20,1988,태종로,detatched_multiFamily
부산광역시 영도구 청학동,4*,월세,29,500,27,2009,광암길,detatched_multiFamily
부산광역시 영도구 청학동,4*,월세,29,500,27,2009,광암길,detatched_multiFamily
부산광역시 영도구 청학동,9*,월세,30,800,15,1991,청학남로47번길,detatched_multiFamily
부산광역시 영도구 청학동,1**,월세,30.58,3000,15,,태종로352번길,detatched_multiFamily
부산광역시 영도구 청학동,3**,전세,31.27,4000,0,,,detatched_multiFamily
부산광역시 영도구 청학동,4**,월세,33,1200,20,,와치로39번길,detatched_multiFamily
부산광역시 영도구 청학동,4**,월세,33,1200,20,1974,,detatched_multiFamily
부산광역시 영도구 청학동,4**,월세,33,1200,20,1974,,detatched_multiFamily
부산광역시 영도구 청학동,6*,월세,33.05,1500,3,1974,일산봉로72번길,detatched_multiFamily
부산광역시 영도구 청학동,4**,월세,33.06,500,20,1974,와치로39번길,detatched_multiFamily
부산광역시 영도구 청학동,2**,월세,34.02,1000,25,2014,청학북로37번길,detatched_multiFamily
부산광역시 영도구 청학동,6*,월세,35.44,100,10,1974,일산봉로78번길,detatched_multiFamily
부산광역시 영도구 청학동,6*,월세,35.74,300,30,1972,태종로422번길,detatched_multiFamily
부산광역시 영도구 청학동,6*,월세,38.38,500,29,1981,일산봉로84번길,detatched_multiFamily
부산광역시 영도구 청학동,2*,전세,39,800,0,1990,청학동로,detatched_multiFamily
부산광역시 영도구 청학동,9*,월세,41.61,1000,20,1989,청학동로,detatched_multiFamily
부산광역시 영도구 청학동,4*,월세,42.97,500,10,2015,광암길7번길,detatched_multiFamily
부산광역시 영도구 청학동,4**,월세,43,1000,20,1985,청학북로34번길,detatched_multiFamily
부산광역시 영도구 청학동,2**,월세,44.55,2000,20,1978,태종로,detatched_multiFamily
부산광역시 영도구 청학동,4*,월세,44.85,2000,20,1976,광암길7번길,detatched_multiFamily
부산광역시 영도구 청학동,2**,월세,45,1000,25,1983,청학로,detatched_multiFamily
부산광역시 영도구 청학동,2**,월세,45,2500,10,1981,청학서로39번길,detatched_multiFamily
부산광역시 영도구 청학동,5*,전세,46.26,2500,0,1993,일산봉로88번길,detatched_multiFamily
부산광역시 영도구 청학동,4**,전세,48.63,7700,0,1974,와치로39번길,detatched_multiFamily
부산광역시 영도구 청학동,1**,월세,49.49,3000,25,1974,청학남로29번길,detatched_multiFamily
부산광역시 영도구 청학동,6*,월세,50,4000,10,1985,일산봉로78번길,detatched_multiFamily
부산광역시 영도구 청학동,4**,전세,50.06,4000,0,1989,와치로,detatched_multiFamily
부산광역시 영도구 청학동,4**,전세,51,2000,0,,청학로42번길,detatched_multiFamily
부산광역시 영도구 청학동,5*,월세,53.1,500,33,1989,청학남로57번길,detatched_multiFamily
부산광역시 영도구 청학동,4**,전세,53.17,5000,0,1974,청학서로,detatched_multiFamily
부산광역시 영도구 청학동,1**,월세,53.26,1000,20,1982,청학동로60번길,detatched_multiFamily
부산광역시 영도구 청학동,3**,전세,53.68,3000,0,1974,청학서로,detatched_multiFamily
부산광역시 영도구 청학동,6*,월세,54,500,25,1994,태종로422번길,detatched_multiFamily
부산광역시 영도구 청학동,1**,월세,56.19,2000,15,1981,청학동로27번길,detatched_multiFamily
부산광역시 영도구 청학동,2**,전세,56.61,4300,0,1989,청학로80번길,detatched_multiFamily
부산광역시 영도구 청학동,3**,월세,59.44,3000,25,,태종로,detatched_multiFamily
부산광역시 영도구 청학동,6*,월세,59.5,1000,18,,일산봉로88번길,detatched_multiFamily
부산광역시 영도구 청학동,1**,월세,59.5,1000,25,1995,청학동로51번길,detatched_multiFamily
부산광역시 영도구 청학동,1**,월세,59.5,2000,15,1995,청학동로51번길,detatched_multiFamily
부산광역시 영도구 청학동,4**,전세,60.19,2500,0,1974,청학로35번길,detatched_multiFamily
부산광역시 영도구 청학동,3*,월세,61.42,200,20,1976,광암길7번길,detatched_multiFamily
부산광역시 영도구 청학동,6*,월세,61.98,3000,20,1986,일산봉로84번길,detatched_multiFamily
부산광역시 영도구 청학동,8*,월세,62.8,1000,20,1995,조내기로,detatched_multiFamily
부산광역시 영도구 청학동,1**,전세,63,7000,0,2016,태종로390번길,detatched_multiFamily
부산광역시 영도구 청학동,4**,월세,65.58,3000,20,1990,청학남로13번길,detatched_multiFamily
부산광역시 영도구 청학동,4**,월세,65.94,2000,15,,벚꽃길,detatched_multiFamily
부산광역시 영도구 청학동,9*,전세,66.12,1000,0,1989,청학남로60번길,detatched_multiFamily
부산광역시 영도구 청학동,6*,월세,66.15,1000,40,,태종로422번길,detatched_multiFamily
부산광역시 영도구 청학동,2**,전세,66.48,4500,0,1985,청학로,detatched_multiFamily
부산광역시 영도구 청학동,2*,전세,68.43,6500,0,,태종로352번길,detatched_multiFamily
부산광역시 영도구 청학동,2*,전세,68.43,6500,0,1978,태종로352번길,detatched_multiFamily
부산광역시 영도구 청학동,2**,월세,69.27,1500,13,1983,청학북로20번길,detatched_multiFamily
부산광역시 영도구 청학동,6*,월세,72.72,3000,20,,일산봉로72번길,detatched_multiFamily
부산광역시 영도구 청학동,9*,전세,74,8000,0,2017,,detatched_multiFamily
부산광역시 영도구 청학동,3**,전세,75,5500,0,1975,태종로300번길,detatched_multiFamily
부산광역시 영도구 청학동,1*,월세,76.03,1200,10,1987,청학북로,detatched_multiFamily
부산광역시 영도구 청학동,4**,월세,77.5,1000,30,1989,청학남로3번길,detatched_multiFamily
부산광역시 영도구 청학동,6*,전세,78.15,7000,0,1997,태종로422번길,detatched_multiFamily
부산광역시 영도구 청학동,4**,월세,79.35,2100,19,1979,청학남로,detatched_multiFamily
부산광역시 영도구 청학동,4**,전세,80.23,2500,0,1989,청학로21번길,detatched_multiFamily
부산광역시 영도구 청학동,4**,월세,82.64,1000,13,1977,청학남로27번길,detatched_multiFamily
부산광역시 영도구 청학동,4*,전세,82.64,3000,0,1987,태종로409번길,detatched_multiFamily
부산광역시 영도구 청학동,1**,월세,82.76,200,20,1996,청학남로47번길,detatched_multiFamily
부산광역시 영도구 청학동,3**,전세,83.84,8400,0,2002,청학서로39번길,detatched_multiFamily
부산광역시 영도구 청학동,6*,전세,85.85,12000,0,1974,일산봉로84번길,detatched_multiFamily
부산광역시 영도구 청학동,1**,전세,87.3,5000,0,1991,청학로7번길,detatched_multiFamily
부산광역시 영도구 청학동,3*,전세,90.78,3500,0,1980,태종로375번길,detatched_multiFamily
부산광역시 영도구 청학동,1**,월세,94.88,1000,18,1994,태종로384번길,detatched_multiFamily
부산광역시 영도구 청학동,3**,전세,98.14,8000,0,1992,태종로,detatched_multiFamily
부산광역시 영도구 청학동,2**,전세,99.14,5500,0,,,detatched_multiFamily
부산광역시 영도구 청학동,2**,전세,99.17,6000,0,,청학로,detatched_multiFamily
부산광역시 영도구 청학동,3**,전세,118,4500,0,1977,형제길,detatched_multiFamily
부산광역시 영도구 청학동,3**,전세,122,8000,0,1984,청학서로16번길,detatched_multiFamily
부산광역시 영도구 청학동,6*,월세,132.29,2000,20,1999,태종로422번길,detatched_multiFamily
부산광역시 영도구 청학동,3**,월세,153.28,4000,60,1996,청학서로39번길,detatched_multiFamily
부산광역시 중구 광복동3가,*,전세,187.02,4000,0,1973,광복중앙로,detatched_multiFamily
부산광역시 중구 남포동5가,7*,월세,45,3000,20,1991,자갈치로59번길,detatched_multiFamily
부산광역시 중구 남포동6가,8*,월세,64.46,3000,35,,중구로5번길,detatched_multiFamily
부산광역시 중구 대창동2가,1*,전세,33,2000,0,,,detatched_multiFamily
부산광역시 중구 대창동2가,3*,월세,105.05,500,29,2010,동광길,detatched_multiFamily
부산광역시 중구 대청동1가,2*,월세,20.53,300,32,1972,복병산길6번길,detatched_multiFamily
부산광역시 중구 대청동1가,3*,월세,35,500,48,2019,복병산길6번길,detatched_multiFamily
부산광역시 중구 대청동2가,9*,월세,22,200,20,,,detatched_multiFamily
부산광역시 중구 대청동2가,*,월세,29.12,700,55,2019,대청로99번길,detatched_multiFamily
부산광역시 중구 대청동2가,1*,월세,45,200,23,,대청로99번길,detatched_multiFamily
부산광역시 중구 대청동2가,2*,월세,50.61,1000,40,,대청로,detatched_multiFamily
부산광역시 중구 대청동4가,*,월세,20,1000,8,1976,망양로,detatched_multiFamily
부산광역시 중구 대청동4가,8*,월세,24,5000,10,1991,중구로,detatched_multiFamily
부산광역시 중구 대청동4가,2*,월세,24.65,4300,12,,대청북길,detatched_multiFamily
부산광역시 중구 대청동4가,8*,월세,25.26,3000,30,2018,대청로99번길,detatched_multiFamily
부산광역시 중구 대청동4가,6*,전세,29.91,1500,0,1995,대청북길17번길,detatched_multiFamily
부산광역시 중구 대청동4가,7*,월세,40,500,20,1991,망양로,detatched_multiFamily
부산광역시 중구 대청동4가,8*,전세,42,5000,0,,중구로,detatched_multiFamily
부산광역시 중구 대청동4가,*,월세,42.81,1000,15,1976,망양로341번길,detatched_multiFamily
부산광역시 중구 대청동4가,8*,월세,45.99,1000,29,1985,중구로,detatched_multiFamily
부산광역시 중구 대청동4가,5*,월세,51.76,2000,38,1990,대청북길,detatched_multiFamily
부산광역시 중구 대청동4가,2*,전세,53.43,3000,0,2003,망양로350번길,detatched_multiFamily
부산광역시 중구 대청동4가,2*,월세,59.9,300,30,1995,망양로350번길,detatched_multiFamily
부산광역시 중구 대청동4가,*,월세,60,500,20,,망양로335번길,detatched_multiFamily
부산광역시 중구 동광동2가,1*,전세,44.96,8000,0,,대청로126번길,detatched_multiFamily
부산광역시 중구 동광동3가,2*,월세,14,200,29,,백산길,detatched_multiFamily
부산광역시 중구 동광동4가,1*,전세,18.8,4000,0,2010,대청로125번길,detatched_multiFamily
부산광역시 중구 동광동4가,2*,월세,30,200,35,,동광길,detatched_multiFamily
부산광역시 중구 동광동4가,1*,전세,30,3670,0,,대청로125번길,detatched_multiFamily
부산광역시 중구 동광동4가,1*,전세,30,3800,0,2010,대청로125번길,detatched_multiFamily
부산광역시 중구 동광동5가,*,월세,16,1000,20,,동광길111번길,detatched_multiFamily
부산광역시 중구 동광동5가,*,월세,17.04,300,28,1991,,detatched_multiFamily
부산광역시 중구 동광동5가,2*,월세,19.8,200,19,,샘길,detatched_multiFamily
부산광역시 중구 동광동5가,1*,전세,22.81,6500,0,,샘길,detatched_multiFamily
부산광역시 중구 동광동5가,3*,월세,28.76,2500,10,,동광길91번길,detatched_multiFamily
부산광역시 중구 동광동5가,2*,전세,28.96,4000,0,,,detatched_multiFamily
부산광역시 중구 동광동5가,*,전세,36,5000,0,,동광길,detatched_multiFamily
부산광역시 중구 동광동5가,1*,월세,39.6,2000,5,,동광길91번길,detatched_multiFamily
부산광역시 중구 동광동5가,*,월세,40.99,1000,30,,동광길111번길,detatched_multiFamily
부산광역시 중구 동광동5가,*,전세,49.72,3300,0,,동광길111번길,detatched_multiFamily
부산광역시 중구 동광동5가,2*,전세,50.15,7000,0,,동광길69번길,detatched_multiFamily
부산광역시 중구 동광동5가,*,월세,54.54,200,28,,동광길,detatched_multiFamily
부산광역시 중구 동광동5가,1*,월세,59.4,500,20,,샘길,detatched_multiFamily
부산광역시 중구 동광동5가,*,월세,59.5,1000,25,,동광길111번길,detatched_multiFamily
부산광역시 중구 동광동5가,1*,월세,67.15,1000,30,,샘길30번길,detatched_multiFamily
부산광역시 중구 동광동5가,*,전세,71.28,4500,0,,동광길99번길,detatched_multiFamily
부산광역시 중구 동광동5가,*,월세,79,2000,37,1990,동광길,detatched_multiFamily
부산광역시 중구 보수동1가,1*,월세,13,2000,10,,보수대로140번안길,detatched_multiFamily
부산광역시 중구 보수동1가,4*,전세,22.38,1000,0,1965,보동길84번길,detatched_multiFamily
부산광역시 중구 보수동1가,3*,월세,22.65,300,20,,보수북길,detatched_multiFamily
부산광역시 중구 보수동1가,3*,월세,22.65,300,20,1991,보수북길,detatched_multiFamily
부산광역시 중구 보수동1가,4*,월세,23.1,1000,25,1996,흑교로64번길,detatched_multiFamily
부산광역시 중구 보수동1가,1**,전세,30,2300,0,,고가길,detatched_multiFamily
부산광역시 중구 보수동1가,4*,전세,30.05,4500,0,1974,망양로278번길,detatched_multiFamily
부산광역시 중구 보수동1가,5*,월세,31.96,300,20,,법수길,detatched_multiFamily
부산광역시 중구 보수동1가,4*,월세,34.18,1000,20,1974,망양로265번길,detatched_multiFamily
부산광역시 중구 보수동1가,2*,월세,36.57,100,42,2013,보수대로140번길,detatched_multiFamily
부산광역시 중구 보수동1가,1**,전세,38.08,8000,0,,고가길,detatched_multiFamily
부산광역시 중구 보수동1가,1*,월세,42.48,1000,30,1993,보수대로140번길,detatched_multiFamily
부산광역시 중구 보수동1가,*,전세,42.84,8000,0,,보동길,detatched_multiFamily
부산광역시 중구 보수동1가,5*,월세,42.9,100,14,,망양로,detatched_multiFamily
부산광역시 중구 보수동1가,4*,전세,42.9,3000,0,1976,망양로298번길,detatched_multiFamily
부산광역시 중구 보수동1가,4*,월세,43.12,500,17,1977,보동길44번길,detatched_multiFamily
부산광역시 중구 보수동1가,*,전세,45.14,6500,0,,보수대로146번길,detatched_multiFamily
부산광역시 중구 보수동1가,4*,전세,46.2,4000,0,1974,망양로,detatched_multiFamily
부산광역시 중구 보수동1가,*,월세,47.57,3000,10,1992,보수북길31번길,detatched_multiFamily
부산광역시 중구 보수동1가,*,월세,49.57,3000,15,1995,보수대로144번길,detatched_multiFamily
부산광역시 중구 보수동1가,*,전세,54.07,8000,0,1988,,detatched_multiFamily
부산광역시 중구 보수동1가,4*,전세,62.54,3000,0,1976,망양로298번길,detatched_multiFamily
부산광역시 중구 보수동1가,*,전세,65.84,12000,0,,보동길,detatched_multiFamily
부산광역시 중구 보수동1가,*,전세,65.84,12000,0,,보동길,detatched_multiFamily
부산광역시 중구 보수동1가,5*,전세,72.03,10500,0,1980,보수대로140번길,detatched_multiFamily
부산광역시 중구 보수동1가,*,전세,77.27,12000,0,,보동길,detatched_multiFamily
부산광역시 중구 보수동2가,7*,월세,19.83,300,15,,,detatched_multiFamily
부산광역시 중구 보수동2가,8*,월세,23,500,40,2011,보수대로118번길,detatched_multiFamily
부산광역시 중구 보수동2가,8*,월세,26,500,30,2014,흑교로,detatched_multiFamily
부산광역시 중구 보수동2가,*,월세,43,500,25,1993,흑교로87번길,detatched_multiFamily
부산광역시 중구 보수동2가,7*,전세,46.3,3500,0,,보수대로124번길,detatched_multiFamily
부산광역시 중구 보수동2가,8*,월세,117,500,35,2011,보수대로118번길,detatched_multiFamily
부산광역시 중구 보수동3가,7*,전세,24,2000,0,,흑교로45번길,detatched_multiFamily
부산광역시 중구 보수동3가,7*,전세,24,8000,0,,,detatched_multiFamily
부산광역시 중구 보수동3가,4*,월세,30.94,4500,10,1991,보수대로106번길,detatched_multiFamily
부산광역시 중구 보수동3가,6*,월세,59.3,6000,30,,,detatched_multiFamily
부산광역시 중구 보수동3가,5*,전세,61.82,7000,0,1976,흑교로45번길,detatched_multiFamily
부산광역시 중구 부평동1가,4*,월세,26.45,1500,20,1973,광복로18번길,detatched_multiFamily
부산광역시 중구 부평동1가,*,월세,45,500,20,,중구로53번길,detatched_multiFamily
부산광역시 중구 부평동1가,*,월세,56.83,3500,5,,,detatched_multiFamily
부산광역시 중구 부평동1가,2*,월세,61.59,4000,22,1980,중구로29번길,detatched_multiFamily
부산광역시 중구 부평동1가,1*,월세,66,1000,40,,중구로47번길,detatched_multiFamily
부산광역시 중구 부평동2가,2*,전세,28.92,2000,0,1970,부평1길,detatched_multiFamily
부산광역시 중구 부평동2가,2*,전세,37.88,2500,0,1990,부평2길,detatched_multiFamily
부산광역시 중구 부평동2가,7*,월세,42.9,300,25,1972,부평1길,detatched_multiFamily
부산광역시 중구 부평동2가,2*,월세,76.03,3000,32,1986,부평1길,detatched_multiFamily
부산광역시 중구 부평동2가,2*,전세,92.19,5000,0,1990,부평2길,detatched_multiFamily
부산광역시 중구 부평동3가,7*,월세,53.29,2000,35,,흑교로25번길,detatched_multiFamily
부산광역시 중구 부평동3가,6*,전세,60,15000,0,1989,흑교로17번길,detatched_multiFamily
부산광역시 중구 부평동3가,6*,전세,60,15000,0,1989,흑교로17번길,detatched_multiFamily
부산광역시 중구 부평동3가,7*,월세,67.71,7000,19,1991,보수대로44번길,detatched_multiFamily
부산광역시 중구 부평동3가,7*,월세,68.96,7000,10,1991,보수대로44번길,detatched_multiFamily
부산광역시 중구 부평동3가,6*,전세,69.12,7000,0,,흑교로17번길,detatched_multiFamily
부산광역시 중구 부평동3가,7*,월세,80,4000,20,1986,흑교로31번길,detatched_multiFamily
부산광역시 중구 부평동3가,7*,월세,82.26,2000,40,1983,보수대로36번길,detatched_multiFamily
부산광역시 중구 부평동3가,1*,전세,98.84,10000,0,,흑교로31번길,detatched_multiFamily
부산광역시 중구 부평동3가,7*,월세,108.53,5000,30,1988,흑교로35번길,detatched_multiFamily
부산광역시 중구 부평동3가,7*,전세,120,13010,0,1988,흑교로35번길,detatched_multiFamily
부산광역시 중구 부평동3가,*,월세,123.01,6000,57,,대청로,detatched_multiFamily
부산광역시 중구 부평동4가,*,월세,29.01,4000,22,1974,흑교로35번길,detatched_multiFamily
부산광역시 중구 부평동4가,5*,월세,36.36,500,24,,흑교로31번길,detatched_multiFamily
부산광역시 중구 부평동4가,1*,월세,41.61,7000,15,,보수대로56번길,detatched_multiFamily
부산광역시 중구 부평동4가,1*,월세,41.65,100,15,1983,흑교로21번길,detatched_multiFamily
부산광역시 중구 부평동4가,6*,월세,46.46,500,30,,,detatched_multiFamily
부산광역시 중구 부평동4가,2*,월세,48.74,3500,15,1997,,detatched_multiFamily
부산광역시 중구 부평동4가,*,월세,50.5,1000,35,2003,흑교로35번길,detatched_multiFamily
부산광역시 중구 부평동4가,*,월세,59.73,2000,40,2002,흑교로35번길,detatched_multiFamily
부산광역시 중구 부평동4가,2*,전세,60,10000,0,1991,,detatched_multiFamily
부산광역시 중구 부평동4가,2*,전세,60,10000,0,1991,보수대로44번길,detatched_multiFamily
부산광역시 중구 부평동4가,5*,전세,113.63,13000,0,,흑교로35번길,detatched_multiFamily
부산광역시 중구 신창동3가,1*,월세,76.92,2000,45,,광복로35번길,detatched_multiFamily
부산광역시 중구 영주동,6*,월세,10.52,1000,25,,초량상로5번길,detatched_multiFamily
부산광역시 중구 영주동,6*,월세,15.31,5000,13,,초량상로5번길,detatched_multiFamily
부산광역시 중구 영주동,7*,월세,16.11,2000,32,2020,동영로93번길,detatched_multiFamily
부산광역시 중구 영주동,6*,월세,16.58,200,37,,초량상로5번길,detatched_multiFamily
부산광역시 중구 영주동,6**,월세,18.16,500,38,,중구로,detatched_multiFamily
부산광역시 중구 영주동,2*,월세,19.2,300,35,,초량중로6번길,detatched_multiFamily
부산광역시 중구 영주동,6**,월세,21.88,1000,35,,,detatched_multiFamily
부산광역시 중구 영주동,6**,월세,21.88,1000,35,,중구로,detatched_multiFamily
부산광역시 중구 영주동,7*,월세,25.79,2000,32,2020,동영로93번길,detatched_multiFamily
부산광역시 중구 영주동,2**,전세,29.75,2500,0,1989,망양로,detatched_multiFamily
부산광역시 중구 영주동,3**,월세,33,200,25,,망양로,detatched_multiFamily
부산광역시 중구 영주동,2**,월세,33.5,1000,30,1970,영주로54번길,detatched_multiFamily
부산광역시 중구 영주동,2**,월세,35.4,500,39,,동영로,detatched_multiFamily
부산광역시 중구 영주동,2**,월세,38.45,500,30,1975,망양로365번길,detatched_multiFamily
부산광역시 중구 영주동,2**,전세,38.58,4000,0,1975,동영로73번길,detatched_multiFamily
부산광역시 중구 영주동,3**,전세,42.98,4000,0,,망양로361번길,detatched_multiFamily
부산광역시 중구 영주동,*,월세,43.2,1000,30,1994,초량상로,detatched_multiFamily
부산광역시 중구 영주동,2**,전세,44.07,5000,0,1975,동영로73번길,detatched_multiFamily
부산광역시 중구 영주동,2**,월세,45,4000,10,,동영로,detatched_multiFamily
부산광역시 중구 영주동,6**,월세,46,2000,30,1994,대영로242번길,detatched_multiFamily
부산광역시 중구 영주동,5**,전세,48.43,7000,0,1979,,detatched_multiFamily
부산광역시 중구 영주동,1**,월세,50,2000,5,1991,영초길,detatched_multiFamily
부산광역시 중구 영주동,2**,전세,50.76,6000,0,1985,동영로,detatched_multiFamily
부산광역시 중구 영주동,2**,월세,51.17,100,11,1975,망양로383번안길,detatched_multiFamily
부산광역시 중구 영주동,5**,월세,51.2,300,30,,대영로226번길,detatched_multiFamily
부산광역시 중구 영주동,2**,전세,52.23,9000,0,,동영로,detatched_multiFamily
부산광역시 중구 영주동,2**,월세,52.89,1000,20,,영주로,detatched_multiFamily
부산광역시 중구 영주동,7*,전세,54.38,4000,0,,영주로78번길,detatched_multiFamily
부산광역시 중구 영주동,6**,전세,54.54,7000,0,1974,,detatched_multiFamily
부산광역시 중구 영주동,6**,월세,56.47,700,50,1994,동광길165번길,detatched_multiFamily
부산광역시 중구 영주동,6**,월세,57,2000,30,1996,대영로242번안길,detatched_multiFamily
부산광역시 중구 영주동,5**,전세,59.14,2000,0,1980,임소길15번길,detatched_multiFamily
부산광역시 중구 영주동,1**,월세,59.32,3000,30,,망양로383번안길,detatched_multiFamily
부산광역시 중구 영주동,2**,월세,59.5,8200,10,1970,,detatched_multiFamily
부산광역시 중구 영주동,5**,월세,60.7,2000,30,1989,동영로,detatched_multiFamily
부산광역시 중구 영주동,6**,월세,63.23,1000,30,1995,대영로242번안길,detatched_multiFamily
부산광역시 중구 영주동,7*,월세,65,5000,18,1986,동영로73번길,detatched_multiFamily
부산광역시 중구 영주동,2**,전세,65.18,9500,0,1983,영주로12번길,detatched_multiFamily
부산광역시 중구 영주동,5**,월세,66,3000,10,,중구로185번길,detatched_multiFamily
부산광역시 중구 영주동,5**,월세,66,1000,20,,대영로226번길,detatched_multiFamily
부산광역시 중구 영주동,6**,월세,66.56,3000,35,1996,대영로242번안길,detatched_multiFamily
부산광역시 중구 영주동,6**,월세,66.56,3000,35,1996,대영로242번안길,detatched_multiFamily
부산광역시 중구 영주동,2**,전세,67.11,6500,0,1973,영주로,detatched_multiFamily
부산광역시 중구 영주동,6*,월세,67.44,200,29,2011,초량상로5번길,detatched_multiFamily
부산광역시 중구 영주동,2**,전세,71.28,4500,0,1975,망양로363번길,detatched_multiFamily
부산광역시 중구 영주동,2**,전세,72.69,6000,0,1974,영주로12번길,detatched_multiFamily
부산광역시 중구 영주동,2**,월세,82.64,2000,33,,영주로,detatched_multiFamily
부산광역시 중구 영주동,6**,월세,89.4,3000,50,1979,대영로242번길,detatched_multiFamily
부산광역시 중구 영주동,7*,월세,103.16,500,42,2020,동영로93번길,detatched_multiFamily
부산광역시 중구 영주동,6**,전세,178.16,7000,0,1974,중구로,detatched_multiFamily
부산광역시 중구 중앙동2가,5*,전세,105.54,12000,0,,중앙대로49번길,detatched_multiFamily
부산광역시 중구 중앙동4가,3*,월세,22.1,300,35,1979,대청로141번길,detatched_multiFamily
부산광역시 중구 중앙동4가,5*,월세,30,100,15,1974,해관로,detatched_multiFamily
부산광역시 중구 중앙동4가,7*,월세,33.06,1000,15,1978,충장대로5번길,detatched_multiFamily
부산광역시 중구 중앙동4가,4*,월세,54.08,3000,40,1970,동광길,detatched_multiFamily
부산광역시 중구 중앙동4가,4*,전세,71.6,6000,0,,동광길,detatched_multiFamily
부산광역시 중구 중앙동4가,4*,월세,81.65,3000,30,,동광길,detatched_multiFamily
부산광역시 중구 중앙동4가,4*,월세,87.21,2000,35,1970,동광길,detatched_multiFamily
부산광역시 중구 창선동2가,1*,월세,105,1000,60,,광복로35번길,detatched_multiFamily
부산광역시 해운대구 반송동,2**,월세,13.28,300,20,1970,아랫반송로40번길,detatched_multiFamily
부산광역시 해운대구 반송동,2**,월세,15,300,25,1992,아랫반송로70번길,detatched_multiFamily
부산광역시 해운대구 반송동,7**,월세,20,1000,13,1993,아랫반송로25번길,detatched_multiFamily
부산광역시 해운대구 반송동,7**,월세,20,1000,13,1993,아랫반송로25번길,detatched_multiFamily
부산광역시 해운대구 반송동,3**,월세,20,1000,25,1981,윗반송로13번길,detatched_multiFamily
부산광역시 해운대구 반송동,2**,전세,20,2000,0,1991,아랫반송로59번길,detatched_multiFamily
부산광역시 해운대구 반송동,2**,전세,20.11,2000,0,2003,아랫반송로21번길,detatched_multiFamily
부산광역시 해운대구 반송동,2**,전세,20.11,2500,0,2003,아랫반송로21번길,detatched_multiFamily
부산광역시 해운대구 반송동,4*,월세,20.2,1000,20,1977,윗반송로51번길,detatched_multiFamily
부산광역시 해운대구 반송동,4*,월세,20.83,2000,23,,윗반송로51번길,detatched_multiFamily
부산광역시 해운대구 반송동,2**,월세,21.45,200,12,1993,아랫반송로21번길,detatched_multiFamily
부산광역시 해운대구 반송동,6*,월세,21.83,600,30,2018,윗반송로51번길,detatched_multiFamily
부산광역시 해운대구 반송동,4*,월세,23,100,10,1991,윗반송로51번길,detatched_multiFamily
부산광역시 해운대구 반송동,2**,월세,23.1,200,28,1971,아랫반송로21번길,detatched_multiFamily
부산광역시 해운대구 반송동,2**,월세,23.1,100,10,1991,아랫반송로21번길,detatched_multiFamily
부산광역시 해운대구 반송동,2**,월세,23.14,100,15,1991,아랫반송로30번길,detatched_multiFamily
부산광역시 해운대구 반송동,4*,전세,23.9,4500,0,1984,윗반송로51번길,detatched_multiFamily
부산광역시 해운대구 반송동,4*,월세,24.1,100,16,,윗반송로51번길,detatched_multiFamily
부산광역시 해운대구 반송동,3**,월세,24.12,2000,30,1992,윗반송로13번길,detatched_multiFamily
부산광역시 해운대구 반송동,2**,월세,24.79,500,15,1977,아랫반송로50번길,detatched_multiFamily
부산광역시 해운대구 반송동,2**,월세,25.13,300,17,1981,아랫반송로21번길,detatched_multiFamily
부산광역시 해운대구 반송동,6*,월세,25.16,300,25,1977,윗반송로51번길,detatched_multiFamily
부산광역시 해운대구 반송동,6*,전세,25.16,2000,0,1977,윗반송로51번길,detatched_multiFamily
부산광역시 해운대구 반송동,6*,전세,25.16,2000,0,1977,윗반송로51번길,detatched_multiFamily
부산광역시 해운대구 반송동,2**,월세,25.62,700,25,1985,윗반송로51번길,detatched_multiFamily
부산광역시 해운대구 반송동,2**,월세,26.45,1000,35,1971,아랫반송로21번길,detatched_multiFamily
부산광역시 해운대구 반송동,2**,전세,27,2200,0,1992,아랫반송로50번길,detatched_multiFamily
부산광역시 해운대구 반송동,2**,월세,27.95,2500,15,1985,윗반송로51번길,detatched_multiFamily
부산광역시 해운대구 반송동,6*,월세,28,100,20,1978,윗반송로51번길,detatched_multiFamily
부산광역시 해운대구 반송동,3**,월세,28.05,300,15,1995,윗반송로13번길,detatched_multiFamily
부산광역시 해운대구 반송동,3**,월세,28.2,200,15,1975,윗반송로31번길,detatched_multiFamily
부산광역시 해운대구 반송동,*,월세,28.6,200,15,1997,윗반송로51번길,detatched_multiFamily
부산광역시 해운대구 반송동,2**,월세,29,300,12,1977,윗반송로51번길,detatched_multiFamily
부산광역시 해운대구 반송동,2**,전세,29.09,2000,0,1971,아랫반송로90번길,detatched_multiFamily
부산광역시 해운대구 반송동,6*,월세,29.11,1000,7,1995,윗반송로51번길,detatched_multiFamily
부산광역시 해운대구 반송동,3**,월세,29.41,200,13,2001,윗반송로13번길,detatched_multiFamily
부산광역시 해운대구 반송동,4*,전세,29.67,1700,0,2014,윗반송로51번길,detatched_multiFamily
부산광역시 해운대구 반송동,4*,월세,29.7,300,18,1992,윗반송로51번길,detatched_multiFamily
부산광역시 해운대구 반송동,4*,월세,30.15,100,17,1993,윗반송로51번길,detatched_multiFamily
부산광역시 해운대구 반송동,4*,월세,30.15,200,17,1977,윗반송로51번길,detatched_multiFamily
부산광역시 해운대구 반송동,4*,월세,30.33,200,15,1978,윗반송로51번길,detatched_multiFamily
부산광역시 해운대구 반송동,7**,월세,30.92,1000,18,1991,아랫반송로25번길,detatched_multiFamily
부산광역시 해운대구 반송동,2**,월세,30.92,100,42,1992,아랫반송로59번길,detatched_multiFamily
부산광역시 해운대구 반송동,2**,월세,31.02,200,15,1993,윗반송로51번길,detatched_multiFamily
부산광역시 해운대구 반송동,2*,월세,31.08,500,12,1995,윗반송로31번길,detatched_multiFamily
부산광역시 해운대구 반송동,6*,전세,31.08,1500,0,1991,윗반송로51번길,detatched_multiFamily
부산광역시 해운대구 반송동,2**,월세,31.5,1000,10,2000,아랫반송로50번길,detatched_multiFamily
부산광역시 해운대구 반송동,2**,월세,31.95,200,13,1977,윗반송로51번길,detatched_multiFamily
부산광역시 해운대구 반송동,4*,월세,32.2,200,17,1993,윗반송로51번길,detatched_multiFamily
부산광역시 해운대구 반송동,2**,월세,33,100,10,1992,아랫반송로21번길,detatched_multiFamily
부산광역시 해운대구 반송동,2**,전세,33.6,5000,0,2005,아랫반송로5번길,detatched_multiFamily
부산광역시 해운대구 반송동,2**,월세,35.28,300,36,1975,아랫반송로49번길,detatched_multiFamily
부산광역시 해운대구 반송동,3**,월세,35.75,300,20,2001,윗반송로31번길,detatched_multiFamily
부산광역시 해운대구 반송동,2**,전세,35.94,3500,0,1982,아랫반송로70번길,detatched_multiFamily
부산광역시 해운대구 반송동,2**,월세,36,250,15,1977,아랫반송로21번길,detatched_multiFamily
부산광역시 해운대구 반송동,2**,전세,36,2500,0,,아랫반송로40번길,detatched_multiFamily
부산광역시 해운대구 반송동,2**,월세,36.96,500,30,1992,아랫반송로21번길,detatched_multiFamily
부산광역시 해운대구 반송동,2**,월세,36.96,1000,30,1992,아랫반송로21번길,detatched_multiFamily
부산광역시 해운대구 반송동,2**,전세,36.96,2200,0,1991,아랫반송로30번길,detatched_multiFamily
부산광역시 해운대구 반송동,3**,월세,37.56,800,15,1980,윗반송로13번길,detatched_multiFamily
부산광역시 해운대구 반송동,*,전세,37.65,5000,0,1985,윗반송로51번길,detatched_multiFamily
부산광역시 해운대구 반송동,*,월세,37.99,1000,10,1992,윗반송로35번길,detatched_multiFamily
부산광역시 해운대구 반송동,6*,월세,38,1200,29,,윗반송로51번길,detatched_multiFamily
부산광역시 해운대구 반송동,2**,월세,39,300,20,1993,아랫반송로49번길,detatched_multiFamily
부산광역시 해운대구 반송동,2**,전세,39.29,4000,0,1992,,detatched_multiFamily
부산광역시 해운대구 반송동,2**,전세,39.43,3000,0,,아랫반송로79번길,detatched_multiFamily
부산광역시 해운대구 반송동,2**,전세,39.6,1350,0,1994,아랫반송로69번길,detatched_multiFamily
부산광역시 해운대구 반송동,2**,월세,39.68,500,15,1974,아랫반송로21번길,detatched_multiFamily
부산광역시 해운대구 반송동,4*,월세,40,300,18,1992,윗반송로51번길,detatched_multiFamily
부산광역시 해운대구 반송동,*,월세,40.3,1500,10,1991,윗반송로51번길,detatched_multiFamily
부산광역시 해운대구 반송동,2**,월세,40.32,300,20,1991,아랫반송로21번길,detatched_multiFamily
부산광역시 해운대구 반송동,2**,월세,40.32,100,30,,아랫반송로39번길,detatched_multiFamily
부산광역시 해운대구 반송동,2**,전세,40.5,2000,0,1977,아랫반송로21번길,detatched_multiFamily
부산광역시 해운대구 반송동,2**,전세,40.64,2000,0,1991,아랫반송로69번길,detatched_multiFamily
부산광역시 해운대구 반송동,2**,월세,40.92,500,38,1991,아랫반송로69번길,detatched_multiFamily
부산광역시 해운대구 반송동,2**,월세,40.92,300,30,1992,아랫반송로70번길,detatched_multiFamily
부산광역시 해운대구 반송동,2**,전세,40.92,1500,0,1996,아랫반송로,detatched_multiFamily
부산광역시 해운대구 반송동,2**,월세,40.95,300,35,1992,아랫반송로70번길,detatched_multiFamily
부산광역시 해운대구 반송동,2**,월세,40.95,0,28,1991,아랫반송로70번길,detatched_multiFamily
부산광역시 해운대구 반송동,7**,월세,40.96,500,25,1995,아랫반송로25번길,detatched_multiFamily
부산광역시 해운대구 반송동,5*,월세,41,500,18,1978,윗반송로51번길,detatched_multiFamily
부산광역시 해운대구 반송동,7**,전세,41.01,2000,0,1996,아랫반송로27번길,detatched_multiFamily
부산광역시 해운대구 반송동,7**,전세,41.25,3500,0,1993,아랫반송로25번길,detatched_multiFamily
부산광역시 해운대구 반송동,2**,월세,41.58,500,20,1991,아랫반송로21번길,detatched_multiFamily
부산광역시 해운대구 반송동,2**,월세,41.58,500,20,1980,아랫반송로21번길,detatched_multiFamily
부산광역시 해운대구 반송동,2**,전세,41.65,2000,0,1977,아랫반송로21번길,detatched_multiFamily
부산광역시 해운대구 반송동,2**,월세,42.21,1400,5,1992,아랫반송로21번길,detatched_multiFamily
부산광역시 해운대구 반송동,2**,월세,42.24,300,25,1991,아랫반송로40번길,detatched_multiFamily
부산광역시 해운대구 반송동,2**,월세,42.24,300,20,1992,아랫반송로40번길,detatched_multiFamily
부산광역시 해운대구 반송동,2**,전세,42.24,2000,0,1992,아랫반송로30번길,detatched_multiFamily
부산광역시 해운대구 반송동,2**,전세,42.24,2000,0,1992,아랫반송로30번길,detatched_multiFamily
부산광역시 해운대구 반송동,7**,월세,42.88,1000,15,1992,아랫반송로21번길,detatched_multiFamily
부산광역시 해운대구 반송동,2**,전세,42.88,2000,0,2003,아랫반송로21번길,detatched_multiFamily
부산광역시 해운대구 반송동,2**,전세,42.9,3500,0,1991,아랫반송로21번길,detatched_multiFamily
부산광역시 해운대구 반송동,2**,월세,43.47,300,20,1992,아랫반송로21번길,detatched_multiFamily
부산광역시 해운대구 반송동,2**,전세,43.47,2200,0,1991,아랫반송로21번길,detatched_multiFamily
부산광역시 해운대구 반송동,2**,전세,43.47,3500,0,2000,아랫반송로29번길,detatched_multiFamily
부산광역시 해운대구 반송동,2**,월세,43.56,300,20,1996,아랫반송로30번길,detatched_multiFamily
부산광역시 해운대구 반송동,2**,월세,43.56,300,15,1997,아랫반송로21번길,detatched_multiFamily
부산광역시 해운대구 반송동,2**,월세,43.56,500,25,1991,아랫반송로21번길,detatched_multiFamily
부산광역시 해운대구 반송동,2**,월세,43.56,500,15,1991,아랫반송로21번길,detatched_multiFamily
부산광역시 해운대구 반송동,2**,월세,43.56,1000,25,2003,아랫반송로21번길,detatched_multiFamily
부산광역시 해운대구 반송동,2**,월세,43.56,1000,15,1992,아랫반송로29번길,detatched_multiFamily
부산광역시 해운대구 반송동,2**,월세,43.56,300,23,1991,아랫반송로30번길,detatched_multiFamily
부산광역시 해운대구 반송동,2**,월세,43.56,500,25,1993,아랫반송로21번길,detatched_multiFamily
부산광역시 해운대구 반송동,2**,월세,43.56,600,25,1993,아랫반송로50번길,detatched_multiFamily
부산광역시 해운대구 반송동,2**,월세,43.56,300,35,1991,아랫반송로21번길,detatched_multiFamily
부산광역시 해운대구 반송동,2**,월세,43.56,1000,15,1991,아랫반송로30번길,detatched_multiFamily
부산광역시 해운대구 반송동,2**,월세,43.56,200,20,1991,아랫반송로30번길,detatched_multiFamily
부산광역시 해운대구 반송동,2**,월세,43.56,300,20,1996,아랫반송로21번길,detatched_multiFamily
부산광역시 해운대구 반송동,2**,월세,43.56,300,40,1991,아랫반송로59번길,detatched_multiFamily
부산광역시 해운대구 반송동,2**,월세,43.56,300,20,1992,아랫반송로21번길,detatched_multiFamily
부산광역시 해운대구 반송동,2**,월세,43.56,300,20,1992,아랫반송로21번길,detatched_multiFamily
부산광역시 해운대구 반송동,2**,월세,43.56,500,20,1994,아랫반송로30번길,detatched_multiFamily
부산광역시 해운대구 반송동,2**,월세,43.56,300,30,1993,아랫반송로21번길,detatched_multiFamily
부산광역시 해운대구 반송동,2**,월세,43.56,300,40,,,detatched_multiFamily
부산광역시 해운대구 반송동,2**,월세,43.56,200,18,1993,아랫반송로50번길,detatched_multiFamily
부산광역시 해운대구 반송동,2**,월세,43.56,300,22,1993,아랫반송로21번길,detatched_multiFamily
부산광역시 해운대구 반송동,2**,월세,43.56,100,22,1992,아랫반송로27번길,detatched_multiFamily
부산광역시 해운대구 반송동,2**,월세,43.56,300,20,1991,아랫반송로30번길,detatched_multiFamily
부산광역시 해운대구 반송동,2**,월세,43.56,100,18,1992,아랫반송로49번길,detatched_multiFamily
부산광역시 해운대구 반송동,2**,월세,43.56,500,20,1992,아랫반송로27번길,detatched_multiFamily
부산광역시 해운대구 반송동,2**,전세,43.56,3000,0,1994,아랫반송로21번길,detatched_multiFamily
부산광역시 해운대구 반송동,2**,전세,43.56,1300,0,1992,아랫반송로21번길,detatched_multiFamily
부산광역시 해운대구 반송동,2**,전세,43.56,1300,0,1992,아랫반송로21번길,detatched_multiFamily
부산광역시 해운대구 반송동,2**,전세,43.56,2500,0,1992,아랫반송로49번길,detatched_multiFamily
부산광역시 해운대구 반송동,2**,전세,43.56,3000,0,1991,아랫반송로39번길,detatched_multiFamily
부산광역시 해운대구 반송동,2**,전세,43.56,3000,0,1992,아랫반송로21번길,detatched_multiFamily
부산광역시 해운대구 반송동,2**,전세,43.56,1500,0,1992,아랫반송로70번길,detatched_multiFamily
부산광역시 해운대구 반송동,2**,전세,43.56,1300,0,1992,아랫반송로21번길,detatched_multiFamily
부산광역시 해운대구 반송동,2**,전세,43.56,3000,0,1992,아랫반송로49번길,detatched_multiFamily
부산광역시 해운대구 반송동,2**,전세,43.56,3500,0,1991,아랫반송로21번길,detatched_multiFamily
부산광역시 해운대구 반송동,2**,전세,43.56,3000,0,1991,아랫반송로21번길,detatched_multiFamily
부산광역시 해운대구 반송동,8**,전세,43.56,2500,0,1991,반송순환로,detatched_multiFamily
부산광역시 해운대구 반송동,4*,전세,44.02,2000,0,1979,윗반송로51번길,detatched_multiFamily
부산광역시 해운대구 반송동,2**,월세,44.16,300,35,1991,아랫반송로21번길,detatched_multiFamily
부산광역시 해운대구 반송동,2**,월세,44.16,2000,11,1991,아랫반송로21번길,detatched_multiFamily
부산광역시 해운대구 반송동,2**,월세,44.16,200,25,2001,아랫반송로21번길,detatched_multiFamily
부산광역시 해운대구 반송동,2**,월세,44.2,500,20,1991,아랫반송로21번길,detatched_multiFamily
부산광역시 해운대구 반송동,2**,월세,44.2,1000,10,1993,아랫반송로29번길,detatched_multiFamily
부산광역시 해운대구 반송동,2**,전세,44.2,2500,0,1995,아랫반송로50번길,detatched_multiFamily
부산광역시 해운대구 반송동,2**,월세,44.22,300,16,2001,아랫반송로21번길,detatched_multiFamily
부산광역시 해운대구 반송동,2**,월세,44.22,500,20,2001,아랫반송로21번길,detatched_multiFamily
부산광역시 해운대구 반송동,2**,월세,44.22,500,20,2001,아랫반송로21번길,detatched_multiFamily
부산광역시 해운대구 반송동,2**,월세,44.22,300,40,2000,아랫반송로60번길,detatched_multiFamily
부산광역시 해운대구 반송동,2**,월세,44.22,2000,10,2002,아랫반송로21번길,detatched_multiFamily
부산광역시 해운대구 반송동,2**,월세,44.22,500,20,2001,아랫반송로21번길,detatched_multiFamily
부산광역시 해운대구 반송동,2**,월세,44.22,300,35,2000,아랫반송로60번길,detatched_multiFamily
부산광역시 해운대구 반송동,2**,월세,44.22,500,30,1993,아랫반송로40번길,detatched_multiFamily
부산광역시 해운대구 반송동,2**,전세,44.22,2000,0,1992,아랫반송로40번길,detatched_multiFamily
부산광역시 해운대구 반송동,2**,전세,44.22,3200,0,1992,아랫반송로49번길,detatched_multiFamily
부산광역시 해운대구 반송동,2**,전세,44.22,4500,0,2003,아랫반송로21번길,detatched_multiFamily
부산광역시 해운대구 반송동,2**,전세,44.22,5000,0,2001,아랫반송로29번길,detatched_multiFamily
부산광역시 해운대구 반송동,2**,전세,44.55,2500,0,2002,반송순환로,detatched_multiFamily
부산광역시 해운대구 반송동,2**,전세,44.55,3000,0,2002,반송순환로,detatched_multiFamily
부산광역시 해운대구 반송동,2**,월세,44.89,300,15,1973,아랫반송로40번길,detatched_multiFamily
부산광역시 해운대구 반송동,2**,전세,44.96,2000,0,1979,아랫반송로21번길,detatched_multiFamily
부산광역시 해운대구 반송동,2**,전세,45,2000,0,1992,아랫반송로40번길,detatched_multiFamily
부산광역시 해운대구 반송동,6**,월세,45.81,2000,20,1983,운봉길,detatched_multiFamily
부산광역시 해운대구 반송동,2**,월세,46,1000,20,1992,아랫반송로70번길,detatched_multiFamily
부산광역시 해운대구 반송동,2**,월세,46.2,500,15,1991,아랫반송로21번길,detatched_multiFamily
부산광역시 해운대구 반송동,2**,월세,46.28,200,18,1992,아랫반송로80번길,detatched_multiFamily
부산광역시 해운대구 반송동,2**,월세,46.9,800,40,2001,아랫반송로59번길,detatched_multiFamily
부산광역시 해운대구 반송동,2**,월세,46.92,300,20,1991,아랫반송로21번길,detatched_multiFamily
부산광역시 해운대구 반송동,*,월세,47.25,1300,10,1993,윗반송로51번길,detatched_multiFamily
부산광역시 해운대구 반송동,2**,전세,47.61,3000,0,1994,아랫반송로39번길,detatched_multiFamily
부산광역시 해운대구 반송동,2**,월세,49.5,1000,10,1992,아랫반송로,detatched_multiFamily
부산광역시 해운대구 반송동,2**,월세,49.5,1000,10,1994,아랫반송로29번길,detatched_multiFamily
부산광역시 해운대구 반송동,2**,월세,49.5,1000,20,1992,아랫반송로60번길,detatched_multiFamily
부산광역시 해운대구 반송동,7**,월세,49.54,2000,35,1981,아랫반송로30번길,detatched_multiFamily
부산광역시 해운대구 반송동,2**,월세,49.58,50,35,1993,아랫반송로21번길,detatched_multiFamily
부산광역시 해운대구 반송동,2**,월세,49.58,500,20,1991,아랫반송로25번길,detatched_multiFamily
부산광역시 해운대구 반송동,2**,월세,49.58,1000,15,1996,아랫반송로60번길,detatched_multiFamily
부산광역시 해운대구 반송동,2**,월세,49.58,1000,10,1993,아랫반송로50번길,detatched_multiFamily
부산광역시 해운대구 반송동,2**,월세,49.58,1000,20,1992,아랫반송로60번길,detatched_multiFamily
부산광역시 해운대구 반송동,2**,월세,49.58,500,20,1991,아랫반송로30번길,detatched_multiFamily
부산광역시 해운대구 반송동,2**,월세,49.58,500,20,1993,아랫반송로21번길,detatched_multiFamily
부산광역시 해운대구 반송동,2**,월세,49.58,100,20,,아랫반송로49번길,detatched_multiFamily
부산광역시 해운대구 반송동,2**,월세,49.58,200,15,1991,아랫반송로5번길,detatched_multiFamily
부산광역시 해운대구 반송동,2**,월세,49.58,2000,10,1970,아랫반송로59번길,detatched_multiFamily
부산광역시 해운대구 반송동,2**,전세,49.58,2000,0,,아랫반송로26번길,detatched_multiFamily
부산광역시 해운대구 반송동,2**,월세,50,300,20,1993,아랫반송로21번길,detatched_multiFamily
부산광역시 해운대구 반송동,2**,월세,50,300,25,1991,아랫반송로21번길,detatched_multiFamily
부산광역시 해운대구 반송동,2**,월세,50,1000,40,1991,아랫반송로60번길,detatched_multiFamily
부산광역시 해운대구 반송동,2**,월세,50,600,25,1993,아랫반송로50번길,detatched_multiFamily
부산광역시 해운대구 반송동,2**,전세,50,2500,0,2003,아랫반송로39번길,detatched_multiFamily
부산광역시 해운대구 반송동,2**,전세,50,2000,0,1992,아랫반송로21번길,detatched_multiFamily
부산광역시 해운대구 반송동,2**,전세,50,1500,0,1991,아랫반송로60번길,detatched_multiFamily
부산광역시 해운대구 반송동,2**,월세,50.32,300,18,1993,윗반송로51번길,detatched_multiFamily
부산광역시 해운대구 반송동,2**,월세,50.48,200,20,1992,아랫반송로49번길,detatched_multiFamily
부산광역시 해운대구 반송동,3**,전세,51.28,4300,0,1978,반송로916번길,detatched_multiFamily
부산광역시 해운대구 반송동,7**,전세,52.04,2300,0,1993,아랫반송로5번길,detatched_multiFamily
부산광역시 해운대구 반송동,2**,월세,52.89,1000,18,,윗반송로51번길,detatched_multiFamily
부산광역시 해운대구 반송동,*,월세,53,500,20,2001,윗반송로51번길,detatched_multiFamily
부산광역시 해운대구 반송동,2**,전세,54,4000,0,1992,아랫반송로50번길,detatched_multiFamily
부산광역시 해운대구 반송동,2**,월세,56,200,18,1981,반송순환로,detatched_multiFamily
부산광역시 해운대구 반송동,6**,월세,56.1,200,20,1997,운봉길,detatched_multiFamily
부산광역시 해운대구 반송동,2**,월세,56.63,1000,30,2003,아랫반송로,detatched_multiFamily
부산광역시 해운대구 반송동,6*,월세,57,200,22,,윗반송로51번길,detatched_multiFamily
부산광역시 해운대구 반송동,2**,전세,57.12,4500,0,1996,아랫반송로29번길,detatched_multiFamily
부산광역시 해운대구 반송동,7**,월세,57.73,1000,20,1992,반송로790번길,detatched_multiFamily
부산광역시 해운대구 반송동,2**,월세,59.5,500,17,1992,아랫반송로50번길,detatched_multiFamily
부산광역시 해운대구 반송동,7**,월세,59.5,1500,10,1994,아랫반송로30번길,detatched_multiFamily
부산광역시 해운대구 반송동,7**,전세,59.5,4000,0,1992,반송순환로,detatched_multiFamily
부산광역시 해운대구 반송동,6**,월세,60,500,20,1980,반송로867번길,detatched_multiFamily
부산광역시 해운대구 반송동,6**,월세,60,500,20,1980,반송로867번길,detatched_multiFamily
부산광역시 해운대구 반송동,2*,월세,60,2000,20,,반송로924번길,detatched_multiFamily
부산광역시 해운대구 반송동,4*,월세,60,800,15,1977,윗반송로51번길,detatched_multiFamily
부산광역시 해운대구 반송동,*,월세,61.2,1000,30,1992,윗반송로35번길,detatched_multiFamily
부산광역시 해운대구 반송동,2**,월세,63,2000,10,1993,아랫반송로50번길,detatched_multiFamily
부산광역시 해운대구 반송동,6*,월세,63.84,1000,20,1993,반송로924번길,detatched_multiFamily
부산광역시 해운대구 반송동,4*,월세,63.92,1000,25,1996,반송로948번길,detatched_multiFamily
부산광역시 해운대구 반송동,6*,전세,64,4000,0,,,detatched_multiFamily
부산광역시 해운대구 반송동,*,월세,64.4,1000,15,1993,윗반송로51번길,detatched_multiFamily
부산광역시 해운대구 반송동,2**,월세,66.11,1500,20,1997,아랫반송로69번길,detatched_multiFamily
부산광역시 해운대구 반송동,3**,월세,66.12,2000,28,1993,반송로,detatched_multiFamily
부산광역시 해운대구 반송동,2**,전세,66.79,3000,0,1985,아랫반송로40번길,detatched_multiFamily
부산광역시 해운대구 반송동,6*,전세,68.04,3000,0,1992,윗반송로51번길,detatched_multiFamily
부산광역시 해운대구 반송동,6**,월세,69.4,1200,30,1983,운봉길,detatched_multiFamily
부산광역시 해운대구 반송동,2**,월세,69.42,500,22,1991,아랫반송로50번길,detatched_multiFamily
부산광역시 해운대구 반송동,6*,전세,69.42,3300,0,1996,윗반송로51번길,detatched_multiFamily
부산광역시 해운대구 반송동,2**,전세,70,6000,0,1992,아랫반송로50번길,detatched_multiFamily
부산광역시 해운대구 반송동,7**,월세,70.56,3000,20,1990,아랫반송로6번길,detatched_multiFamily
부산광역시 해운대구 반송동,2**,월세,72.72,2000,10,1992,아랫반송로29번길,detatched_multiFamily
부산광역시 해운대구 반송동,6**,월세,73.64,300,30,2012,운봉길,detatched_multiFamily
부산광역시 해운대구 반송동,*,월세,75.24,1200,35,1992,윗반송로35번길,detatched_multiFamily
부산광역시 해운대구 반송동,4*,전세,78.72,6000,0,,윗반송로51번길,detatched_multiFamily
부산광역시 해운대구 반송동,2**,전세,79.2,2000,0,1994,아랫반송로69번길,detatched_multiFamily
부산광역시 해운대구 반송동,6**,월세,81.72,300,27,2012,운봉길,detatched_multiFamily
부산광역시 해운대구 반송동,2**,월세,82.64,4000,20,1992,아랫반송로30번길,detatched_multiFamily
부산광역시 해운대구 반송동,2**,전세,82.64,3000,0,,아랫반송로26번길,detatched_multiFamily
부산광역시 해운대구 반송동,*,월세,83,5000,5,1995,윗반송로51번길,detatched_multiFamily
부산광역시 해운대구 반송동,7**,전세,84.61,7500,0,1989,,detatched_multiFamily
부산광역시 해운대구 반송동,7**,전세,84.61,7500,0,1989,아랫반송로30번길,detatched_multiFamily
부산광역시 해운대구 반송동,2**,월세,87,1000,30,1996,아랫반송로21번길,detatched_multiFamily
부산광역시 해운대구 반송동,2**,월세,87.12,500,35,1993,아랫반송로27번길,detatched_multiFamily
부산광역시 해운대구 반송동,2**,전세,87.12,5000,0,1995,아랫반송로21번길,detatched_multiFamily
부산광역시 해운대구 반송동,2**,전세,87.12,4000,0,1991,아랫반송로21번길,detatched_multiFamily
부산광역시 해운대구 반송동,2**,월세,87.78,7000,10,1994,아랫반송로26번길,detatched_multiFamily
부산광역시 해운대구 반송동,2*,월세,88.44,1700,10,1992,윗반송로31번길,detatched_multiFamily
부산광역시 해운대구 반송동,2**,전세,88.44,4000,0,1993,아랫반송로60번길,detatched_multiFamily
부산광역시 해운대구 반송동,6*,월세,90.73,1000,40,1992,반송로924번길,detatched_multiFamily
부산광역시 해운대구 반송동,2**,월세,91.19,500,25,1992,반송순환로,detatched_multiFamily
부산광역시 해운대구 반송동,2**,월세,99,3000,25,1998,아랫반송로5번길,detatched_multiFamily
부산광역시 해운대구 반송동,2**,월세,100,1500,17,1993,아랫반송로21번길,detatched_multiFamily
부산광역시 해운대구 반송동,2**,월세,109.09,3700,30,1996,윗반송로,detatched_multiFamily
부산광역시 해운대구 반송동,2**,월세,119.58,4000,20,1992,윗반송로51번길,detatched_multiFamily
부산광역시 해운대구 반송동,2**,월세,126.61,2000,30,1991,아랫반송로21번길,detatched_multiFamily
부산광역시 해운대구 반송동,6*,전세,138.84,5000,0,1993,윗반송로51번길,detatched_multiFamily
부산광역시 해운대구 반송동,2**,월세,147.71,5000,30,1996,운봉길,detatched_multiFamily
부산광역시 해운대구 반여동,7**,월세,12,200,10,1991,선수촌로189번길,detatched_multiFamily
부산광역시 해운대구 반여동,9**,월세,16.53,120,12,1993,반여로167번길,detatched_multiFamily
부산광역시 해운대구 반여동,1***,월세,16.75,1000,15,1992,재반로212번길,detatched_multiFamily
부산광역시 해운대구 반여동,1***,전세,17,3000,0,1992,재반로256번길,detatched_multiFamily
부산광역시 해운대구 반여동,1***,월세,17.5,500,23,1992,재반로256번길,detatched_multiFamily
부산광역시 해운대구 반여동,1***,월세,24,200,16,1992,재반로241번길,detatched_multiFamily
부산광역시 해운대구 반여동,2**,월세,25.5,500,20,1985,선수촌로208번길,detatched_multiFamily
부산광역시 해운대구 반여동,1***,월세,26.04,200,15,1992,재반로226번길,detatched_multiFamily
부산광역시 해운대구 반여동,1***,월세,26.13,100,15,1992,재반로242번길,detatched_multiFamily
부산광역시 해운대구 반여동,1***,월세,26.42,300,20,1972,해운대로61번길,detatched_multiFamily
부산광역시 해운대구 반여동,1***,월세,26.44,100,17,2014,재반로196번길,detatched_multiFamily
부산광역시 해운대구 반여동,1***,월세,26.45,100,10,1992,재반로255번길,detatched_multiFamily
부산광역시 해운대구 반여동,1***,월세,26.45,500,25,1999,재반로212번길,detatched_multiFamily
부산광역시 해운대구 반여동,1***,월세,26.45,200,12,1972,재반로212번길,detatched_multiFamily
부산광역시 해운대구 반여동,1***,월세,26.45,500,16,1973,재반로225번길,detatched_multiFamily
부산광역시 해운대구 반여동,1***,월세,26.45,100,18,1992,재반로241번길,detatched_multiFamily
부산광역시 해운대구 반여동,1***,전세,26.45,2000,0,1996,재반로256번길,detatched_multiFamily
부산광역시 해운대구 반여동,1***,전세,26.45,1500,0,1975,,detatched_multiFamily
부산광역시 해운대구 반여동,1***,월세,29.5,200,15,1992,재반로225번길,detatched_multiFamily
부산광역시 해운대구 반여동,7**,월세,30,1500,20,1992,선수촌로,detatched_multiFamily
부산광역시 해운대구 반여동,7**,전세,32.05,7500,0,1980,선수촌로207번가길,detatched_multiFamily
부산광역시 해운대구 반여동,7**,전세,32.41,2700,0,1988,선수촌로207번나길,detatched_multiFamily
부산광역시 해운대구 반여동,7**,월세,32.45,500,18,1983,선수촌로189번길,detatched_multiFamily
부산광역시 해운대구 반여동,7**,월세,33,500,30,1989,선수촌로207번다길,detatched_multiFamily
부산광역시 해운대구 반여동,9**,월세,33,500,20,1993,반여로155번나길,detatched_multiFamily
부산광역시 해운대구 반여동,1**,월세,33,50,20,1993,선수촌로208번가길,detatched_multiFamily
부산광역시 해운대구 반여동,1***,월세,33,200,15,1992,재반로255번길,detatched_multiFamily
부산광역시 해운대구 반여동,9**,월세,35,300,15,1985,반여로185번길,detatched_multiFamily
부산광역시 해운대구 반여동,1***,전세,35.28,1000,0,1993,재반로270번길,detatched_multiFamily
부산광역시 해운대구 반여동,9**,월세,36,500,20,,반여로167번가길,detatched_multiFamily
부산광역시 해운대구 반여동,1***,전세,36,3000,0,1972,재반로211번길,detatched_multiFamily
부산광역시 해운대구 반여동,1***,월세,37.29,500,20,,재반로226번길,detatched_multiFamily
부산광역시 해운대구 반여동,1***,월세,37.29,2000,10,,재반로226번길,detatched_multiFamily
부산광역시 해운대구 반여동,9**,월세,37.4,300,15,1988,반여로167번가길,detatched_multiFamily
부산광역시 해운대구 반여동,9**,월세,37.64,1000,20,1979,반여로155번나길,detatched_multiFamily
부산광역시 해운대구 반여동,1***,월세,37.8,200,30,1973,재반로196번길,detatched_multiFamily
부산광역시 해운대구 반여동,1***,전세,37.98,3000,0,,재반로225번길,detatched_multiFamily
부산광역시 해운대구 반여동,1***,전세,38.19,1300,0,1992,재반로196번길,detatched_multiFamily
부산광역시 해운대구 반여동,1***,전세,38.2,2100,0,1992,재반로242번길,detatched_multiFamily
부산광역시 해운대구 반여동,1***,전세,38.37,2500,0,,재반로226번길,detatched_multiFamily
부산광역시 해운대구 반여동,1**,월세,39,200,26,1991,선수촌로208번가길,detatched_multiFamily
부산광역시 해운대구 반여동,1***,월세,39.6,200,20,1992,재반로212번길,detatched_multiFamily
부산광역시 해운대구 반여동,7**,월세,39.66,1500,20,1985,선수촌로207번나길,detatched_multiFamily
부산광역시 해운대구 반여동,1***,월세,39.67,500,17,1986,선수촌로,detatched_multiFamily
부산광역시 해운대구 반여동,1***,전세,39.78,1800,0,1996,해운대로61번길,detatched_multiFamily
부산광역시 해운대구 반여동,7**,월세,40,300,30,1993,선수촌로207번나길,detatched_multiFamily
부산광역시 해운대구 반여동,1***,월세,40.26,1000,7,1992,재반로196번길,detatched_multiFamily
부산광역시 해운대구 반여동,1***,전세,40.3,2000,0,1992,재반로226번길,detatched_multiFamily
부산광역시 해운대구 반여동,1***,월세,40.44,500,25,,재반로211번길,detatched_multiFamily
부산광역시 해운대구 반여동,1***,월세,40.6,200,20,1992,재반로225번길,detatched_multiFamily
부산광역시 해운대구 반여동,1***,월세,40.8,1000,25,1992,재반로212번길,detatched_multiFamily
부산광역시 해운대구 반여동,1***,전세,40.8,2500,0,,해운대로61번길,detatched_multiFamily
부산광역시 해운대구 반여동,1***,전세,40.8,2800,0,1994,해운대로61번길,detatched_multiFamily
부산광역시 해운대구 반여동,1***,전세,41,2500,0,1992,재반로226번길,detatched_multiFamily
부산광역시 해운대구 반여동,1***,전세,41.2,3000,0,1992,재반로196번길,detatched_multiFamily
부산광역시 해운대구 반여동,7**,전세,41.3,2600,0,1989,선수촌로207번나길,detatched_multiFamily
부산광역시 해운대구 반여동,1***,전세,41.4,3000,0,1992,재반로196번길,detatched_multiFamily
부산광역시 해운대구 반여동,1***,전세,41.86,2500,0,1992,재반로196번길,detatched_multiFamily
부산광역시 해운대구 반여동,1***,전세,42.01,2500,0,1992,해운대로61번길,detatched_multiFamily
부산광역시 해운대구 반여동,1***,전세,42.09,2500,0,,재반로226번길,detatched_multiFamily
부산광역시 해운대구 반여동,1***,전세,42.09,1000,0,,재반로226번길,detatched_multiFamily
부산광역시 해운대구 반여동,1***,월세,42.16,500,20,1992,해운대로61번길,detatched_multiFamily
부산광역시 해운대구 반여동,1***,월세,42.18,500,15,1992,재반로211번길,detatched_multiFamily
부산광역시 해운대구 반여동,1***,월세,42.2,500,20,1992,재반로211번길,detatched_multiFamily
부산광역시 해운대구 반여동,1***,전세,42.41,5000,0,1993,재반로242번길,detatched_multiFamily
부산광역시 해운대구 반여동,1***,전세,42.51,2500,0,,재반로226번길,detatched_multiFamily
부산광역시 해운대구 반여동,1***,월세,42.7,200,22,1992,재반로225번길,detatched_multiFamily
부산광역시 해운대구 반여동,1***,월세,42.7,200,22,1992,재반로225번길,detatched_multiFamily
부산광역시 해운대구 반여동,1***,월세,42.84,300,30,1993,재반로225번길,detatched_multiFamily
부산광역시 해운대구 반여동,1***,전세,42.84,2500,0,1992,재반로196번길,detatched_multiFamily
부산광역시 해운대구 반여동,1***,월세,43,2500,16,1988,반여로155번길,detatched_multiFamily
부산광역시 해운대구 반여동,1***,월세,43.5,700,15,,재반로226번길,detatched_multiFamily
부산광역시 해운대구 반여동,1***,전세,43.52,3000,0,,재반로211번길,detatched_multiFamily
부산광역시 해운대구 반여동,1***,전세,43.69,2500,0,1995,재반로212번길,detatched_multiFamily
부산광역시 해운대구 반여동,1***,월세,43.92,300,20,1992,재반로196번길,detatched_multiFamily
부산광역시 해운대구 반여동,1***,월세,43.96,500,25,1972,재반로211번길,detatched_multiFamily
부산광역시 해운대구 반여동,1***,월세,44.02,500,20,1993,재반로225번길,detatched_multiFamily
부산광역시 해운대구 반여동,1***,전세,44.1,2000,0,1992,재반로196번길,detatched_multiFamily
부산광역시 해운대구 반여동,1***,월세,44.19,500,15,1992,재반로225번길,detatched_multiFamily
부산광역시 해운대구 반여동,1***,전세,44.2,2500,0,1992,재반로226번길,detatched_multiFamily
부산광역시 해운대구 반여동,1***,월세,44.62,900,20,1992,재반로196번길,detatched_multiFamily
부산광역시 해운대구 반여동,1***,월세,44.63,500,25,,재반로212번길,detatched_multiFamily
부산광역시 해운대구 반여동,1***,전세,44.68,4000,0,1992,재반로226번길,detatched_multiFamily
부산광역시 해운대구 반여동,1***,월세,45,1000,20,1993,재반로226번길,detatched_multiFamily
부산광역시 해운대구 반여동,1***,월세,45.36,500,23,1992,해운대로61번길,detatched_multiFamily
부산광역시 해운대구 반여동,1***,월세,45.6,500,15,1992,재반로226번길,detatched_multiFamily
부산광역시 해운대구 반여동,1***,월세,45.64,200,20,1992,재반로196번길,detatched_multiFamily
부산광역시 해운대구 반여동,1***,전세,45.93,5500,0,1992,해운대로61번길,detatched_multiFamily
부산광역시 해운대구 반여동,1***,월세,46.28,500,10,1995,재반로226번길,detatched_multiFamily
부산광역시 해운대구 반여동,1***,전세,46.4,2500,0,1993,재반로225번길,detatched_multiFamily
부산광역시 해운대구 반여동,1***,전세,46.72,2700,0,1992,재반로212번길,detatched_multiFamily
부산광역시 해운대구 반여동,1***,전세,46.72,2700,0,1992,재반로212번길,detatched_multiFamily
부산광역시 해운대구 반여동,1***,월세,46.8,300,20,1992,재반로212번길,detatched_multiFamily
부산광역시 해운대구 반여동,1***,월세,47.01,3500,4,1992,해운대로61번길,detatched_multiFamily
부산광역시 해운대구 반여동,1***,월세,47.25,500,15,1993,재반로212번길,detatched_multiFamily
부산광역시 해운대구 반여동,1***,월세,47.45,500,20,1992,재반로226번길,detatched_multiFamily
부산광역시 해운대구 반여동,1***,월세,47.5,500,32,1984,재반로242번길,detatched_multiFamily
부산광역시 해운대구 반여동,1***,월세,47.88,2000,10,1984,재반로241번길,detatched_multiFamily
부산광역시 해운대구 반여동,1***,전세,47.96,1500,0,1992,재반로196번길,detatched_multiFamily
부산광역시 해운대구 반여동,1***,월세,48.06,500,25,1992,재반로241번길,detatched_multiFamily
부산광역시 해운대구 반여동,1***,전세,48.55,3000,0,1984,,detatched_multiFamily
부산광역시 해운대구 반여동,1***,월세,48.6,300,20,1993,재반로211번길,detatched_multiFamily
부산광역시 해운대구 반여동,1***,전세,48.72,3000,0,1994,재반로211번길,detatched_multiFamily
부산광역시 해운대구 반여동,1***,월세,48.96,500,20,1992,재반로242번길,detatched_multiFamily
부산광역시 해운대구 반여동,1***,전세,48.99,3500,0,1992,재반로256번길,detatched_multiFamily
부산광역시 해운대구 반여동,1***,월세,49.2,1000,27,1992,재반로225번길,detatched_multiFamily
부산광역시 해운대구 반여동,1***,월세,49.5,500,20,1994,재반로256번길,detatched_multiFamily
부산광역시 해운대구 반여동,1***,월세,49.58,100,20,1992,해운대로61번길,detatched_multiFamily
부산광역시 해운대구 반여동,1***,전세,49.58,3000,0,1993,재반로226번길,detatched_multiFamily
부산광역시 해운대구 반여동,1***,전세,49.66,2500,0,1992,재반로241번길,detatched_multiFamily
부산광역시 해운대구 반여동,1***,전세,49.98,2000,0,1993,재반로212번길,detatched_multiFamily
부산광역시 해운대구 반여동,9**,전세,50.18,7000,0,1988,반여로155번나길,detatched_multiFamily
부산광역시 해운대구 반여동,1***,전세,50.37,4000,0,1992,재반로241번길,detatched_multiFamily
부산광역시 해운대구 반여동,1***,전세,50.37,4000,0,1992,재반로241번길,detatched_multiFamily
부산광역시 해운대구 반여동,1***,전세,51.12,2000,0,1992,재반로242번길,detatched_multiFamily
부산광역시 해운대구 반여동,1***,전세,51.12,3500,0,1992,재반로241번길,detatched_multiFamily
부산광역시 해운대구 반여동,1***,월세,51.66,300,22,1993,재반로225번길,detatched_multiFamily
부산광역시 해운대구 반여동,1***,월세,51.8,500,20,1992,재반로242번길,detatched_multiFamily
부산광역시 해운대구 반여동,1***,월세,52,600,26,1993,재반로241번길,detatched_multiFamily
부산광역시 해운대구 반여동,1***,전세,52.07,2500,0,1984,재반로196번길,detatched_multiFamily
부산광역시 해운대구 반여동,1***,월세,52.26,2000,10,1992,재반로225번길,detatched_multiFamily
부산광역시 해운대구 반여동,7**,전세,52.44,5000,0,1989,선수촌로207번나길,detatched_multiFamily
부산광역시 해운대구 반여동,1***,월세,52.5,500,15,1993,재반로255번길,detatched_multiFamily
부산광역시 해운대구 반여동,1***,전세,52.5,4000,0,1992,,detatched_multiFamily
부산광역시 해운대구 반여동,1***,월세,52.92,1000,10,1993,재반로242번길,detatched_multiFamily
부산광역시 해운대구 반여동,1***,전세,53.25,2000,0,1992,재반로242번길,detatched_multiFamily
부산광역시 해운대구 반여동,1***,월세,53.28,2000,10,1992,재반로241번길,detatched_multiFamily
부산광역시 해운대구 반여동,1***,전세,53.7,4300,0,1992,재반로270번길,detatched_multiFamily
부산광역시 해운대구 반여동,1***,월세,53.96,500,15,1992,재반로242번길,detatched_multiFamily
부산광역시 해운대구 반여동,1***,전세,53.96,2500,0,1994,재반로241번길,detatched_multiFamily
부산광역시 해운대구 반여동,1***,월세,53.97,500,25,1993,재반로255번길,detatched_multiFamily
부산광역시 해운대구 반여동,1***,월세,54.02,500,27,1992,재반로241번길,detatched_multiFamily
부산광역시 해운대구 반여동,1***,월세,54.02,200,20,1992,재반로255번길,detatched_multiFamily
부산광역시 해운대구 반여동,1***,전세,54.5,3500,0,1992,해운대로61번길,detatched_multiFamily
부산광역시 해운대구 반여동,1***,월세,54.56,200,15,1992,재반로255번길,detatched_multiFamily
부산광역시 해운대구 반여동,1***,전세,54.6,4300,0,1992,재반로270번길,detatched_multiFamily
부산광역시 해운대구 반여동,1***,전세,54.72,4200,0,1993,재반로242번길,detatched_multiFamily
부산광역시 해운대구 반여동,1***,월세,55,1000,25,1983,반여로155번길,detatched_multiFamily
부산광역시 해운대구 반여동,1***,월세,56,1000,28,1994,재반로241번길,detatched_multiFamily
부산광역시 해운대구 반여동,1***,월세,56.09,2000,10,1993,재반로242번길,detatched_multiFamily
부산광역시 해운대구 반여동,1***,월세,56.19,500,27,1992,재반로242번길,detatched_multiFamily
부산광역시 해운대구 반여동,1***,월세,56.21,500,20,1993,재반로241번길,detatched_multiFamily
부산광역시 해운대구 반여동,1***,월세,56.24,300,17,1993,재반로241번길,detatched_multiFamily
부산광역시 해운대구 반여동,1***,월세,56.43,800,22,1984,재반로196번길,detatched_multiFamily
부산광역시 해운대구 반여동,9**,월세,57.51,1000,35,1979,반여로167번길,detatched_multiFamily
부산광역시 해운대구 반여동,1***,월세,59.25,300,35,1992,재반로241번길,detatched_multiFamily
부산광역시 해운대구 반여동,1***,월세,59.28,300,15,1992,재반로242번길,detatched_multiFamily
부산광역시 해운대구 반여동,1***,월세,59.32,500,30,1992,재반로225번길,detatched_multiFamily
부산광역시 해운대구 반여동,1***,전세,59.39,3000,0,,재반로226번길,detatched_multiFamily
부산광역시 해운대구 반여동,1***,월세,59.4,200,20,1993,재반로256번길,detatched_multiFamily
부산광역시 해운대구 반여동,8**,월세,59.5,300,23,1990,반여로185번길,detatched_multiFamily
부산광역시 해운대구 반여동,1***,월세,61.5,2500,20,1993,재반로,detatched_multiFamily
부산광역시 해운대구 반여동,1***,월세,62.05,500,20,1992,재반로241번길,detatched_multiFamily
부산광역시 해운대구 반여동,1***,전세,62.35,5500,0,,해운대로61번길,detatched_multiFamily
부산광역시 해운대구 반여동,1***,월세,62.82,3000,30,1992,재반로225번길,detatched_multiFamily
부산광역시 해운대구 반여동,1***,월세,62.85,500,20,1988,재반로225번길,detatched_multiFamily
부산광역시 해운대구 반여동,1***,월세,66,2000,15,2001,재반로196번길,detatched_multiFamily
부산광역시 해운대구 반여동,1***,전세,66,2300,0,1994,재반로270번길,detatched_multiFamily
부산광역시 해운대구 반여동,1***,월세,66.12,500,22,1992,재반로256번길,detatched_multiFamily
부산광역시 해운대구 반여동,1***,전세,67.19,4000,0,1992,재반로196번길,detatched_multiFamily
부산광역시 해운대구 반여동,1***,월세,67.56,2000,25,1992,재반로226번길,detatched_multiFamily
부산광역시 해운대구 반여동,8**,월세,68.1,1300,33,1994,반여로155번다길,detatched_multiFamily
부산광역시 해운대구 반여동,8**,월세,70,1000,25,1991,반여로155번다길,detatched_multiFamily
부산광역시 해운대구 반여동,1***,월세,70.92,1000,20,1993,재반로226번길,detatched_multiFamily
부산광역시 해운대구 반여동,9**,월세,73.39,1000,20,1979,반여로167번길,detatched_multiFamily
부산광역시 해운대구 반여동,7**,전세,73.86,7300,0,1985,선수촌로207번나길,detatched_multiFamily
부산광역시 해운대구 반여동,1***,월세,75.5,2000,90,1983,반여로155번길,detatched_multiFamily
부산광역시 해운대구 반여동,1***,월세,76.67,500,35,1976,재반로270번길,detatched_multiFamily
부산광역시 해운대구 반여동,1***,전세,76.8,6800,0,,재반로196번길,detatched_multiFamily
부산광역시 해운대구 반여동,1***,전세,77.22,7000,0,1995,재반로211번길,detatched_multiFamily
부산광역시 해운대구 반여동,1***,전세,77.22,7000,0,1995,재반로211번길,detatched_multiFamily
부산광역시 해운대구 반여동,1***,월세,78.48,2000,35,1989,삼어로91번길,detatched_multiFamily
부산광역시 해운대구 반여동,1***,전세,79.86,6500,0,1992,해운대로61번길,detatched_multiFamily
부산광역시 해운대구 반여동,1***,전세,79.96,2500,0,1993,재반로226번길,detatched_multiFamily
부산광역시 해운대구 반여동,1***,월세,80.64,1000,25,1992,재반로196번길,detatched_multiFamily
부산광역시 해운대구 반여동,1***,월세,81.31,3000,10,1997,재반로256번길,detatched_multiFamily
부산광역시 해운대구 반여동,1***,전세,83.64,7000,0,1996,해운대로61번길,detatched_multiFamily
부산광역시 해운대구 반여동,1***,전세,83.64,7000,0,1996,,detatched_multiFamily
부산광역시 해운대구 반여동,1***,전세,84.35,10000,0,1978,반여로155번가길,detatched_multiFamily
부산광역시 해운대구 반여동,1***,전세,86.1,6000,0,1992,재반로196번길,detatched_multiFamily
부산광역시 해운대구 반여동,1***,월세,93.81,200,27,1984,해운대로61번길,detatched_multiFamily
부산광역시 해운대구 반여동,1***,월세,98.42,2000,40,1989,해운대로61번길,detatched_multiFamily
부산광역시 해운대구 반여동,7**,전세,98.94,10000,0,1985,선수촌로165번길,detatched_multiFamily
부산광역시 해운대구 반여동,7**,월세,99.17,1000,25,1985,선수촌로207번다길,detatched_multiFamily
부산광역시 해운대구 반여동,1***,전세,100,3500,0,1992,재반로226번길,detatched_multiFamily
부산광역시 해운대구 반여동,1***,월세,109.4,2000,35,1995,재반로256번길,detatched_multiFamily
부산광역시 해운대구 반여동,7**,월세,112.4,1000,30,1980,선수촌로207번길,detatched_multiFamily
부산광역시 해운대구 반여동,1***,월세,115.07,1500,50,,재반로196번길,detatched_multiFamily
부산광역시 해운대구 석대동,1**,월세,25,500,35,,반송로,detatched_multiFamily
부산광역시 해운대구 송정동,1**,월세,10,2800,25,1989,송정중앙로15번길,detatched_multiFamily
부산광역시 해운대구 송정동,3**,월세,11.57,0,15,2003,송정중앙로8번길,detatched_multiFamily
부산광역시 해운대구 송정동,1**,월세,16.52,300,20,1992,해운대로,detatched_multiFamily
부산광역시 해운대구 송정동,1**,월세,18,300,36,2015,송정중앙로5번길,detatched_multiFamily
부산광역시 해운대구 송정동,1**,월세,18,300,36,2015,송정중앙로5번길,detatched_multiFamily
부산광역시 해운대구 송정동,1**,월세,18,300,36,2015,송정중앙로5번길,detatched_multiFamily
부산광역시 해운대구 송정동,1**,월세,18,500,35,2015,송정중앙로5번길,detatched_multiFamily
부산광역시 해운대구 송정동,1**,월세,20,300,29,2017,송정중앙로5번길,detatched_multiFamily
부산광역시 해운대구 송정동,1**,월세,21.12,300,45,2015,송정중앙로5번길,detatched_multiFamily
부산광역시 해운대구 송정동,1**,월세,21.12,300,45,2015,송정중앙로5번길,detatched_multiFamily
부산광역시 해운대구 송정동,1**,월세,22.8,300,43,2015,송정중앙로5번길,detatched_multiFamily
부산광역시 해운대구 송정동,1**,월세,22.8,300,45,2015,송정중앙로5번길,detatched_multiFamily
부산광역시 해운대구 송정동,1**,월세,22.8,300,45,2015,송정중앙로5번길,detatched_multiFamily
부산광역시 해운대구 송정동,1**,월세,23,500,40,,송정중앙로5번길,detatched_multiFamily
부산광역시 해운대구 송정동,1**,월세,23,500,40,2017,송정중앙로5번길,detatched_multiFamily
부산광역시 해운대구 송정동,1**,월세,23.14,500,35,2010,송정중앙로15번길,detatched_multiFamily
부산광역시 해운대구 송정동,1**,월세,25,200,36,2010,송정중앙로15번길,detatched_multiFamily
부산광역시 해운대구 송정동,1**,월세,25,500,35,2010,송정중앙로15번길,detatched_multiFamily
부산광역시 해운대구 송정동,1**,월세,25,100,38,2010,송정중앙로15번길,detatched_multiFamily
부산광역시 해운대구 송정동,1**,월세,25,500,40,2012,송정중앙로15번길,detatched_multiFamily
부산광역시 해운대구 송정동,1**,월세,25,300,36,2010,송정중앙로15번길,detatched_multiFamily
부산광역시 해운대구 송정동,1**,월세,25,300,37,2010,송정중앙로15번길,detatched_multiFamily
부산광역시 해운대구 송정동,1**,월세,25,300,36,2010,송정중앙로15번길,detatched_multiFamily
부산광역시 해운대구 송정동,1**,월세,25,1000,35,2017,송정중앙로5번길,detatched_multiFamily
부산광역시 해운대구 송정동,1**,월세,25,2000,23,2012,송정중앙로15번길,detatched_multiFamily
부산광역시 해운대구 송정동,1**,월세,25,300,37,2010,송정중앙로15번길,detatched_multiFamily
부산광역시 해운대구 송정동,1**,월세,25,300,36,2010,송정중앙로15번길,detatched_multiFamily
부산광역시 해운대구 송정동,1**,월세,25,500,33,2010,송정중앙로15번길,detatched_multiFamily
부산광역시 해운대구 송정동,1**,월세,25,500,50,2019,송정중앙로5번길,detatched_multiFamily
부산광역시 해운대구 송정동,1**,월세,25,300,36,2010,송정중앙로15번길,detatched_multiFamily
부산광역시 해운대구 송정동,3**,전세,25,5000,0,2012,송정광어골로82번길,detatched_multiFamily
부산광역시 해운대구 송정동,1**,전세,25,4000,0,2012,해운대로,detatched_multiFamily
부산광역시 해운대구 송정동,3**,전세,25,5000,0,2012,,detatched_multiFamily
부산광역시 해운대구 송정동,1**,월세,26.64,300,45,2015,송정중앙로5번길,detatched_multiFamily
부산광역시 해운대구 송정동,1**,월세,29.7,300,36,2010,송정중앙로15번길,detatched_multiFamily
부산광역시 해운대구 송정동,1**,월세,30,2000,30,2012,해운대로,detatched_multiFamily
부산광역시 해운대구 송정동,1**,월세,30,500,36,2010,송정중앙로15번길,detatched_multiFamily
부산광역시 해운대구 송정동,2**,월세,30,4000,30,2003,송정중앙로,detatched_multiFamily
부산광역시 해운대구 송정동,1**,전세,30,5000,0,2012,송정중앙로5번길,detatched_multiFamily
부산광역시 해운대구 송정동,1**,월세,30.83,500,46,2019,송정중앙로5번길,detatched_multiFamily
부산광역시 해운대구 송정동,1**,월세,32.47,1000,30,2010,송정중앙로15번길,detatched_multiFamily
부산광역시 해운대구 송정동,1**,월세,33,500,50,2019,송정중앙로5번길,detatched_multiFamily
부산광역시 해운대구 송정동,1**,월세,34,2000,35,2017,송정중앙로5번길,detatched_multiFamily
부산광역시 해운대구 송정동,1**,월세,35,500,53,2019,송정중앙로5번길,detatched_multiFamily
부산광역시 해운대구 송정동,1**,월세,36,1000,60,2017,송정중앙로5번길,detatched_multiFamily
부산광역시 해운대구 송정동,1**,월세,36.14,500,65,2017,송정중앙로5번길,detatched_multiFamily
부산광역시 해운대구 송정동,1**,월세,40,10000,10,2019,송정중앙로5번길,detatched_multiFamily
부산광역시 해운대구 송정동,1**,월세,40,10000,11,2019,송정중앙로5번길,detatched_multiFamily
부산광역시 해운대구 송정동,1**,전세,40,10000,0,2018,송정중앙로5번길,detatched_multiFamily
부산광역시 해운대구 송정동,1**,전세,40,10000,0,2019,송정중앙로5번길,detatched_multiFamily
부산광역시 해운대구 송정동,1**,월세,43,5000,20,1991,송정중앙로15번길,detatched_multiFamily
부산광역시 해운대구 송정동,1**,월세,49.03,5000,20,1980,송정중앙로15번길,detatched_multiFamily
부산광역시 해운대구 송정동,1**,월세,49.5,1500,55,2017,송정중앙로5번길,detatched_multiFamily
부산광역시 해운대구 송정동,1**,전세,49.95,10000,0,,송정중앙로15번길,detatched_multiFamily
부산광역시 해운대구 송정동,1**,월세,54.45,500,35,1989,송정중앙로9번길,detatched_multiFamily
부산광역시 해운대구 송정동,1**,월세,55,5000,28,2015,송정강변로,detatched_multiFamily
부산광역시 해운대구 송정동,1**,월세,60.04,9000,40,2018,송정중앙로5번길,detatched_multiFamily
부산광역시 해운대구 송정동,1**,월세,61.61,300,38,2018,송정중앙로9번길,detatched_multiFamily
부산광역시 해운대구 송정동,1**,월세,65.88,5000,110,,송정중앙로15번길,detatched_multiFamily
부산광역시 해운대구 송정동,1**,월세,66.34,4000,40,,송정1로7번길,detatched_multiFamily
부산광역시 해운대구 송정동,1**,월세,69.95,2000,35,,송정중앙로15번길,detatched_multiFamily
부산광역시 해운대구 송정동,8*,월세,72,1000,70,1993,송정2로13번길,detatched_multiFamily
부산광역시 해운대구 송정동,1**,전세,77.88,10000,0,2016,송정중앙로15번길,detatched_multiFamily
부산광역시 해운대구 송정동,1**,월세,81.48,500,35,1991,송정중앙로27번길,detatched_multiFamily
부산광역시 해운대구 송정동,1**,전세,81.55,14000,0,2018,해운대로,detatched_multiFamily
부산광역시 해운대구 송정동,1**,월세,81.56,200,25,1978,송정중앙로21번길,detatched_multiFamily
부산광역시 해운대구 송정동,1**,월세,85.17,2000,80,1991,송정중앙로21번길,detatched_multiFamily
부산광역시 해운대구 송정동,1**,월세,85.32,2000,25,1988,송정중앙로15번길,detatched_multiFamily
부산광역시 해운대구 송정동,1**,월세,88.98,500,50,2003,송정강변로,detatched_multiFamily
부산광역시 해운대구 송정동,1**,월세,100.08,1000,43,2017,송정중앙로9번길,detatched_multiFamily
부산광역시 해운대구 송정동,1**,월세,102.82,500,40,2011,송정중앙로21번길,detatched_multiFamily
부산광역시 해운대구 송정동,1**,월세,104.92,500,35,2015,송정중앙로5번길,detatched_multiFamily
부산광역시 해운대구 송정동,4**,전세,105.22,20000,0,2018,송정광어골로,detatched_multiFamily
부산광역시 해운대구 송정동,1**,전세,124.72,15000,0,1991,송정중앙로9번길,detatched_multiFamily
부산광역시 해운대구 송정동,1**,월세,127.18,3000,50,2017,송정중앙로5번길,detatched_multiFamily
부산광역시 해운대구 송정동,1**,월세,132.23,1000,25,1991,송정강변로,detatched_multiFamily
부산광역시 해운대구 송정동,1**,월세,136.6,1500,40,2018,송정중앙로5번길,detatched_multiFamily
부산광역시 해운대구 송정동,1**,월세,160.9,500,45,2012,송정중앙로5번길,detatched_multiFamily
부산광역시 해운대구 송정동,1**,월세,160.9,500,45,2012,송정중앙로5번길,detatched_multiFamily
부산광역시 해운대구 송정동,1**,전세,183.5,7000,0,2018,송정중앙로5번길,detatched_multiFamily
부산광역시 해운대구 송정동,1**,월세,191.14,500,48,2017,송정중앙로5번길,detatched_multiFamily
부산광역시 해운대구 우동,1**,월세,18,500,4,,우동2로32번길,detatched_multiFamily
부산광역시 해운대구 우동,2**,월세,18.96,300,40,2021,우동3로11번길,detatched_multiFamily
부산광역시 해운대구 우동,5**,전세,20.72,2000,0,1988,우동1로20번가길,detatched_multiFamily
부산광역시 해운대구 우동,3**,월세,25,200,20,1975,우동1로71번길,detatched_multiFamily
부산광역시 해운대구 우동,2**,월세,25,300,35,2010,우동3로,detatched_multiFamily
부산광역시 해운대구 우동,4**,월세,30,500,20,1978,우동1로,detatched_multiFamily
부산광역시 해운대구 우동,2**,월세,33,300,30,1995,우동3로11번길,detatched_multiFamily
부산광역시 해운대구 우동,4**,월세,33,500,35,1987,우동1로20번가길,detatched_multiFamily
부산광역시 해운대구 우동,2**,월세,33.48,300,29,1995,우동3로11번길,detatched_multiFamily
부산광역시 해운대구 우동,5**,월세,35,1000,20,1977,우동1로20번가길,detatched_multiFamily
부산광역시 해운대구 우동,3**,월세,36.69,1500,30,1969,우동1로85번길,detatched_multiFamily
부산광역시 해운대구 우동,2**,월세,38.16,1000,30,1978,우동2로32번길,detatched_multiFamily
부산광역시 해운대구 우동,3**,월세,40,2000,20,1991,우동2로,detatched_multiFamily
부산광역시 해운대구 우동,3**,월세,40,2000,20,1991,우동2로,detatched_multiFamily
부산광역시 해운대구 우동,1***,월세,42.97,500,20,1976,해운대로,detatched_multiFamily
부산광역시 해운대구 우동,3**,월세,45,5000,10,1987,우동1로,detatched_multiFamily
부산광역시 해운대구 우동,9**,월세,45,3000,50,1982,해운대로483번길,detatched_multiFamily
부산광역시 해운대구 우동,1**,월세,45.2,2750,20,1992,우동2로14번가길,detatched_multiFamily
부산광역시 해운대구 우동,1**,전세,46.28,4000,0,1992,우동2로14번가길,detatched_multiFamily
부산광역시 해운대구 우동,3**,월세,47.3,500,30,1993,우동2로,detatched_multiFamily
부산광역시 해운대구 우동,2**,월세,48,2000,10,1991,우동2로32번길,detatched_multiFamily
부산광역시 해운대구 우동,3**,월세,48,2000,30,1992,우동2로,detatched_multiFamily
부산광역시 해운대구 우동,2**,월세,48.23,6000,5,1991,우동3로11번길,detatched_multiFamily
부산광역시 해운대구 우동,4**,월세,49,2000,20,1986,우동1로,detatched_multiFamily
부산광역시 해운대구 우동,3**,월세,49.18,1000,30,1990,우동1로,detatched_multiFamily
부산광역시 해운대구 우동,1***,월세,49.5,2000,10,1975,해운대로391번길,detatched_multiFamily
부산광역시 해운대구 우동,1***,월세,49.8,2000,14,1996,해운대로383번길,detatched_multiFamily
부산광역시 해운대구 우동,6**,월세,49.86,1600,45,1991,우동1로,detatched_multiFamily
부산광역시 해운대구 우동,3**,전세,49.92,14000,0,1988,우동1로85번길,detatched_multiFamily
부산광역시 해운대구 우동,3**,전세,49.92,14000,0,1988,우동1로85번길,detatched_multiFamily
부산광역시 해운대구 우동,2**,월세,50,100,10,1976,우동2로32번길,detatched_multiFamily
부산광역시 해운대구 우동,3**,전세,50.04,11000,0,1978,우동1로,detatched_multiFamily
부산광역시 해운대구 우동,3**,월세,53.54,2000,35,1988,우동1로85번길,detatched_multiFamily
부산광역시 해운대구 우동,9**,월세,55,500,30,1988,우동1로85번길,detatched_multiFamily
부산광역시 해운대구 우동,2**,월세,56,1000,60,1979,우동3로11번가길,detatched_multiFamily
부산광역시 해운대구 우동,2**,월세,57.45,7000,8,,우동2로30번길,detatched_multiFamily
부산광역시 해운대구 우동,1**,월세,58.45,1000,20,2003,우동2로30번길,detatched_multiFamily
부산광역시 해운대구 우동,2**,월세,59,2000,30,1989,우동3로11번길,detatched_multiFamily
부산광역시 해운대구 우동,2**,월세,61.15,1500,20,1973,우동3로,detatched_multiFamily
부산광역시 해운대구 우동,4**,월세,62.33,2500,20,1986,우동2로32번길,detatched_multiFamily
부산광역시 해운대구 우동,2**,월세,62.7,1000,30,1971,우동2로32번길,detatched_multiFamily
부산광역시 해운대구 우동,4**,전세,64.39,7000,0,1987,우동1로50번길,detatched_multiFamily
부산광역시 해운대구 우동,1**,월세,65,2000,30,1975,우동3로,detatched_multiFamily
부산광역시 해운대구 우동,3**,월세,66,1000,35,1980,우동1로85번길,detatched_multiFamily
부산광역시 해운대구 우동,3**,월세,66,3500,15,1974,우동1로,detatched_multiFamily
부산광역시 해운대구 우동,1***,월세,66.81,5000,50,1985,해운대로383번가길,detatched_multiFamily
부산광역시 해운대구 우동,4**,월세,67.88,500,35,2000,우동2로,detatched_multiFamily
부산광역시 해운대구 우동,2**,전세,70,7000,0,1992,우동3로11번가길,detatched_multiFamily
부산광역시 해운대구 우동,3**,전세,71.2,7000,0,1978,우동1로71번길,detatched_multiFamily
부산광역시 해운대구 우동,2**,전세,72.39,10000,0,2021,우동3로11번길,detatched_multiFamily
부산광역시 해운대구 우동,3**,전세,72.56,9000,0,1978,우동1로71번길,detatched_multiFamily
부산광역시 해운대구 우동,5**,전세,72.72,10000,0,1972,구남로18번길,detatched_multiFamily
부산광역시 해운대구 우동,4**,월세,73.67,1000,65,1978,우동1로,detatched_multiFamily
부산광역시 해운대구 우동,1**,전세,74.1,5500,0,1992,우동2로14번가길,detatched_multiFamily
부산광역시 해운대구 우동,3**,전세,79.53,12000,0,1978,우동1로,detatched_multiFamily
부산광역시 해운대구 우동,2**,월세,79.68,1000,33,1982,우동3로11번길,detatched_multiFamily
부산광역시 해운대구 우동,1***,월세,87.63,5000,25,1998,해운대로383번길,detatched_multiFamily
부산광역시 해운대구 우동,1***,월세,90,12000,25,1997,해운대로383번길,detatched_multiFamily
부산광역시 해운대구 우동,1***,월세,91.98,3000,60,1991,해운대로469번나길,detatched_multiFamily
부산광역시 해운대구 우동,3**,월세,92.42,2000,30,1986,우동1로85번길,detatched_multiFamily
부산광역시 해운대구 우동,3**,월세,100.39,1500,20,1992,우동2로,detatched_multiFamily
부산광역시 해운대구 우동,2**,월세,102.58,1000,40,1981,우동2로32번길,detatched_multiFamily
부산광역시 해운대구 우동,5**,월세,109.44,3000,50,1992,우동1로38번가길,detatched_multiFamily
부산광역시 해운대구 우동,1**,월세,121,10000,10,1992,우동2로,detatched_multiFamily
부산광역시 해운대구 우동,1***,월세,192.01,1000,50,1978,해운대로469번나길,detatched_multiFamily
부산광역시 해운대구 재송동,1***,월세,10,100,11,1990,재송2로23번길,detatched_multiFamily
부산광역시 해운대구 재송동,1***,전세,14.58,7000,0,,,detatched_multiFamily
부산광역시 해운대구 재송동,1***,월세,15,300,38,2011,해운대로143번길,detatched_multiFamily
부산광역시 해운대구 재송동,1**,월세,16,100,28,2003,재반로30번길,detatched_multiFamily
부산광역시 해운대구 재송동,1***,월세,16.23,300,38,2012,해운대로153번길,detatched_multiFamily
부산광역시 해운대구 재송동,1***,월세,17,500,40,2014,해운대로143번길,detatched_multiFamily
부산광역시 해운대구 재송동,1**,월세,17.7,200,19,,재반로50번길,detatched_multiFamily
부산광역시 해운대구 재송동,4**,월세,17.85,1000,27,2020,재반로27번길,detatched_multiFamily
부산광역시 해운대구 재송동,1***,월세,18,200,19,2000,재송2로89번길,detatched_multiFamily
부산광역시 해운대구 재송동,1***,월세,18,200,36,2011,재송1로31번길,detatched_multiFamily
부산광역시 해운대구 재송동,1***,월세,19.83,100,5,1989,재반로103번가길,detatched_multiFamily
부산광역시 해운대구 재송동,1***,월세,20,4000,10,2012,해운대로153번길,detatched_multiFamily
부산광역시 해운대구 재송동,1***,월세,20,300,33,2010,해운대로153번길,detatched_multiFamily
부산광역시 해운대구 재송동,1***,월세,20,1000,20,2011,재반로103번가길,detatched_multiFamily
부산광역시 해운대구 재송동,1***,월세,20,200,33,,재반로84번길,detatched_multiFamily
부산광역시 해운대구 재송동,1***,월세,20,300,38,2012,해운대로153번길,detatched_multiFamily
부산광역시 해운대구 재송동,1***,월세,20,300,35,2010,해운대로153번길,detatched_multiFamily
부산광역시 해운대구 재송동,1***,전세,20,8400,0,2017,해운대로143번길,detatched_multiFamily
부산광역시 해운대구 재송동,1***,월세,20.16,500,23,2021,,detatched_multiFamily
부산광역시 해운대구 재송동,1***,월세,21,500,40,2016,해운대로143번길,detatched_multiFamily
부산광역시 해운대구 재송동,1***,월세,22.28,2000,30,2014,해운대로143번길,detatched_multiFamily
부산광역시 해운대구 재송동,1***,월세,22.32,300,29,2014,해운대로143번길,detatched_multiFamily
부산광역시 해운대구 재송동,1***,월세,23.37,3000,30,,,detatched_multiFamily
부산광역시 해운대구 재송동,1***,월세,24,2000,30,,해운대로81번길,detatched_multiFamily
부산광역시 해운대구 재송동,1***,월세,24,4000,5,2010,해운대로153번길,detatched_multiFamily
부산광역시 해운대구 재송동,1***,전세,24,8000,0,2016,,detatched_multiFamily
부산광역시 해운대구 재송동,1***,전세,24,8000,0,2016,해운대로143번길,detatched_multiFamily
부산광역시 해운대구 재송동,1***,전세,24,8000,0,2016,해운대로143번길,detatched_multiFamily
부산광역시 해운대구 재송동,1***,월세,24.46,4000,5,2010,해운대로153번길,detatched_multiFamily
부산광역시 해운대구 재송동,1***,전세,24.98,11000,0,2019,,detatched_multiFamily
부산광역시 해운대구 재송동,1***,월세,25,500,25,1988,재송1로31번길,detatched_multiFamily
부산광역시 해운대구 재송동,1***,전세,25,5500,0,2017,해운대로143번길,detatched_multiFamily
부산광역시 해운대구 재송동,1***,전세,25.2,1500,0,1994,재반로64번가길,detatched_multiFamily
부산광역시 해운대구 재송동,1***,월세,26,300,28,2011,해운대로143번길,detatched_multiFamily
부산광역시 해운대구 재송동,1***,전세,26,7500,0,2017,해운대로143번길,detatched_multiFamily
부산광역시 해운대구 재송동,1***,전세,26,7500,0,2017,,detatched_multiFamily
부산광역시 해운대구 재송동,1***,전세,26,7500,0,2017,해운대로143번길,detatched_multiFamily
부산광역시 해운대구 재송동,1***,전세,26,7500,0,2017,,detatched_multiFamily
부산광역시 해운대구 재송동,1***,전세,27,2000,0,1991,재반로,detatched_multiFamily
부산광역시 해운대구 재송동,1***,월세,27.36,1000,28,2001,재송2로28번가길,detatched_multiFamily
부산광역시 해운대구 재송동,1***,전세,27.36,1000,0,2001,재송2로28번가길,detatched_multiFamily
부산광역시 해운대구 재송동,1***,월세,27.62,384,8,2012,재송2로23번길,detatched_multiFamily
부산광역시 해운대구 재송동,1***,월세,28,500,26,2010,해운대로143번길,detatched_multiFamily
부산광역시 해운대구 재송동,1***,월세,29.75,300,46,2012,해운대로153번길,detatched_multiFamily
부산광역시 해운대구 재송동,1***,전세,29.82,7850,0,,,detatched_multiFamily
부산광역시 해운대구 재송동,1***,월세,30,300,45,2016,해운대로143번길,detatched_multiFamily
부산광역시 해운대구 재송동,1***,월세,30.4,800,25,1988,재반로,detatched_multiFamily
부산광역시 해운대구 재송동,4**,월세,30.4,500,55,2017,재반로27번길,detatched_multiFamily
부산광역시 해운대구 재송동,4**,월세,30.4,500,55,2017,재반로27번길,detatched_multiFamily
부산광역시 해운대구 재송동,1***,월세,33,1000,20,1986,재송1로38번길,detatched_multiFamily
부산광역시 해운대구 재송동,1***,월세,33,200,18,1987,재반로64번가길,detatched_multiFamily
부산광역시 해운대구 재송동,5**,월세,33,300,25,1991,재반로,detatched_multiFamily
부산광역시 해운대구 재송동,1***,월세,33,500,20,1990,해운대로81번길,detatched_multiFamily
부산광역시 해운대구 재송동,1***,월세,33,1300,21,1987,재반로64번가길,detatched_multiFamily
부산광역시 해운대구 재송동,1***,월세,33.05,300,17,1988,재반로125번가길,detatched_multiFamily
부산광역시 해운대구 재송동,1***,전세,33.06,2000,0,1988,재송2로,detatched_multiFamily
부산광역시 해운대구 재송동,1***,전세,33.06,2000,0,1990,재송2로89번길,detatched_multiFamily
부산광역시 해운대구 재송동,1***,전세,35.28,5000,0,2011,재반로103번가길,detatched_multiFamily
부산광역시 해운대구 재송동,1***,월세,35.64,300,30,2014,해운대로143번길,detatched_multiFamily
부산광역시 해운대구 재송동,1***,월세,36,500,65,2011,해운대로143번길,detatched_multiFamily
부산광역시 해운대구 재송동,1***,월세,36.36,1000,36,,재송1로14번길,detatched_multiFamily
부산광역시 해운대구 재송동,1***,전세,36.36,3000,0,1988,재반로103번가길,detatched_multiFamily
부산광역시 해운대구 재송동,1***,전세,38.2,3000,0,1988,재송1로46번길,detatched_multiFamily
부산광역시 해운대구 재송동,2**,월세,39.18,10000,20,1981,재송1로,detatched_multiFamily
부산광역시 해운대구 재송동,1***,전세,39.67,3500,0,1993,재반로125번가길,detatched_multiFamily
부산광역시 해운대구 재송동,5**,월세,40,1000,15,1991,재반로,detatched_multiFamily
부산광역시 해운대구 재송동,1***,전세,40,6000,0,1990,재반로,detatched_multiFamily
부산광역시 해운대구 재송동,1***,전세,40,6000,0,1990,재반로,detatched_multiFamily
부산광역시 해운대구 재송동,5**,전세,40,9000,0,1989,재반로,detatched_multiFamily
부산광역시 해운대구 재송동,5**,전세,40,9000,0,1989,재반로,detatched_multiFamily
부산광역시 해운대구 재송동,4**,전세,40,4000,0,2017,재반로11번길,detatched_multiFamily
부산광역시 해운대구 재송동,1***,전세,41,3000,0,1990,재반로,detatched_multiFamily
부산광역시 해운대구 재송동,1***,전세,42.97,3000,0,1989,해운대로81번길,detatched_multiFamily
부산광역시 해운대구 재송동,1***,월세,42.98,500,19,1991,재반로165번길,detatched_multiFamily
부산광역시 해운대구 재송동,1***,월세,43,1000,30,1990,재반로118번길,detatched_multiFamily
부산광역시 해운대구 재송동,1***,전세,43.55,4300,0,1994,재반로64번가길,detatched_multiFamily
부산광역시 해운대구 재송동,1***,월세,44,100,15,1989,재반로103번가길,detatched_multiFamily
부산광역시 해운대구 재송동,1***,월세,45,50,15,1983,재송1로,detatched_multiFamily
부산광역시 해운대구 재송동,1***,월세,45,500,55,2011,해운대로143번길,detatched_multiFamily
부산광역시 해운대구 재송동,1***,월세,45.9,2000,40,1991,재반로132번길,detatched_multiFamily
부산광역시 해운대구 재송동,5**,전세,45.9,10000,0,2006,재반로,detatched_multiFamily
부산광역시 해운대구 재송동,1**,월세,45.95,1000,25,1989,재반로50번길,detatched_multiFamily
부산광역시 해운대구 재송동,1***,월세,46.28,500,20,1990,재반로,detatched_multiFamily
부산광역시 해운대구 재송동,1***,전세,46.61,1164,0,2008,재반로,detatched_multiFamily
부산광역시 해운대구 재송동,1***,월세,48,500,25,1988,해운대로81번가길,detatched_multiFamily
부산광역시 해운대구 재송동,1***,월세,48,1000,25,1992,재반로104번길,detatched_multiFamily
부산광역시 해운대구 재송동,1***,전세,48,3500,0,1987,재반로125번길,detatched_multiFamily
부산광역시 해운대구 재송동,1***,월세,48.5,1000,20,1984,재송1로45번길,detatched_multiFamily
부산광역시 해운대구 재송동,1***,월세,48.85,1000,25,1989,재반로64번다길,detatched_multiFamily
부산광역시 해운대구 재송동,1**,월세,49.49,300,20,1992,재반로,detatched_multiFamily
부산광역시 해운대구 재송동,1***,월세,49.5,300,23,1995,재반로,detatched_multiFamily
부산광역시 해운대구 재송동,1***,월세,49.58,500,20,1992,재송2로,detatched_multiFamily
부산광역시 해운대구 재송동,1***,월세,49.59,2000,10,1988,재반로,detatched_multiFamily
부산광역시 해운대구 재송동,1***,전세,49.92,7000,0,1988,재송1로31번길,detatched_multiFamily
부산광역시 해운대구 재송동,1***,전세,49.96,13000,0,,,detatched_multiFamily
부산광역시 해운대구 재송동,1***,월세,50,2000,50,1992,재송2로,detatched_multiFamily
부산광역시 해운대구 재송동,1***,월세,50,400,21,1988,재반로,detatched_multiFamily
부산광역시 해운대구 재송동,1***,월세,50,500,20,1989,재반로125번가길,detatched_multiFamily
부산광역시 해운대구 재송동,2**,전세,50,3500,0,1988,재반로64번길,detatched_multiFamily
부산광역시 해운대구 재송동,1***,월세,50.1,1000,29,,재반로64번다길,detatched_multiFamily
부산광역시 해운대구 재송동,1***,월세,52.23,1000,25,1984,재송1로31번길,detatched_multiFamily
부산광역시 해운대구 재송동,4**,전세,52.68,8000,0,1994,해운대로177번길,detatched_multiFamily
부산광역시 해운대구 재송동,1***,전세,52.89,8000,0,1985,재반로64번나길,detatched_multiFamily
부산광역시 해운대구 재송동,1***,월세,52.9,350,10,1991,재송2로23번길,detatched_multiFamily
부산광역시 해운대구 재송동,1***,월세,55.98,1000,52,1985,해운대로89번길,detatched_multiFamily
부산광역시 해운대구 재송동,1***,월세,59,1000,30,1996,해운대로153번길,detatched_multiFamily
부산광역시 해운대구 재송동,1**,월세,59.5,800,20,1985,해운대로91번길,detatched_multiFamily
부산광역시 해운대구 재송동,1***,월세,59.88,6500,10,1985,해운대로89번길,detatched_multiFamily
부산광역시 해운대구 재송동,1***,월세,60.3,500,40,1989,해운대로81번가길,detatched_multiFamily
부산광역시 해운대구 재송동,1***,월세,60.3,3000,40,1984,재반로64번가길,detatched_multiFamily
부산광역시 해운대구 재송동,1***,월세,60.6,2000,50,1992,재반로104번길,detatched_multiFamily
부산광역시 해운대구 재송동,1***,월세,60.96,4000,29,1989,재송1로31번길,detatched_multiFamily
부산광역시 해운대구 재송동,1***,전세,62.75,12000,0,2021,재송2로28번길,detatched_multiFamily
부산광역시 해운대구 재송동,1***,전세,63.63,8000,0,1987,재반로103번길,detatched_multiFamily
부산광역시 해운대구 재송동,5**,월세,63.92,1000,30,1985,해운대로,detatched_multiFamily
부산광역시 해운대구 재송동,1***,월세,64.74,2000,38,1989,재반로103번가길,detatched_multiFamily
부산광역시 해운대구 재송동,1***,전세,65.13,4500,0,1991,재반로112번길,detatched_multiFamily
부산광역시 해운대구 재송동,1***,전세,65.7,8000,0,1994,재반로,detatched_multiFamily
부산광역시 해운대구 재송동,1***,전세,65.7,10000,0,1994,재반로,detatched_multiFamily
부산광역시 해운대구 재송동,1***,전세,65.7,10000,0,1994,재반로,detatched_multiFamily
부산광역시 해운대구 재송동,1***,전세,65.74,9000,0,1985,재송1로32번길,detatched_multiFamily
부산광역시 해운대구 재송동,1***,월세,66.06,2000,20,1989,재반로,detatched_multiFamily
부산광역시 해운대구 재송동,4**,전세,66.12,7000,0,1979,재반로,detatched_multiFamily
부산광역시 해운대구 재송동,4**,전세,66.12,7000,0,1979,재반로,detatched_multiFamily
부산광역시 해운대구 재송동,1***,월세,66.85,2000,40,1991,재반로165번길,detatched_multiFamily
부산광역시 해운대구 재송동,1***,월세,67.41,5000,20,1987,재송1로31번길,detatched_multiFamily
부산광역시 해운대구 재송동,1***,전세,70.05,10000,0,1984,재반로64번가길,detatched_multiFamily
부산광역시 해운대구 재송동,1***,월세,71.7,2000,40,1986,재반로104번길,detatched_multiFamily
부산광역시 해운대구 재송동,1***,전세,72.26,10000,0,1989,재송2로23번길,detatched_multiFamily
부산광역시 해운대구 재송동,1***,월세,74,2000,25,1993,해운대로123번길,detatched_multiFamily
부산광역시 해운대구 재송동,1***,월세,75.26,4000,30,1986,재반로64번가길,detatched_multiFamily
부산광역시 해운대구 재송동,1***,월세,77.58,2000,42,1987,재반로125번가길,detatched_multiFamily
부산광역시 해운대구 재송동,1***,월세,77.76,1500,50,1986,재반로104번길,detatched_multiFamily
부산광역시 해운대구 재송동,1***,월세,82.26,2000,15,1990,재반로64번길,detatched_multiFamily
부산광역시 해운대구 재송동,4**,월세,82.6,3000,25,2017,재반로11번길,detatched_multiFamily
부산광역시 해운대구 재송동,2**,월세,83.2,2000,40,1994,재송1로,detatched_multiFamily
부산광역시 해운대구 재송동,1***,월세,83.79,8000,20,1991,,detatched_multiFamily
부산광역시 해운대구 재송동,1***,전세,83.79,10000,0,1991,재송2로23번길,detatched_multiFamily
부산광역시 해운대구 재송동,1***,전세,85,12000,0,1992,재반로,detatched_multiFamily
부산광역시 해운대구 재송동,1***,월세,85.56,1000,45,1990,재반로125번길,detatched_multiFamily
부산광역시 해운대구 재송동,1***,월세,85.71,3000,50,1991,재반로132번길,detatched_multiFamily
부산광역시 해운대구 재송동,1***,월세,87.62,3000,38,1991,재반로118번길,detatched_multiFamily
부산광역시 해운대구 재송동,1***,월세,88.21,500,30,2016,,detatched_multiFamily
부산광역시 해운대구 재송동,2**,전세,88.25,4000,0,1991,해운대로91번길,detatched_multiFamily
부산광역시 해운대구 재송동,2**,월세,88.3,3000,20,1991,해운대로91번길,detatched_multiFamily
부산광역시 해운대구 재송동,1**,월세,88.92,100,28,2003,재반로30번길,detatched_multiFamily
부산광역시 해운대구 재송동,1***,월세,91,3000,40,1986,재송1로38번길,detatched_multiFamily
부산광역시 해운대구 재송동,1***,월세,93.8,4000,50,1993,재송1로20번길,detatched_multiFamily
부산광역시 해운대구 재송동,1***,월세,95.49,100,35,2010,해운대로81번길,detatched_multiFamily
부산광역시 해운대구 재송동,1***,전세,96,6000,0,1993,재반로118번길,detatched_multiFamily
부산광역시 해운대구 재송동,1***,월세,96.44,300,32,2011,재반로103번가길,detatched_multiFamily
부산광역시 해운대구 재송동,1***,전세,98.69,7000,0,1995,재반로118번길,detatched_multiFamily
부산광역시 해운대구 재송동,1***,월세,99.35,500,25,1987,재송1로38번길,detatched_multiFamily
부산광역시 해운대구 재송동,1***,월세,99.78,500,30,2015,재반로132번길,detatched_multiFamily
부산광역시 해운대구 재송동,4**,월세,99.85,1000,50,2017,재반로11번길,detatched_multiFamily
부산광역시 해운대구 재송동,1***,월세,100,2500,50,1985,재송1로31번길,detatched_multiFamily
부산광역시 해운대구 재송동,1***,월세,101.88,1000,24,1991,재반로152번길,detatched_multiFamily
부산광역시 해운대구 재송동,1***,월세,109.27,4000,10,1992,재반로112번길,detatched_multiFamily
부산광역시 해운대구 재송동,1***,월세,111.43,2000,25,2014,해운대로143번길,detatched_multiFamily
부산광역시 해운대구 재송동,4**,전세,114.06,25000,0,2020,재반로11번길,detatched_multiFamily
부산광역시 해운대구 재송동,4**,전세,114.06,25000,0,2020,재반로11번길,detatched_multiFamily
부산광역시 해운대구 재송동,1***,월세,116,4500,5,1989,재반로165번길,detatched_multiFamily
부산광역시 해운대구 재송동,1***,월세,116.04,2000,40,1989,재송2로11번길,detatched_multiFamily
부산광역시 해운대구 재송동,1***,월세,132.84,2000,50,1992,재반로,detatched_multiFamily
부산광역시 해운대구 재송동,1***,월세,137.1,2000,35,1984,해운대로161번길,detatched_multiFamily
부산광역시 해운대구 재송동,1***,월세,157.19,5000,10,1984,재송1로46번길,detatched_multiFamily
부산광역시 해운대구 좌동,1***,월세,46.28,2500,50,1997,대천로106번길,detatched_multiFamily
부산광역시 해운대구 좌동,1***,월세,49.25,3000,70,2000,좌동순환로15번길,detatched_multiFamily
부산광역시 해운대구 좌동,8**,월세,56,2000,35,1994,양운로,detatched_multiFamily
부산광역시 해운대구 좌동,1***,전세,64.86,15000,0,2013,대천로106번길,detatched_multiFamily
부산광역시 해운대구 좌동,1***,전세,67.82,11000,0,1997,대천로106번길,detatched_multiFamily
부산광역시 해운대구 좌동,1***,월세,75.87,1000,57,2006,좌동순환로15번길,detatched_multiFamily
부산광역시 해운대구 좌동,1***,전세,77.16,17000,0,2002,좌동순환로15번길,detatched_multiFamily
부산광역시 해운대구 좌동,1***,전세,83.07,18000,0,2006,좌동순환로15번길,detatched_multiFamily
부산광역시 해운대구 좌동,1***,월세,86.24,3000,80,2004,좌동순환로15번길,detatched_multiFamily
부산광역시 해운대구 좌동,1***,월세,90.31,1000,50,1997,대천로106번길,detatched_multiFamily
부산광역시 해운대구 좌동,9**,월세,91.68,5000,20,2002,좌동로91번길,detatched_multiFamily
부산광역시 해운대구 좌동,1***,월세,93.62,2000,70,1997,좌동순환로15번길,detatched_multiFamily
부산광역시 해운대구 중동,7**,월세,20,200,35,2011,좌동순환로468번가길,detatched_multiFamily
부산광역시 해운대구 중동,8**,월세,21.15,300,33,2011,좌동순환로468번나길,detatched_multiFamily
부산광역시 해운대구 중동,1***,월세,23.1,500,20,1991,좌동순환로433번길,detatched_multiFamily
부산광역시 해운대구 중동,1***,전세,27.95,4000,0,2010,달맞이길117번다길,detatched_multiFamily
부산광역시 해운대구 중동,1***,전세,27.95,4000,0,2010,달맞이길117번다길,detatched_multiFamily
부산광역시 해운대구 중동,1***,월세,28.64,300,35,2010,달맞이길117번다길,detatched_multiFamily
부산광역시 해운대구 중동,7**,월세,31.83,3000,30,1990,좌동순환로468번길,detatched_multiFamily
부산광역시 해운대구 중동,7**,월세,33,500,20,1992,좌동순환로468번다길,detatched_multiFamily
부산광역시 해운대구 중동,7**,월세,40,1000,30,1992,좌동순환로468번길,detatched_multiFamily
부산광역시 해운대구 중동,8**,월세,40,1000,30,1991,좌동순환로468번가길,detatched_multiFamily
부산광역시 해운대구 중동,7**,전세,40.46,3000,0,1993,좌동순환로468번다길,detatched_multiFamily
부산광역시 해운대구 중동,8**,전세,41.48,10000,0,2011,좌동순환로468번나길,detatched_multiFamily
부산광역시 해운대구 중동,8**,월세,42.53,500,50,1988,좌동순환로468번나길,detatched_multiFamily
부산광역시 해운대구 중동,1***,월세,43,1000,35,1972,중동2로10번길,detatched_multiFamily
부산광역시 해운대구 중동,8**,월세,43.2,5000,13,1988,좌동순환로446번길,detatched_multiFamily
부산광역시 해운대구 중동,8**,전세,43.21,5900,0,1992,좌동순환로468번다길,detatched_multiFamily
부산광역시 해운대구 중동,7**,월세,45,1000,35,1992,좌동순환로468번길,detatched_multiFamily
부산광역시 해운대구 중동,7**,월세,45,300,57,1991,좌동순환로468번다길,detatched_multiFamily
부산광역시 해운대구 중동,8**,전세,45,2500,0,1992,좌동순환로468번다길,detatched_multiFamily
부산광역시 해운대구 중동,8**,월세,45.99,3000,25,1988,좌동순환로446번길,detatched_multiFamily
부산광역시 해운대구 중동,8**,월세,51.41,2000,30,,좌동순환로468번가길,detatched_multiFamily
부산광역시 해운대구 중동,4**,월세,55,2500,40,1989,청사포로,detatched_multiFamily
부산광역시 해운대구 중동,7**,월세,57.44,500,45,1991,좌동순환로468번길,detatched_multiFamily
부산광역시 해운대구 중동,8**,월세,60,9000,10,1989,좌동순환로468번가길,detatched_multiFamily
부산광역시 해운대구 중동,8**,월세,60.48,5000,15,1997,좌동순환로468번나길,detatched_multiFamily
부산광역시 해운대구 중동,1**,전세,62.15,6000,0,2014,좌동순환로8번길,detatched_multiFamily
부산광역시 해운대구 중동,1**,전세,62.15,5000,0,,좌동순환로8번길,detatched_multiFamily
부산광역시 해운대구 중동,9**,전세,64.16,5000,0,1985,좌동순환로446번길,detatched_multiFamily
부산광역시 해운대구 중동,8**,월세,65.4,3000,10,1997,좌동순환로468번나길,detatched_multiFamily
부산광역시 해운대구 중동,1***,전세,72.25,10000,0,,,detatched_multiFamily
부산광역시 해운대구 중동,8**,월세,77.22,300,19,1990,좌동순환로468번길,detatched_multiFamily
부산광역시 해운대구 중동,8**,월세,77.47,1000,28,1990,좌동순환로468번다길,detatched_multiFamily
부산광역시 해운대구 중동,8**,전세,79.92,12000,0,1988,좌동순환로446번길,detatched_multiFamily
부산광역시 해운대구 중동,7**,월세,83.35,2000,5,1991,좌동순환로468번길,detatched_multiFamily
부산광역시 해운대구 중동,7**,월세,87.89,5000,42,1992,좌동순환로412번길,detatched_multiFamily
부산광역시 해운대구 중동,7**,월세,104.74,300,40,,좌동순환로468번다길,detatched_multiFamily
부산광역시 해운대구 중동,7**,월세,121,1000,20,1986,좌동순환로468번다길,detatched_multiFamily
부산광역시 해운대구 중동,8**,전세,168.31,22000,0,2019,좌동순환로468번다길,detatched_multiFamily
